{
  "Live": 35360160.0,
  "Minute": 35360160.0,
  "Minute_Fluctuation": 0.0,
  "Minute_5": 35360160.0,
  "Minute_5_Fluctuation": 0.0,
  "Minute_10": 35360160.0,
  "Minute_10_Fluctuation": 0.0,
  "Hour": 35360160.0,
  "Hour_Fluctuation": 0.0,
  "Day": 35360160.0,
  "Day_Fluctuation": 0.0,
  "Week": 35360160.0,
  "Week_Fluctuation": 0.243007082227792,
  "Updated": "2018-07-27T17:50:23.7962012Z"
}
