{
  "Live": 132488200.0,
  "Minute": 132488200.0,
  "Minute_Fluctuation": 0.0,
  "Minute_5": 132488200.0,
  "Minute_5_Fluctuation": 0.0,
  "Minute_10": 132488200.0,
  "Minute_10_Fluctuation": 0.0,
  "Hour": 132488200.0,
  "Hour_Fluctuation": 0.0,
  "Day": 132488200.0,
  "Day_Fluctuation": 0.035026891049597685,
  "Week": 132488200.0,
  "Week_Fluctuation": 0.35104144878985211,
  "Updated": "2018-07-27T17:50:23.7239133Z"
}
