{
  "Live": 2613103930.0,
  "Minute": 2613103930.0,
  "Minute_Fluctuation": 0.0,
  "Minute_5": 2613103930.0,
  "Minute_5_Fluctuation": 0.0,
  "Minute_10": 2613103930.0,
  "Minute_10_Fluctuation": 0.0,
  "Hour": 2613103930.0,
  "Hour_Fluctuation": 0.0,
  "Day": 2613103930.0,
  "Day_Fluctuation": 0.0,
  "Week": 2613103930.0,
  "Week_Fluctuation": 0.24249807620100303,
  "Updated": "2018-07-27T17:50:23.6584899Z"
}
