{
  "Live": 411040236.767625,
  "Minute": 411040236.767625,
  "Minute_Fluctuation": 0.0,
  "Minute_5": 411040236.767625,
  "Minute_5_Fluctuation": 0.0,
  "Minute_10": 411040236.767625,
  "Minute_10_Fluctuation": 0.0,
  "Hour": 411040236.767625,
  "Hour_Fluctuation": 0.0,
  "Day": 410854748.225478,
  "Day_Fluctuation": 0.0022591295528698874,
  "Week": 411040236.767625,
  "Week_Fluctuation": 0.24633612232930832,
  "Updated": "2018-07-27T17:50:23.7776181Z"
}
