{
  "Live": 25191516.911868,
  "Minute": 25191516.911868,
  "Minute_Fluctuation": 0.0,
  "Minute_5": 25191516.911868,
  "Minute_5_Fluctuation": 0.0,
  "Minute_10": 25191516.911868,
  "Minute_10_Fluctuation": 0.0,
  "Hour": 25191516.911868,
  "Hour_Fluctuation": 0.0,
  "Day": 25270457.9193316,
  "Day_Fluctuation": 0.026191215157983932,
  "Week": 25191516.911868,
  "Week_Fluctuation": 0.25630576287196083,
  "Updated": "2018-07-27T17:50:23.8673611Z"
}
