{
  "Live": 619478040.0,
  "Minute": 619478040.0,
  "Minute_Fluctuation": 0.0,
  "Minute_5": 619478040.0,
  "Minute_5_Fluctuation": 0.0,
  "Minute_10": 619478040.0,
  "Minute_10_Fluctuation": 0.0,
  "Hour": 619478040.0,
  "Hour_Fluctuation": 0.0,
  "Day": 619478040.0,
  "Day_Fluctuation": 0.0,
  "Week": 619478040.0,
  "Week_Fluctuation": 0.23889227872914151,
  "Updated": "2018-07-27T17:50:23.929832Z"
}
