{
  "Live": 50448210.0,
  "Minute": 50448210.0,
  "Minute_Fluctuation": 0.0,
  "Minute_5": 50448210.0,
  "Minute_5_Fluctuation": 0.0,
  "Minute_10": 50448210.0,
  "Minute_10_Fluctuation": 0.0,
  "Hour": 50448210.0,
  "Hour_Fluctuation": 0.0,
  "Day": 50448210.0,
  "Day_Fluctuation": 0.0,
  "Week": 50448210.0,
  "Week_Fluctuation": 0.244584939066458,
  "Updated": "2018-07-27T17:50:23.8901268Z"
}
