{
  "Live": 530172620.0,
  "Minute": 530172620.0,
  "Minute_Fluctuation": 0.0,
  "Minute_5": 530172620.0,
  "Minute_5_Fluctuation": 0.0,
  "Minute_10": 530172620.0,
  "Minute_10_Fluctuation": 0.0,
  "Hour": 530172620.0,
  "Hour_Fluctuation": 0.0,
  "Day": 530172620.0,
  "Day_Fluctuation": 0.0,
  "Week": 530172620.0,
  "Week_Fluctuation": 0.2395622017989068,
  "Updated": "2018-07-27T17:50:23.6991677Z"
}
