{
  "Live": 33863430.173016,
  "Minute": 33863430.173016,
  "Minute_Fluctuation": 0.0,
  "Minute_5": 33863430.173016,
  "Minute_5_Fluctuation": 0.0,
  "Minute_10": 33863430.173016,
  "Minute_10_Fluctuation": 0.0,
  "Hour": 33898405.2917092,
  "Hour_Fluctuation": 0.0029716570569854792,
  "Day": 32202777.4416531,
  "Day_Fluctuation": 0.14476514674888263,
  "Week": 33863430.173016,
  "Week_Fluctuation": 0.29094935580581255,
  "Updated": "2018-07-27T17:50:23.8590273Z"
}
