{
  "Live": 1561643140.0,
  "Minute": 1561643140.0,
  "Minute_Fluctuation": 0.0,
  "Minute_5": 1561643140.0,
  "Minute_5_Fluctuation": 0.0,
  "Minute_10": 1561643140.0,
  "Minute_10_Fluctuation": 0.0,
  "Hour": 1561643140.0,
  "Hour_Fluctuation": 0.0,
  "Day": 1561643140.0,
  "Day_Fluctuation": 0.0,
  "Week": 1561643140.0,
  "Week_Fluctuation": 0.23872742988929177,
  "Updated": "2018-07-27T17:50:23.9782416Z"
}
