{
  "Live": 46916955.3660899,
  "Minute": 46916955.3660899,
  "Minute_Fluctuation": 0.0,
  "Minute_5": 46916955.3660899,
  "Minute_5_Fluctuation": 0.0,
  "Minute_10": 46916955.3660899,
  "Minute_10_Fluctuation": 0.0,
  "Hour": 46916955.3660899,
  "Hour_Fluctuation": 0.0,
  "Day": 47059010.606926,
  "Day_Fluctuation": 0.0090517076788126441,
  "Week": 46916955.3660899,
  "Week_Fluctuation": 0.24811075313957967,
  "Updated": "2018-07-27T17:50:23.7510066Z"
}
