{
  "Live": 73053850.0,
  "Minute": 73053850.0,
  "Minute_Fluctuation": 0.0,
  "Minute_5": 73053850.0,
  "Minute_5_Fluctuation": 0.0,
  "Minute_10": 73053850.0,
  "Minute_10_Fluctuation": 0.0,
  "Hour": 73053850.0,
  "Hour_Fluctuation": 0.0,
  "Day": 73053850.0,
  "Day_Fluctuation": 0.081588299977456383,
  "Week": 73053850.0,
  "Week_Fluctuation": 0.3941994996572406,
  "Updated": "2018-07-27T17:50:23.4891417Z"
}
