{
  "Live": 94972520.0,
  "Minute": 94972520.0,
  "Minute_Fluctuation": 0.0,
  "Minute_5": 94972520.0,
  "Minute_5_Fluctuation": 0.0,
  "Minute_10": 94972520.0,
  "Minute_10_Fluctuation": 0.0,
  "Hour": 94972520.0,
  "Hour_Fluctuation": 0.0,
  "Day": 94972520.0,
  "Day_Fluctuation": 0.0,
  "Week": 94972520.0,
  "Week_Fluctuation": 0.239058237851389,
  "Updated": "2018-07-27T17:50:23.6261378Z"
}
