{
  "Live": 19228470.0,
  "Minute": 19228470.0,
  "Minute_Fluctuation": 0.0,
  "Minute_5": 19228470.0,
  "Minute_5_Fluctuation": 0.0,
  "Minute_10": 19228470.0,
  "Minute_10_Fluctuation": 0.0,
  "Hour": 19228470.0,
  "Hour_Fluctuation": 0.0,
  "Day": 19228470.0,
  "Day_Fluctuation": 0.0,
  "Week": 19228470.0,
  "Week_Fluctuation": 0.24233059158743128,
  "Updated": "2018-07-27T17:50:23.8122499Z"
}
