{
  "Live": 47330840.0,
  "Minute": 47330840.0,
  "Minute_Fluctuation": 0.0,
  "Minute_5": 47330840.0,
  "Minute_5_Fluctuation": 0.0,
  "Minute_10": 47330840.0,
  "Minute_10_Fluctuation": 0.0,
  "Hour": 47330840.0,
  "Hour_Fluctuation": 0.0,
  "Day": 47330840.0,
  "Day_Fluctuation": 0.0,
  "Week": 47330840.0,
  "Week_Fluctuation": 0.24039319281875896,
  "Updated": "2018-07-27T17:50:23.8830003Z"
}
