{
  "Live": 4751459250.0,
  "Minute": 4751459250.0,
  "Minute_Fluctuation": 0.0,
  "Minute_5": 4751459250.0,
  "Minute_5_Fluctuation": 0.0,
  "Minute_10": 4751459250.0,
  "Minute_10_Fluctuation": 0.0,
  "Hour": 4751459250.0,
  "Hour_Fluctuation": 0.0,
  "Day": 4751459250.0,
  "Day_Fluctuation": 0.031632644711369652,
  "Week": 4751459250.0,
  "Week_Fluctuation": 0.34620916989421274,
  "Updated": "2018-07-27T17:50:23.8757204Z"
}
