{
  "Live": 415884140.0,
  "Minute": 415884140.0,
  "Minute_Fluctuation": 0.0,
  "Minute_5": 415884140.0,
  "Minute_5_Fluctuation": 0.0,
  "Minute_10": 415884140.0,
  "Minute_10_Fluctuation": 0.0,
  "Hour": 415884140.0,
  "Hour_Fluctuation": 0.0,
  "Day": 415884140.0,
  "Day_Fluctuation": 0.030765145331139797,
  "Week": 415884140.0,
  "Week_Fluctuation": 0.3448403467533564,
  "Updated": "2018-07-27T17:50:23.733564Z"
}
