{
  "Live": 828713765.534185,
  "Minute": 828713765.534185,
  "Minute_Fluctuation": 0.0,
  "Minute_5": 828713765.534185,
  "Minute_5_Fluctuation": 0.0,
  "Minute_10": 828713765.534185,
  "Minute_10_Fluctuation": 0.0,
  "Hour": 828557970.35694,
  "Hour_Fluctuation": 0.0017506572922080567,
  "Day": 825937592.018264,
  "Day_Fluctuation": 0.01285056104861552,
  "Week": 828713765.534185,
  "Week_Fluctuation": 0.29096994518979635,
  "Updated": "2018-07-27T17:50:23.7417194Z"
}
