{
  "Live": 37579540.0,
  "Minute": 37579540.0,
  "Minute_Fluctuation": 0.0,
  "Minute_5": 37579540.0,
  "Minute_5_Fluctuation": 0.0,
  "Minute_10": 37579540.0,
  "Minute_10_Fluctuation": 0.0,
  "Hour": 37579540.0,
  "Hour_Fluctuation": 0.0,
  "Day": 37579540.0,
  "Day_Fluctuation": 0.0,
  "Week": 37579540.0,
  "Week_Fluctuation": 0.24317965451090975,
  "Updated": "2018-07-27T17:50:23.7608688Z"
}
