{
  "Live": 82365930.0,
  "Minute": 82365930.0,
  "Minute_Fluctuation": 0.0,
  "Minute_5": 82365930.0,
  "Minute_5_Fluctuation": 0.0,
  "Minute_10": 82365930.0,
  "Minute_10_Fluctuation": 0.0,
  "Hour": 82365930.0,
  "Hour_Fluctuation": 0.0,
  "Day": 82365930.0,
  "Day_Fluctuation": 0.0,
  "Week": 82365930.0,
  "Week_Fluctuation": 0.24378407906916941,
  "Updated": "2018-07-27T17:50:23.6185354Z"
}
