{
  "Live": 49711970.0,
  "Minute": 49711970.0,
  "Minute_Fluctuation": 0.0,
  "Minute_5": 49711970.0,
  "Minute_5_Fluctuation": 0.0,
  "Minute_10": 49711970.0,
  "Minute_10_Fluctuation": 0.0,
  "Hour": 49711970.0,
  "Hour_Fluctuation": 0.0,
  "Day": 49711970.0,
  "Day_Fluctuation": 0.0,
  "Week": 49711970.0,
  "Week_Fluctuation": 0.24157824887367785,
  "Updated": "2018-07-27T17:50:23.8278973Z"
}
