{
  "Live": 1543835380.0,
  "Minute": 1543835380.0,
  "Minute_Fluctuation": 0.0,
  "Minute_5": 1543835380.0,
  "Minute_5_Fluctuation": 0.0,
  "Minute_10": 1543835380.0,
  "Minute_10_Fluctuation": 0.0,
  "Hour": 1543835380.0,
  "Hour_Fluctuation": 0.0,
  "Day": 1543835380.0,
  "Day_Fluctuation": 0.0,
  "Week": 1543835380.0,
  "Week_Fluctuation": 0.23756202748828956,
  "Updated": "2018-07-27T17:50:23.9866611Z"
}
