{
  "Live": 2618374030.0,
  "Minute": 2618374030.0,
  "Minute_Fluctuation": 0.0,
  "Minute_5": 2618374030.0,
  "Minute_5_Fluctuation": 0.0,
  "Minute_10": 2618374030.0,
  "Minute_10_Fluctuation": 0.0,
  "Hour": 2618374030.0,
  "Hour_Fluctuation": 0.0,
  "Day": 2618374030.0,
  "Day_Fluctuation": 0.0,
  "Week": 2618374030.0,
  "Week_Fluctuation": 0.24174867843712516,
  "Updated": "2018-07-27T17:50:23.6831326Z"
}
