{
  "Live": 80220080.0,
  "Minute": 80220080.0,
  "Minute_Fluctuation": 0.0,
  "Minute_5": 80220080.0,
  "Minute_5_Fluctuation": 0.0,
  "Minute_10": 80220080.0,
  "Minute_10_Fluctuation": 0.0,
  "Hour": 80220080.0,
  "Hour_Fluctuation": 0.0,
  "Day": 80220080.0,
  "Day_Fluctuation": 0.0,
  "Week": 80220080.0,
  "Week_Fluctuation": 0.24104988264566687,
  "Updated": "2018-07-27T17:50:23.6100778Z"
}
