{
  "Live": 2616292211.88131,
  "Minute": 2616292211.88131,
  "Minute_Fluctuation": 0.0,
  "Minute_5": 2616292211.88131,
  "Minute_5_Fluctuation": 0.0,
  "Minute_10": 2616292211.88131,
  "Minute_10_Fluctuation": 0.0,
  "Hour": 2616292211.88131,
  "Hour_Fluctuation": 0.0,
  "Day": 2614679550.26112,
  "Day_Fluctuation": 0.0030367572407891757,
  "Week": 2616292211.88131,
  "Week_Fluctuation": 0.2423628158117887,
  "Updated": "2018-07-27T17:50:23.5769954Z"
}
