{
  "Live": 527106380.0,
  "Minute": 527106380.0,
  "Minute_Fluctuation": 0.0,
  "Minute_5": 527106380.0,
  "Minute_5_Fluctuation": 0.0,
  "Minute_10": 527106380.0,
  "Minute_10_Fluctuation": 0.0,
  "Hour": 527106380.0,
  "Hour_Fluctuation": 0.0,
  "Day": 527106380.0,
  "Day_Fluctuation": 0.0,
  "Week": 527106380.0,
  "Week_Fluctuation": 0.24484772856165,
  "Updated": "2018-07-27T17:50:23.6670225Z"
}
