{
  "Live": 19579541770.0,
  "Minute": 19579541770.0,
  "Minute_Fluctuation": 0.0,
  "Minute_5": 19579541770.0,
  "Minute_5_Fluctuation": 0.0,
  "Minute_10": 19579541770.0,
  "Minute_10_Fluctuation": 0.0,
  "Hour": 19579541770.0,
  "Hour_Fluctuation": 0.0,
  "Day": 19579541770.0,
  "Day_Fluctuation": 0.0,
  "Week": 19579541770.0,
  "Week_Fluctuation": 0.23872660404386886,
  "Updated": "2018-07-27T17:50:23.6755069Z"
}
