{
  "Live": 55950520.0,
  "Minute": 55950520.0,
  "Minute_Fluctuation": 0.0,
  "Minute_5": 55950520.0,
  "Minute_5_Fluctuation": 0.0,
  "Minute_10": 55950520.0,
  "Minute_10_Fluctuation": 0.0,
  "Hour": 55950520.0,
  "Hour_Fluctuation": 0.0,
  "Day": 55950520.0,
  "Day_Fluctuation": 0.030885010605037729,
  "Week": 55950520.0,
  "Week_Fluctuation": 0.34503093823252157,
  "Updated": "2018-07-27T17:50:23.8984127Z"
}
