{
  "Live": 70821300.0,
  "Minute": 70821300.0,
  "Minute_Fluctuation": 0.0,
  "Minute_5": 70821300.0,
  "Minute_5_Fluctuation": 0.0,
  "Minute_10": 70821300.0,
  "Minute_10_Fluctuation": 0.0,
  "Hour": 70821300.0,
  "Hour_Fluctuation": 0.0,
  "Day": 70821300.0,
  "Day_Fluctuation": 0.0,
  "Week": 70821300.0,
  "Week_Fluctuation": 0.24344385237394134,
  "Updated": "2018-07-27T17:50:23.5466141Z"
}
