{
  "Live": 236640320.0,
  "Minute": 236640320.0,
  "Minute_Fluctuation": 0.0,
  "Minute_5": 236640320.0,
  "Minute_5_Fluctuation": 0.0,
  "Minute_10": 236640320.0,
  "Minute_10_Fluctuation": 0.0,
  "Hour": 236640320.0,
  "Hour_Fluctuation": 0.0,
  "Day": 236640320.0,
  "Day_Fluctuation": 0.0,
  "Week": 236640320.0,
  "Week_Fluctuation": 0.24642973405733998,
  "Updated": "2018-07-27T17:50:23.5679441Z"
}
