{
  "Live": 1577177775.88542,
  "Minute": 1577177775.88542,
  "Minute_Fluctuation": 0.0,
  "Minute_5": 1577177775.88542,
  "Minute_5_Fluctuation": 0.0,
  "Minute_10": 1577177775.88542,
  "Minute_10_Fluctuation": 0.0,
  "Hour": 1577177775.88542,
  "Hour_Fluctuation": 0.0,
  "Day": 1577177599.40959,
  "Day_Fluctuation": 4.838679049011344E-07,
  "Week": 1577177775.88542,
  "Week_Fluctuation": 0.24424388344620698,
  "Updated": "2018-07-27T17:50:23.5386229Z"
}
