{
  "Live": 208161260.0,
  "Minute": 208161260.0,
  "Minute_Fluctuation": 0.0,
  "Minute_5": 208161260.0,
  "Minute_5_Fluctuation": 0.0,
  "Minute_10": 208161260.0,
  "Minute_10_Fluctuation": 0.0,
  "Hour": 208161260.0,
  "Hour_Fluctuation": 0.0,
  "Day": 208161260.0,
  "Day_Fluctuation": 0.0,
  "Week": 208161260.0,
  "Week_Fluctuation": 0.24409085277420714,
  "Updated": "2018-07-27T17:50:23.8046852Z"
}
