{
  "Live": 51712270.0,
  "Minute": 51712270.0,
  "Minute_Fluctuation": 0.0,
  "Minute_5": 51712270.0,
  "Minute_5_Fluctuation": 0.0,
  "Minute_10": 51712270.0,
  "Minute_10_Fluctuation": 0.0,
  "Hour": 51712270.0,
  "Hour_Fluctuation": 0.0,
  "Day": 51712270.0,
  "Day_Fluctuation": 0.0,
  "Week": 51712270.0,
  "Week_Fluctuation": 0.24393871732090433,
  "Updated": "2018-07-27T17:50:23.9615902Z"
}
