{
  "Live": 630533130.0,
  "Minute": 630533130.0,
  "Minute_Fluctuation": 0.0,
  "Minute_5": 630533130.0,
  "Minute_5_Fluctuation": 0.0,
  "Minute_10": 630533130.0,
  "Minute_10_Fluctuation": 0.0,
  "Hour": 630533130.0,
  "Hour_Fluctuation": 0.0,
  "Day": 630533130.0,
  "Day_Fluctuation": 0.0,
  "Week": 630533130.0,
  "Week_Fluctuation": 0.24141123781161977,
  "Updated": "2018-07-27T17:50:23.8206805Z"
}
