{
  "Live": 76049749.215735,
  "Minute": 76049749.215735,
  "Minute_Fluctuation": 0.0,
  "Minute_5": 76049749.215735,
  "Minute_5_Fluctuation": 0.0,
  "Minute_10": 76049749.215735,
  "Minute_10_Fluctuation": 0.0,
  "Hour": 76049749.215735,
  "Hour_Fluctuation": 0.0,
  "Day": 75964769.4575647,
  "Day_Fluctuation": 0.086810888898571414,
  "Week": 76049749.215735,
  "Week_Fluctuation": 0.39483923225160145,
  "Updated": "2018-07-27T17:50:23.4815294Z"
}
