{
  "Live": 19411241652.8607,
  "Minute": 19411241652.8607,
  "Minute_Fluctuation": 0.0,
  "Minute_5": 19411241652.8607,
  "Minute_5_Fluctuation": 0.0,
  "Minute_10": 19411241652.8607,
  "Minute_10_Fluctuation": 0.0,
  "Hour": 19410737057.5298,
  "Hour_Fluctuation": 0.00021298252986520381,
  "Day": 19407074238.2483,
  "Day_Fluctuation": 0.079026944805955027,
  "Week": 19411241652.8607,
  "Week_Fluctuation": 0.39225578803460615,
  "Updated": "2018-07-27T17:50:23.4966625Z"
}
