{
  "Live": 1054765826.8144,
  "Minute": 1054765826.8144,
  "Minute_Fluctuation": 0.0,
  "Minute_5": 1054765826.8144,
  "Minute_5_Fluctuation": 0.0,
  "Minute_10": 1054765826.8144,
  "Minute_10_Fluctuation": 0.0,
  "Hour": 1055159946.24433,
  "Hour_Fluctuation": 0.0033055202294207694,
  "Day": 1061789926.80858,
  "Day_Fluctuation": 0.0911815125653398,
  "Week": 1054765826.8144,
  "Week_Fluctuation": 0.39577264421065905,
  "Updated": "2018-07-27T17:50:23.4706064Z"
}
