{
  "Live": 221431660.0,
  "Minute": 221431660.0,
  "Minute_Fluctuation": 0.0,
  "Minute_5": 221431660.0,
  "Minute_5_Fluctuation": 0.0,
  "Minute_10": 221431660.0,
  "Minute_10_Fluctuation": 0.0,
  "Hour": 221431660.0,
  "Hour_Fluctuation": 0.0,
  "Day": 221431660.0,
  "Day_Fluctuation": 0.080517511891229354,
  "Week": 221431660.0,
  "Week_Fluctuation": 0.39346959096131512,
  "Updated": "2018-07-27T17:50:23.3814623Z"
}
