{
  "Live": 1662260170.0,
  "Minute": 1662260170.0,
  "Minute_Fluctuation": 0.0,
  "Minute_5": 1662260170.0,
  "Minute_5_Fluctuation": 0.0,
  "Minute_10": 1662260170.0,
  "Minute_10_Fluctuation": 0.0,
  "Hour": 1662260170.0,
  "Hour_Fluctuation": 0.0,
  "Day": 1662260170.0,
  "Day_Fluctuation": 0.0,
  "Week": 1662260170.0,
  "Week_Fluctuation": 0.23722848664202686,
  "Updated": "2018-07-27T17:50:23.9708735Z"
}
