{
  "Live": 2627887400.0,
  "Minute": 2627887400.0,
  "Minute_Fluctuation": 0.0,
  "Minute_5": 2627887400.0,
  "Minute_5_Fluctuation": 0.0,
  "Minute_10": 2627887400.0,
  "Minute_10_Fluctuation": 0.0,
  "Hour": 2627887400.0,
  "Hour_Fluctuation": 0.0,
  "Day": 2627887400.0,
  "Day_Fluctuation": 0.082262759629337032,
  "Week": 2627887400.0,
  "Week_Fluctuation": 0.394653844785871,
  "Updated": "2018-07-27T17:50:23.4624582Z"
}
