{
  "Live": 48536483.29907,
  "Minute": 48536483.29907,
  "Minute_Fluctuation": 0.0,
  "Minute_5": 48536483.29907,
  "Minute_5_Fluctuation": 0.0,
  "Minute_10": 48536483.29907,
  "Minute_10_Fluctuation": 0.0,
  "Hour": 48536483.29907,
  "Hour_Fluctuation": 8.7601203464194879E-07,
  "Day": 48137005.1936057,
  "Day_Fluctuation": 0.033075271728461565,
  "Week": 48536483.29907,
  "Week_Fluctuation": 0.25567939316227811,
  "Updated": "2018-07-27T17:50:23.7877285Z"
}
