{
  "Live": 2617806410.0,
  "Minute": 2617806410.0,
  "Minute_Fluctuation": 0.0,
  "Minute_5": 2617806410.0,
  "Minute_5_Fluctuation": 0.0,
  "Minute_10": 2617806410.0,
  "Minute_10_Fluctuation": 0.0,
  "Hour": 2617806410.0,
  "Hour_Fluctuation": 0.0,
  "Day": 2617806410.0,
  "Day_Fluctuation": 0.0,
  "Week": 2617806410.0,
  "Week_Fluctuation": 0.24072639270098484,
  "Updated": "2018-07-27T17:50:23.5580868Z"
}
