{
  "Live": 66111590.0,
  "Minute": 66111590.0,
  "Minute_Fluctuation": 0.0,
  "Minute_5": 66111590.0,
  "Minute_5_Fluctuation": 0.0,
  "Minute_10": 66111590.0,
  "Minute_10_Fluctuation": 0.0,
  "Hour": 66111590.0,
  "Hour_Fluctuation": 0.0,
  "Day": 66111590.0,
  "Day_Fluctuation": 0.0,
  "Week": 66111590.0,
  "Week_Fluctuation": 0.2402205144356506,
  "Updated": "2018-07-27T17:50:23.6916651Z"
}
