{
  "Live": 150954148.007238,
  "Minute": 150954148.007238,
  "Minute_Fluctuation": 0.0,
  "Minute_5": 150954148.007238,
  "Minute_5_Fluctuation": 0.011744249329485966,
  "Minute_10": 150954148.007238,
  "Minute_10_Fluctuation": 0.5277173205325274,
  "Hour": 129976537.756808,
  "Hour_Fluctuation": 0.23039062562454135,
  "Day": 149633642.119221,
  "Day_Fluctuation": 0.012774264068019755,
  "Week": 150954148.007238,
  "Week_Fluctuation": 0.21476992484762417,
  "Updated": "2018-07-27T17:50:23.9946345Z"
}
