{
  "Live": 110229205.920975,
  "Minute": 110229205.920975,
  "Minute_Fluctuation": 0.0,
  "Minute_5": 110229205.920975,
  "Minute_5_Fluctuation": 0.00023529825040095214,
  "Minute_10": 110229205.920975,
  "Minute_10_Fluctuation": 0.00633885920460653,
  "Hour": 109658893.573167,
  "Hour_Fluctuation": 0.026119646781411304,
  "Day": 110147163.129895,
  "Day_Fluctuation": 0.0064520122549367653,
  "Week": 110229205.920975,
  "Week_Fluctuation": 0.21456788034721025,
  "Updated": "2018-07-27T17:50:24.0019601Z"
}
