{
  "Live": 1505.58,
  "Minute": 1505.58,
  "Minute_Fluctuation": 0.0,
  "Minute_5": 1505.58,
  "Minute_5_Fluctuation": 0.0,
  "Minute_10": 1505.58,
  "Minute_10_Fluctuation": 0.0,
  "Hour": 1505.58,
  "Hour_Fluctuation": 0.0,
  "Day": 1505.58,
  "Day_Fluctuation": 0.0,
  "Week": 1505.58,
  "Week_Fluctuation": 0.24005170153140684,
  "Updated": "2018-07-27T17:50:24.0802806Z"
}
