{
  "Live": 1489.02,
  "Minute": 1489.02,
  "Minute_Fluctuation": 0.0,
  "Minute_5": 1489.02,
  "Minute_5_Fluctuation": 0.0,
  "Minute_10": 1489.02,
  "Minute_10_Fluctuation": 0.0,
  "Hour": 1489.02,
  "Hour_Fluctuation": 0.0,
  "Day": 1489.02,
  "Day_Fluctuation": 0.0,
  "Week": 1489.02,
  "Week_Fluctuation": 0.23839128679264912,
  "Updated": "2018-07-27T17:50:24.0647419Z"
}
