{
  "Live": 2400.56,
  "Minute": 2400.56,
  "Minute_Fluctuation": 0.0,
  "Minute_5": 2400.56,
  "Minute_5_Fluctuation": 0.0,
  "Minute_10": 2400.56,
  "Minute_10_Fluctuation": 0.0,
  "Hour": 2400.56,
  "Hour_Fluctuation": 0.0,
  "Day": 2400.56,
  "Day_Fluctuation": 0.0,
  "Week": 2400.56,
  "Week_Fluctuation": 0.2440897722864725,
  "Updated": "2018-07-27T17:50:24.0410916Z"
}
