{
  "Live": 2303.86836261522,
  "Minute": 2303.86836261522,
  "Minute_Fluctuation": 0.0,
  "Minute_5": 2303.86836261522,
  "Minute_5_Fluctuation": 0.0,
  "Minute_10": 2303.86836261522,
  "Minute_10_Fluctuation": 0.0,
  "Hour": 2303.86836261522,
  "Hour_Fluctuation": 0.0,
  "Day": 2303.65112959243,
  "Day_Fluctuation": 0.00045800315143890451,
  "Week": 2303.86836261522,
  "Week_Fluctuation": 0.238872662489724,
  "Updated": "2018-07-27T17:50:24.0102589Z"
}
