{
  "Live": 2051.36,
  "Minute": 2051.36,
  "Minute_Fluctuation": 0.0,
  "Minute_5": 2051.36,
  "Minute_5_Fluctuation": 0.0,
  "Minute_10": 2051.36,
  "Minute_10_Fluctuation": 0.0,
  "Hour": 2051.36,
  "Hour_Fluctuation": 0.0,
  "Day": 2051.36,
  "Day_Fluctuation": 0.0,
  "Week": 2051.36,
  "Week_Fluctuation": 0.21757666476081142,
  "Updated": "2018-07-27T17:50:24.0257069Z"
}
