{
  "Live": 2259.97,
  "Minute": 2259.97,
  "Minute_Fluctuation": 0.0,
  "Minute_5": 2259.97,
  "Minute_5_Fluctuation": 0.0,
  "Minute_10": 2259.97,
  "Minute_10_Fluctuation": 0.0,
  "Hour": 2259.97,
  "Hour_Fluctuation": 0.0,
  "Day": 2259.97,
  "Day_Fluctuation": 0.0,
  "Week": 2259.97,
  "Week_Fluctuation": 0.23789998601544804,
  "Updated": "2018-07-27T17:50:24.0482555Z"
}
