{
  "Live": 2379.11,
  "Minute": 2379.11,
  "Minute_Fluctuation": 0.0,
  "Minute_5": 2379.11,
  "Minute_5_Fluctuation": 0.0,
  "Minute_10": 2379.11,
  "Minute_10_Fluctuation": 0.0,
  "Hour": 2379.11,
  "Hour_Fluctuation": 0.0,
  "Day": 2379.11,
  "Day_Fluctuation": 0.0,
  "Week": 2379.11,
  "Week_Fluctuation": 0.24361122102728594,
  "Updated": "2018-07-27T17:50:24.0328583Z"
}
