{
  "Live": 1472.42,
  "Minute": 1472.42,
  "Minute_Fluctuation": 0.0,
  "Minute_5": 1472.42,
  "Minute_5_Fluctuation": 0.0,
  "Minute_10": 1472.42,
  "Minute_10_Fluctuation": 0.0,
  "Hour": 1472.42,
  "Hour_Fluctuation": 0.0,
  "Day": 1472.42,
  "Day_Fluctuation": 0.0,
  "Week": 1472.42,
  "Week_Fluctuation": 0.23922359300488907,
  "Updated": "2018-07-27T17:50:24.0874418Z"
}
