{
  "Live": 1511.57556977395,
  "Minute": 1511.57556977395,
  "Minute_Fluctuation": 0.0,
  "Minute_5": 1511.57556977395,
  "Minute_5_Fluctuation": 0.0,
  "Minute_10": 1511.57556977395,
  "Minute_10_Fluctuation": 0.0,
  "Hour": 1511.57556977395,
  "Hour_Fluctuation": 0.0,
  "Day": 1511.46616124637,
  "Day_Fluctuation": 0.00034759955946504995,
  "Week": 1511.57556977395,
  "Week_Fluctuation": 0.23696170570235317,
  "Updated": "2018-07-27T17:50:24.0564028Z"
}
