{
  "Live": 45375540.0,
  "Minute": 45375540.0,
  "Minute_Fluctuation": 0.0,
  "Minute_5": 45375540.0,
  "Minute_5_Fluctuation": 0.0,
  "Minute_10": 45375540.0,
  "Minute_10_Fluctuation": 0.0,
  "Hour": 45375540.0,
  "Hour_Fluctuation": 0.0,
  "Day": 45375540.0,
  "Day_Fluctuation": 0.0,
  "Week": 45375540.0,
  "Week_Fluctuation": 0.23140139478628913,
  "Updated": "2018-07-27T17:50:24.1112081Z"
}
