{
  "Live": 59279297.7224099,
  "Minute": 59279297.7224099,
  "Minute_Fluctuation": 0.0,
  "Minute_5": 59279297.7224099,
  "Minute_5_Fluctuation": 0.0,
  "Minute_10": 59279297.7224099,
  "Minute_10_Fluctuation": 0.0,
  "Hour": 56115566.2696945,
  "Hour_Fluctuation": 0.10271852955200289,
  "Day": 57729981.0416472,
  "Day_Fluctuation": 0.05830019902838262,
  "Week": 59279297.7224099,
  "Week_Fluctuation": 0.23708090357744255,
  "Updated": "2018-07-27T17:50:24.1503089Z"
}
