{
  "Live": 23270879.9420608,
  "Minute": 23270879.9420608,
  "Minute_Fluctuation": 0.0,
  "Minute_5": 23270879.9420608,
  "Minute_5_Fluctuation": 0.0,
  "Minute_10": 23270879.9420608,
  "Minute_10_Fluctuation": 0.0,
  "Hour": 23270879.9420608,
  "Hour_Fluctuation": 1.7381829576524827E-06,
  "Day": 23268900.6510578,
  "Day_Fluctuation": 0.0001611530904441902,
  "Week": 23270879.9420608,
  "Week_Fluctuation": 0.23413414524083492,
  "Updated": "2018-07-27T17:50:24.2193412Z"
}
