{
  "Live": 52794911.9585672,
  "Minute": 52794911.9585672,
  "Minute_Fluctuation": 0.0,
  "Minute_5": 52794911.9585672,
  "Minute_5_Fluctuation": 0.0,
  "Minute_10": 52794911.9585672,
  "Minute_10_Fluctuation": 0.0,
  "Hour": 52788490.6468796,
  "Hour_Fluctuation": 0.0010212028002809547,
  "Day": 52732840.2177732,
  "Day_Fluctuation": 0.0017568062714642515,
  "Week": 52794911.9585672,
  "Week_Fluctuation": 0.2367902108307301,
  "Updated": "2018-07-27T17:50:24.1574737Z"
}
