{
  "Live": 24645490.0,
  "Minute": 24645490.0,
  "Minute_Fluctuation": 0.0,
  "Minute_5": 24645490.0,
  "Minute_5_Fluctuation": 0.0,
  "Minute_10": 24645490.0,
  "Minute_10_Fluctuation": 0.0,
  "Hour": 24645490.0,
  "Hour_Fluctuation": 0.0,
  "Day": 24645490.0,
  "Day_Fluctuation": 0.0,
  "Week": 24645490.0,
  "Week_Fluctuation": 0.23009964718807105,
  "Updated": "2018-07-27T17:50:24.2500694Z"
}
