{
  "Live": 28011270.9309778,
  "Minute": 28011270.9309778,
  "Minute_Fluctuation": 0.0,
  "Minute_5": 28011270.9309778,
  "Minute_5_Fluctuation": 0.0,
  "Minute_10": 28011270.9309778,
  "Minute_10_Fluctuation": 0.0,
  "Hour": 28010196.5704892,
  "Hour_Fluctuation": 0.0019853045275374649,
  "Day": 27998919.9739685,
  "Day_Fluctuation": 0.0078564719770458577,
  "Week": 28011270.9309778,
  "Week_Fluctuation": 0.23793882913904477,
  "Updated": "2018-07-27T17:50:24.1969093Z"
}
