{
  "Live": 51137271.0485175,
  "Minute": 51137271.0485175,
  "Minute_Fluctuation": 0.0,
  "Minute_5": 51137271.0485175,
  "Minute_5_Fluctuation": 0.0,
  "Minute_10": 51137271.0485175,
  "Minute_10_Fluctuation": 0.0,
  "Hour": 51137271.0485175,
  "Hour_Fluctuation": 0.0,
  "Day": 51114601.4956597,
  "Day_Fluctuation": 0.0020429119698360237,
  "Week": 51137271.0485175,
  "Week_Fluctuation": 0.22205421221206553,
  "Updated": "2018-07-27T17:50:24.1730777Z"
}
