{
  "Live": 38439288.0109776,
  "Minute": 38439288.0109776,
  "Minute_Fluctuation": 0.0,
  "Minute_5": 38439288.0109776,
  "Minute_5_Fluctuation": 0.0,
  "Minute_10": 38439288.0109776,
  "Minute_10_Fluctuation": 0.0,
  "Hour": 38439288.0109776,
  "Hour_Fluctuation": 0.0,
  "Day": 38115302.2261028,
  "Day_Fluctuation": 0.018536609044532422,
  "Week": 38439288.0109776,
  "Week_Fluctuation": 0.22334209073864042,
  "Updated": "2018-07-27T17:50:24.242847Z"
}
