{
  "Live": 58698576.9626568,
  "Minute": 58698576.9626568,
  "Minute_Fluctuation": 0.0,
  "Minute_5": 58698576.9626568,
  "Minute_5_Fluctuation": 0.0,
  "Minute_10": 58698576.9626568,
  "Minute_10_Fluctuation": 0.0,
  "Hour": 58698576.9626568,
  "Hour_Fluctuation": 0.0,
  "Day": 58716211.8636555,
  "Day_Fluctuation": 0.00067523009877924257,
  "Week": 58698576.9626568,
  "Week_Fluctuation": 0.2201143201258563,
  "Updated": "2018-07-27T17:50:24.165907Z"
}
