{
  "Live": 40728725.8065262,
  "Minute": 40728725.8065262,
  "Minute_Fluctuation": 0.0,
  "Minute_5": 40728725.8065262,
  "Minute_5_Fluctuation": 0.0,
  "Minute_10": 40728725.8065262,
  "Minute_10_Fluctuation": 0.0,
  "Hour": 40728725.8065262,
  "Hour_Fluctuation": 1.9865514911588098E-07,
  "Day": 38729613.5637971,
  "Day_Fluctuation": 0.10768561118293629,
  "Week": 40728725.8065262,
  "Week_Fluctuation": 0.25030729487363507,
  "Updated": "2018-07-27T17:50:24.2272049Z"
}
