{
  "Live": 55154087.3393206,
  "Minute": 55154087.3393206,
  "Minute_Fluctuation": 0.0,
  "Minute_5": 55154087.3393206,
  "Minute_5_Fluctuation": 0.0,
  "Minute_10": 55154087.3393206,
  "Minute_10_Fluctuation": 0.0,
  "Hour": 55154087.3393206,
  "Hour_Fluctuation": 0.0,
  "Day": 55132159.3950486,
  "Day_Fluctuation": 0.0014973766091291576,
  "Week": 55154087.3393206,
  "Week_Fluctuation": 0.23577590970129242,
  "Updated": "2018-07-27T17:50:24.1346596Z"
}
