{
  "Live": 64278124.1480455,
  "Minute": 64278124.1480455,
  "Minute_Fluctuation": 0.0,
  "Minute_5": 64278124.1480455,
  "Minute_5_Fluctuation": 0.0,
  "Minute_10": 64278124.1480455,
  "Minute_10_Fluctuation": 0.0,
  "Hour": 64278124.1480455,
  "Hour_Fluctuation": 0.0,
  "Day": 63212934.4368025,
  "Day_Fluctuation": 0.043642896859316875,
  "Week": 64278124.1480455,
  "Week_Fluctuation": 0.24214227283619844,
  "Updated": "2018-07-27T17:50:24.1028143Z"
}
