{
  "Live": 53590140.0,
  "Minute": 53590140.0,
  "Minute_Fluctuation": 0.0,
  "Minute_5": 53590140.0,
  "Minute_5_Fluctuation": 0.0,
  "Minute_10": 53590140.0,
  "Minute_10_Fluctuation": 0.0,
  "Hour": 53590140.0,
  "Hour_Fluctuation": 0.0,
  "Day": 53590140.0,
  "Day_Fluctuation": 0.0,
  "Week": 53590140.0,
  "Week_Fluctuation": 0.23282055106904845,
  "Updated": "2018-07-27T17:50:24.1263526Z"
}
