{
  "Live": 5113190.0,
  "Minute": 5113190.0,
  "Minute_Fluctuation": 0.0,
  "Minute_5": 5113190.0,
  "Minute_5_Fluctuation": 0.0,
  "Minute_10": 5113190.0,
  "Minute_10_Fluctuation": 0.0,
  "Hour": 5113190.0,
  "Hour_Fluctuation": 0.0,
  "Day": 5113190.0,
  "Day_Fluctuation": 0.0,
  "Week": 5113190.0,
  "Week_Fluctuation": 0.23459767786304983,
  "Updated": "2018-07-27T17:50:24.1896557Z"
}
