{
  "Live": 185.951899755721,
  "Minute": 185.951899755721,
  "Minute_Fluctuation": 0.0,
  "Minute_5": 185.951899755721,
  "Minute_5_Fluctuation": 0.0,
  "Minute_10": 185.951899755721,
  "Minute_10_Fluctuation": 0.0,
  "Hour": 185.74880517054,
  "Hour_Fluctuation": 0.0025519201707705805,
  "Day": 185.877729752807,
  "Day_Fluctuation": 0.031941320150029928,
  "Week": 185.951899755721,
  "Week_Fluctuation": 0.3421116873539915,
  "Updated": "2018-07-27T17:50:24.2975647Z"
}
