{
  "Live": 62.8898749178399,
  "Minute": 62.8898749178399,
  "Minute_Fluctuation": 0.0,
  "Minute_5": 62.8898749178399,
  "Minute_5_Fluctuation": 0.0,
  "Minute_10": 62.8898749178399,
  "Minute_10_Fluctuation": 0.0,
  "Hour": 62.8898749178399,
  "Hour_Fluctuation": 1.3706914338266572E-06,
  "Day": 62.6476543850062,
  "Day_Fluctuation": 0.010943447319390965,
  "Week": 62.8898749178399,
  "Week_Fluctuation": 0.22497851535140842,
  "Updated": "2018-07-27T17:50:24.3441486Z"
}
