{
  "Live": 111.0,
  "Minute": 111.0,
  "Minute_Fluctuation": 0.0,
  "Minute_5": 111.0,
  "Minute_5_Fluctuation": 0.0,
  "Minute_10": 111.0,
  "Minute_10_Fluctuation": 0.0,
  "Hour": 111.0,
  "Hour_Fluctuation": 0.0,
  "Day": 111.0,
  "Day_Fluctuation": 0.0082000254727182635,
  "Week": 111.0,
  "Week_Fluctuation": 0.29004230264084607,
  "Updated": "2018-07-27T17:50:24.3203843Z"
}
