{
  "Live": 115.874997925777,
  "Minute": 115.874997925777,
  "Minute_Fluctuation": 0.0,
  "Minute_5": 115.874997925777,
  "Minute_5_Fluctuation": 0.0,
  "Minute_10": 115.874997925777,
  "Minute_10_Fluctuation": 0.0,
  "Hour": 115.874997925777,
  "Hour_Fluctuation": 0.00017810799237207928,
  "Day": 115.469959690045,
  "Day_Fluctuation": 0.034979482075272988,
  "Week": 115.874997925777,
  "Week_Fluctuation": 0.34204458320160475,
  "Updated": "2018-07-27T17:50:24.3131948Z"
}
