{
  "Live": 187.003777965276,
  "Minute": 187.003777965276,
  "Minute_Fluctuation": 0.0,
  "Minute_5": 187.003777965276,
  "Minute_5_Fluctuation": 0.0,
  "Minute_10": 187.003777965276,
  "Minute_10_Fluctuation": 0.0,
  "Hour": 187.003777965276,
  "Hour_Fluctuation": 3.1306407741667457E-06,
  "Day": 187.016044051282,
  "Day_Fluctuation": 0.26635822459442288,
  "Week": 187.003777965276,
  "Week_Fluctuation": 0.46063832843749752,
  "Updated": "2018-07-27T17:50:24.2654546Z"
}
