{
  "Live": 63.0,
  "Minute": 63.0,
  "Minute_Fluctuation": 0.0,
  "Minute_5": 63.0,
  "Minute_5_Fluctuation": 0.0,
  "Minute_10": 63.0,
  "Minute_10_Fluctuation": 0.0,
  "Hour": 63.0,
  "Hour_Fluctuation": 0.0,
  "Day": 63.0,
  "Day_Fluctuation": 0.031779307968826505,
  "Week": 63.0,
  "Week_Fluctuation": 0.3464253821760564,
  "Updated": "2018-07-27T17:50:24.3677895Z"
}
