{
  "Live": 107.032057991138,
  "Minute": 107.032057991138,
  "Minute_Fluctuation": 0.0,
  "Minute_5": 107.032057991138,
  "Minute_5_Fluctuation": 0.0,
  "Minute_10": 107.032057991138,
  "Minute_10_Fluctuation": 0.0,
  "Hour": 107.032057991138,
  "Hour_Fluctuation": 0.0,
  "Day": 107.082413873862,
  "Day_Fluctuation": 0.030208782176480879,
  "Week": 107.032057991138,
  "Week_Fluctuation": 0.34193604073236472,
  "Updated": "2018-07-27T17:50:24.3594882Z"
}
