{
  "Live": 110.87860172092,
  "Minute": 110.87860172092,
  "Minute_Fluctuation": 0.0,
  "Minute_5": 110.87860172092,
  "Minute_5_Fluctuation": 0.0,
  "Minute_10": 110.87860172092,
  "Minute_10_Fluctuation": 0.0,
  "Hour": 110.87860172092,
  "Hour_Fluctuation": 0.00013637141490505976,
  "Day": 110.489191321749,
  "Day_Fluctuation": 0.26942219568186015,
  "Week": 110.87860172092,
  "Week_Fluctuation": 0.46078959058151475,
  "Updated": "2018-07-27T17:50:24.3358244Z"
}
