{
  "Live": 184406260.0,
  "Minute": 184406260.0,
  "Minute_Fluctuation": 0.0,
  "Minute_5": 184406260.0,
  "Minute_5_Fluctuation": 0.0,
  "Minute_10": 184406260.0,
  "Minute_10_Fluctuation": 0.0,
  "Hour": 184406260.0,
  "Hour_Fluctuation": 0.0,
  "Day": 184406260.0,
  "Day_Fluctuation": 0.0,
  "Week": 184406260.0,
  "Week_Fluctuation": 0.23074312962606985,
  "Updated": "2018-07-27T17:50:24.4775412Z"
}
