{
  "Live": 4942660.0,
  "Minute": 4942660.0,
  "Minute_Fluctuation": 0.0,
  "Minute_5": 4942660.0,
  "Minute_5_Fluctuation": 0.0,
  "Minute_10": 4942660.0,
  "Minute_10_Fluctuation": 0.0,
  "Hour": 4942660.0,
  "Hour_Fluctuation": 0.0,
  "Day": 4942660.0,
  "Day_Fluctuation": 0.0,
  "Week": 4942660.0,
  "Week_Fluctuation": 0.20740894403162727,
  "Updated": "2018-07-27T17:50:24.5671038Z"
}
