{
  "Live": 3367060.0,
  "Minute": 3367060.0,
  "Minute_Fluctuation": 0.0,
  "Minute_5": 3367060.0,
  "Minute_5_Fluctuation": 0.0,
  "Minute_10": 3367060.0,
  "Minute_10_Fluctuation": 0.0,
  "Hour": 3367060.0,
  "Hour_Fluctuation": 0.0,
  "Day": 3367060.0,
  "Day_Fluctuation": 0.0,
  "Week": 3367060.0,
  "Week_Fluctuation": 0.2312301750131559,
  "Updated": "2018-07-27T17:50:24.7169476Z"
}
