{
  "Live": 5207580.0,
  "Minute": 5207580.0,
  "Minute_Fluctuation": 0.0,
  "Minute_5": 5207580.0,
  "Minute_5_Fluctuation": 0.0,
  "Minute_10": 5207580.0,
  "Minute_10_Fluctuation": 0.0,
  "Hour": 5207580.0,
  "Hour_Fluctuation": 0.0,
  "Day": 5207580.0,
  "Day_Fluctuation": 0.0,
  "Week": 5207580.0,
  "Week_Fluctuation": 0.23589949469147875,
  "Updated": "2018-07-27T17:50:24.5938168Z"
}
