{
  "Live": 3043130.0,
  "Minute": 3043130.0,
  "Minute_Fluctuation": 0.0,
  "Minute_5": 3043130.0,
  "Minute_5_Fluctuation": 0.0,
  "Minute_10": 3043130.0,
  "Minute_10_Fluctuation": 0.0,
  "Hour": 3043130.0,
  "Hour_Fluctuation": 0.0,
  "Day": 3043130.0,
  "Day_Fluctuation": 0.0,
  "Week": 3043130.0,
  "Week_Fluctuation": 0.23790046800328257,
  "Updated": "2018-07-27T17:50:24.9579839Z"
}
