{
  "Live": 5108525.4982257,
  "Minute": 5108525.4982257,
  "Minute_Fluctuation": 0.0,
  "Minute_5": 5108525.4982257,
  "Minute_5_Fluctuation": 0.0,
  "Minute_10": 5108525.4982257,
  "Minute_10_Fluctuation": 0.0,
  "Hour": 5108525.4982257,
  "Hour_Fluctuation": 0.0,
  "Day": 5111207.03347497,
  "Day_Fluctuation": 0.0013946417014933273,
  "Week": 5108525.4982257,
  "Week_Fluctuation": 0.21827475627681658,
  "Updated": "2018-07-27T17:50:24.3988726Z"
}
