{
  "Live": 3345650.0,
  "Minute": 3345650.0,
  "Minute_Fluctuation": 0.0,
  "Minute_5": 3345650.0,
  "Minute_5_Fluctuation": 0.0,
  "Minute_10": 3345650.0,
  "Minute_10_Fluctuation": 0.0,
  "Hour": 3345650.0,
  "Hour_Fluctuation": 0.0,
  "Day": 3345650.0,
  "Day_Fluctuation": 0.0,
  "Week": 3345650.0,
  "Week_Fluctuation": 0.23622900614948886,
  "Updated": "2018-07-27T17:50:24.9425965Z"
}
