{
  "Live": 2918547.34938412,
  "Minute": 2918547.34938412,
  "Minute_Fluctuation": 0.0,
  "Minute_5": 2918547.34938412,
  "Minute_5_Fluctuation": 0.0,
  "Minute_10": 2918547.34938412,
  "Minute_10_Fluctuation": 0.0,
  "Hour": 2918547.34938412,
  "Hour_Fluctuation": 0.0,
  "Day": 2924008.99995134,
  "Day_Fluctuation": 0.0064390919235761089,
  "Week": 2918547.34938412,
  "Week_Fluctuation": 0.21552282365444528,
  "Updated": "2018-07-27T17:50:24.7865144Z"
}
