{
  "Live": 185258530.0,
  "Minute": 185258530.0,
  "Minute_Fluctuation": 0.0,
  "Minute_5": 185258530.0,
  "Minute_5_Fluctuation": 0.0,
  "Minute_10": 185258530.0,
  "Minute_10_Fluctuation": 0.0,
  "Hour": 185258530.0,
  "Hour_Fluctuation": 0.0,
  "Day": 185258530.0,
  "Day_Fluctuation": 0.0,
  "Week": 185258530.0,
  "Week_Fluctuation": 0.21273070483558165,
  "Updated": "2018-07-27T17:50:24.4858102Z"
}
