{
  "Live": 2922670.0,
  "Minute": 2922670.0,
  "Minute_Fluctuation": 0.0,
  "Minute_5": 2922670.0,
  "Minute_5_Fluctuation": 0.0,
  "Minute_10": 2922670.0,
  "Minute_10_Fluctuation": 0.0,
  "Hour": 2922670.0,
  "Hour_Fluctuation": 0.0,
  "Day": 2922670.0,
  "Day_Fluctuation": 0.0,
  "Week": 2922670.0,
  "Week_Fluctuation": 0.20879412440504605,
  "Updated": "2018-07-27T17:50:24.8807372Z"
}
