{
  "Live": 5118870.0,
  "Minute": 5118870.0,
  "Minute_Fluctuation": 0.0,
  "Minute_5": 5118870.0,
  "Minute_5_Fluctuation": 0.0,
  "Minute_10": 5118870.0,
  "Minute_10_Fluctuation": 0.0,
  "Hour": 5118870.0,
  "Hour_Fluctuation": 0.0,
  "Day": 5118870.0,
  "Day_Fluctuation": 0.0,
  "Week": 5118870.0,
  "Week_Fluctuation": 0.21699139399975173,
  "Updated": "2018-07-27T17:50:24.4142319Z"
}
