{
  "Live": 3177150.0,
  "Minute": 3177150.0,
  "Minute_Fluctuation": 0.0,
  "Minute_5": 3177150.0,
  "Minute_5_Fluctuation": 0.0,
  "Minute_10": 3177150.0,
  "Minute_10_Fluctuation": 0.0,
  "Hour": 3177150.0,
  "Hour_Fluctuation": 0.0,
  "Day": 3177150.0,
  "Day_Fluctuation": 0.0,
  "Week": 3177150.0,
  "Week_Fluctuation": 0.23475799480450138,
  "Updated": "2018-07-27T17:50:24.9734278Z"
}
