{
  "Live": 3216530.0,
  "Minute": 3216530.0,
  "Minute_Fluctuation": 0.0,
  "Minute_5": 3216530.0,
  "Minute_5_Fluctuation": 0.0,
  "Minute_10": 3216530.0,
  "Minute_10_Fluctuation": 0.0,
  "Hour": 3216530.0,
  "Hour_Fluctuation": 0.0,
  "Day": 3216530.0,
  "Day_Fluctuation": 0.0,
  "Week": 3216530.0,
  "Week_Fluctuation": 0.23171763138865925,
  "Updated": "2018-07-27T17:50:24.9354491Z"
}
