{
  "Live": 3115890.0,
  "Minute": 3115890.0,
  "Minute_Fluctuation": 0.0,
  "Minute_5": 3115890.0,
  "Minute_5_Fluctuation": 0.0,
  "Minute_10": 3115890.0,
  "Minute_10_Fluctuation": 0.0,
  "Hour": 3115890.0,
  "Hour_Fluctuation": 0.0,
  "Day": 3115890.0,
  "Day_Fluctuation": 0.0,
  "Week": 3115890.0,
  "Week_Fluctuation": 0.21666803403023829,
  "Updated": "2018-07-27T17:50:24.747557Z"
}
