{
  "Live": 5197052.09063296,
  "Minute": 5197052.09063296,
  "Minute_Fluctuation": 0.0,
  "Minute_5": 5197052.09063296,
  "Minute_5_Fluctuation": 0.0,
  "Minute_10": 5197052.09063296,
  "Minute_10_Fluctuation": 0.0,
  "Hour": 5197052.09063296,
  "Hour_Fluctuation": 0.0,
  "Day": 5198730.31235865,
  "Day_Fluctuation": 0.0013319966191542697,
  "Week": 5197052.09063296,
  "Week_Fluctuation": 0.235428831103815,
  "Updated": "2018-07-27T17:50:24.6941976Z"
}
