{
  "Live": 3156280.0,
  "Minute": 3156280.0,
  "Minute_Fluctuation": 0.0,
  "Minute_5": 3156280.0,
  "Minute_5_Fluctuation": 0.0,
  "Minute_10": 3156280.0,
  "Minute_10_Fluctuation": 0.0,
  "Hour": 3156280.0,
  "Hour_Fluctuation": 0.0,
  "Day": 3156280.0,
  "Day_Fluctuation": 0.0,
  "Week": 3156280.0,
  "Week_Fluctuation": 0.21699214559193059,
  "Updated": "2018-07-27T17:50:24.7558422Z"
}
