{
  "Live": 5181404.91008153,
  "Minute": 5181404.91008153,
  "Minute_Fluctuation": 0.0,
  "Minute_5": 5181404.91008153,
  "Minute_5_Fluctuation": 0.0,
  "Minute_10": 5181404.91008153,
  "Minute_10_Fluctuation": 0.0,
  "Hour": 5181404.91008153,
  "Hour_Fluctuation": 0.0,
  "Day": 5178204.98440701,
  "Day_Fluctuation": 0.0018203789290991883,
  "Week": 5181404.91008153,
  "Week_Fluctuation": 0.23525764239605268,
  "Updated": "2018-07-27T17:50:24.6556513Z"
}
