{
  "Live": 5265020.0,
  "Minute": 5265020.0,
  "Minute_Fluctuation": 0.0,
  "Minute_5": 5265020.0,
  "Minute_5_Fluctuation": 0.0,
  "Minute_10": 5265020.0,
  "Minute_10_Fluctuation": 0.0,
  "Hour": 5265020.0,
  "Hour_Fluctuation": 0.0,
  "Day": 5265020.0,
  "Day_Fluctuation": 0.0,
  "Week": 5265020.0,
  "Week_Fluctuation": 0.24005039465040118,
  "Updated": "2018-07-27T17:50:24.671025Z"
}
