{
  "Live": 115599230.0,
  "Minute": 115599230.0,
  "Minute_Fluctuation": 0.0,
  "Minute_5": 115599230.0,
  "Minute_5_Fluctuation": 0.0,
  "Minute_10": 115599230.0,
  "Minute_10_Fluctuation": 0.0,
  "Hour": 115599230.0,
  "Hour_Fluctuation": 0.0,
  "Day": 115599230.0,
  "Day_Fluctuation": 0.0,
  "Week": 115599230.0,
  "Week_Fluctuation": 0.21386804301096327,
  "Updated": "2018-07-27T17:50:24.8176303Z"
}
