{
  "Live": 5137160.0,
  "Minute": 5137160.0,
  "Minute_Fluctuation": 0.0,
  "Minute_5": 5137160.0,
  "Minute_5_Fluctuation": 0.0,
  "Minute_10": 5137160.0,
  "Minute_10_Fluctuation": 0.0,
  "Hour": 5137160.0,
  "Hour_Fluctuation": 0.0,
  "Day": 5137160.0,
  "Day_Fluctuation": 0.0,
  "Week": 5137160.0,
  "Week_Fluctuation": 0.2171523476734406,
  "Updated": "2018-07-27T17:50:24.4060155Z"
}
