{
  "Live": 2348950.0,
  "Minute": 2348950.0,
  "Minute_Fluctuation": 0.0,
  "Minute_5": 2348950.0,
  "Minute_5_Fluctuation": 0.0,
  "Minute_10": 2348950.0,
  "Minute_10_Fluctuation": 0.0,
  "Hour": 2348950.0,
  "Hour_Fluctuation": 0.0,
  "Day": 2348950.0,
  "Day_Fluctuation": 0.0,
  "Week": 2348950.0,
  "Week_Fluctuation": 0.21625709890615488,
  "Updated": "2018-07-27T17:50:24.7793656Z"
}
