{
  "Live": 2943490.0,
  "Minute": 2943490.0,
  "Minute_Fluctuation": 0.0,
  "Minute_5": 2943490.0,
  "Minute_5_Fluctuation": 0.0,
  "Minute_10": 2943490.0,
  "Minute_10_Fluctuation": 0.0,
  "Hour": 2943490.0,
  "Hour_Fluctuation": 0.0,
  "Day": 2943490.0,
  "Day_Fluctuation": 0.0,
  "Week": 2943490.0,
  "Week_Fluctuation": 0.21353512550475787,
  "Updated": "2018-07-27T17:50:24.8021254Z"
}
