{
  "Live": 4701360.0,
  "Minute": 4701360.0,
  "Minute_Fluctuation": 0.0,
  "Minute_5": 4701360.0,
  "Minute_5_Fluctuation": 0.0,
  "Minute_10": 4701360.0,
  "Minute_10_Fluctuation": 0.0,
  "Hour": 4701360.0,
  "Hour_Fluctuation": 0.0,
  "Day": 4701360.0,
  "Day_Fluctuation": 0.0,
  "Week": 4701360.0,
  "Week_Fluctuation": 0.21195913802666988,
  "Updated": "2018-07-27T17:50:24.5008846Z"
}
