{
  "Live": 3255640.0,
  "Minute": 3255640.0,
  "Minute_Fluctuation": 0.0,
  "Minute_5": 3255640.0,
  "Minute_5_Fluctuation": 0.0,
  "Minute_10": 3255640.0,
  "Minute_10_Fluctuation": 0.0,
  "Hour": 3255640.0,
  "Hour_Fluctuation": 0.0,
  "Day": 3255640.0,
  "Day_Fluctuation": 0.0,
  "Week": 3255640.0,
  "Week_Fluctuation": 0.2363917972736749,
  "Updated": "2018-07-27T17:50:24.9197779Z"
}
