{
  "Live": 115455260.0,
  "Minute": 115455260.0,
  "Minute_Fluctuation": 0.0,
  "Minute_5": 115455260.0,
  "Minute_5_Fluctuation": 0.0,
  "Minute_10": 115455260.0,
  "Minute_10_Fluctuation": 0.0,
  "Hour": 115455260.0,
  "Hour_Fluctuation": 0.0,
  "Day": 115455260.0,
  "Day_Fluctuation": 0.0,
  "Week": 115455260.0,
  "Week_Fluctuation": 0.22059259947828933,
  "Updated": "2018-07-27T17:50:24.8104725Z"
}
