{
  "Live": 3133550.0,
  "Minute": 3133550.0,
  "Minute_Fluctuation": 0.0,
  "Minute_5": 3133550.0,
  "Minute_5_Fluctuation": 0.0,
  "Minute_10": 3133550.0,
  "Minute_10_Fluctuation": 0.0,
  "Hour": 3133550.0,
  "Hour_Fluctuation": 0.0,
  "Day": 3133550.0,
  "Day_Fluctuation": 0.0,
  "Week": 3133550.0,
  "Week_Fluctuation": 0.2127315096402243,
  "Updated": "2018-07-27T17:50:24.8329901Z"
}
