{
  "Live": 3211991.50340289,
  "Minute": 3211991.50340289,
  "Minute_Fluctuation": 0.0,
  "Minute_5": 3211991.50340289,
  "Minute_5_Fluctuation": 0.0,
  "Minute_10": 3211991.50340289,
  "Minute_10_Fluctuation": 0.0,
  "Hour": 3211991.50340289,
  "Hour_Fluctuation": 0.0,
  "Day": 3212052.2112201,
  "Day_Fluctuation": 8.4463479994591553E-05,
  "Week": 3211991.50340289,
  "Week_Fluctuation": 0.23672241193887728,
  "Updated": "2018-07-27T17:50:24.9508597Z"
}
