{
  "Live": 5139983.76415257,
  "Minute": 5139983.76415257,
  "Minute_Fluctuation": 0.0,
  "Minute_5": 5139983.76415257,
  "Minute_5_Fluctuation": 0.0,
  "Minute_10": 5139983.76415257,
  "Minute_10_Fluctuation": 0.13411893903026645,
  "Hour": 4813458.0074776,
  "Hour_Fluctuation": 0.10003531565290202,
  "Day": 5121639.53638776,
  "Day_Fluctuation": 0.0052089017830818955,
  "Week": 5139983.76415257,
  "Week_Fluctuation": 0.24379320092885051,
  "Updated": "2018-07-27T17:50:24.6627555Z"
}
