{
  "Live": 5232368.58312759,
  "Minute": 5232368.58312759,
  "Minute_Fluctuation": 0.0,
  "Minute_5": 5232368.58312759,
  "Minute_5_Fluctuation": 0.0,
  "Minute_10": 5232368.58312759,
  "Minute_10_Fluctuation": 0.0,
  "Hour": 5232368.58312759,
  "Hour_Fluctuation": 0.0,
  "Day": 5228796.52389584,
  "Day_Fluctuation": 0.0018412736507261922,
  "Week": 5232368.58312759,
  "Week_Fluctuation": 0.23371799957101727,
  "Updated": "2018-07-27T17:50:24.6863602Z"
}
