{
  "Live": 3217037.53334748,
  "Minute": 3217037.53334748,
  "Minute_Fluctuation": 0.0,
  "Minute_5": 3217037.53334748,
  "Minute_5_Fluctuation": 0.0,
  "Minute_10": 3217037.53334748,
  "Minute_10_Fluctuation": 0.0031603259255461504,
  "Hour": 3221920.35392675,
  "Hour_Fluctuation": 0.0023351887908088531,
  "Day": 3216795.40247385,
  "Day_Fluctuation": 0.00089123256418800214,
  "Week": 3217037.53334748,
  "Week_Fluctuation": 0.23280427923636859,
  "Updated": "2018-07-27T17:50:24.9900624Z"
}
