{
  "Live": 3214801.77594228,
  "Minute": 3214801.77594228,
  "Minute_Fluctuation": 0.0,
  "Minute_5": 3214801.77594228,
  "Minute_5_Fluctuation": 0.0,
  "Minute_10": 3214801.77594228,
  "Minute_10_Fluctuation": 0.0,
  "Hour": 3214801.77594228,
  "Hour_Fluctuation": 0.0,
  "Day": 3214297.24435083,
  "Day_Fluctuation": 0.00059264525010553984,
  "Week": 3214801.77594228,
  "Week_Fluctuation": 0.23802115663420084,
  "Updated": "2018-07-27T17:50:25.0055276Z"
}
