{
  "Live": 4613110.0,
  "Minute": 4613110.0,
  "Minute_Fluctuation": 0.0,
  "Minute_5": 4613110.0,
  "Minute_5_Fluctuation": 0.0,
  "Minute_10": 4613110.0,
  "Minute_10_Fluctuation": 0.0,
  "Hour": 4613110.0,
  "Hour_Fluctuation": 0.0,
  "Day": 4613110.0,
  "Day_Fluctuation": 0.0,
  "Week": 4613110.0,
  "Week_Fluctuation": 0.2111261353770818,
  "Updated": "2018-07-27T17:50:24.5319912Z"
}
