{
  "Live": 4902390.0,
  "Minute": 4902390.0,
  "Minute_Fluctuation": 0.0,
  "Minute_5": 4902390.0,
  "Minute_5_Fluctuation": 0.0,
  "Minute_10": 4902390.0,
  "Minute_10_Fluctuation": 0.0,
  "Hour": 4902390.0,
  "Hour_Fluctuation": 0.0,
  "Day": 4902390.0,
  "Day_Fluctuation": 0.0,
  "Week": 4902390.0,
  "Week_Fluctuation": 0.21912020874150495,
  "Updated": "2018-07-27T17:50:24.4297477Z"
}
