{
  "Live": 5239070.0,
  "Minute": 5239070.0,
  "Minute_Fluctuation": 0.0,
  "Minute_5": 5239070.0,
  "Minute_5_Fluctuation": 0.0,
  "Minute_10": 5239070.0,
  "Minute_10_Fluctuation": 0.0,
  "Hour": 5239070.0,
  "Hour_Fluctuation": 0.0,
  "Day": 5239070.0,
  "Day_Fluctuation": 0.0,
  "Week": 5239070.0,
  "Week_Fluctuation": 0.23739254361626649,
  "Updated": "2018-07-27T17:50:24.6400968Z"
}
