{
  "Live": 2955850.0,
  "Minute": 2955850.0,
  "Minute_Fluctuation": 0.0,
  "Minute_5": 2955850.0,
  "Minute_5_Fluctuation": 0.0,
  "Minute_10": 2955850.0,
  "Minute_10_Fluctuation": 0.0,
  "Hour": 2955850.0,
  "Hour_Fluctuation": 0.0,
  "Day": 2955850.0,
  "Day_Fluctuation": 0.0,
  "Week": 2955850.0,
  "Week_Fluctuation": 0.21945164333182843,
  "Updated": "2018-07-27T17:50:24.7322235Z"
}
