{
  "Live": 3017420.0,
  "Minute": 3017420.0,
  "Minute_Fluctuation": 0.0,
  "Minute_5": 3017420.0,
  "Minute_5_Fluctuation": 0.0,
  "Minute_10": 3017420.0,
  "Minute_10_Fluctuation": 0.0,
  "Hour": 3017420.0,
  "Hour_Fluctuation": 0.0,
  "Day": 3017420.0,
  "Day_Fluctuation": 0.0,
  "Week": 3017420.0,
  "Week_Fluctuation": 0.20740975727279151,
  "Updated": "2018-07-27T17:50:24.8961911Z"
}
