{
  "Live": 2932977.22267969,
  "Minute": 2932977.22267969,
  "Minute_Fluctuation": 0.0,
  "Minute_5": 2932977.22267969,
  "Minute_5_Fluctuation": 0.0,
  "Minute_10": 2932977.22267969,
  "Minute_10_Fluctuation": 0.0,
  "Hour": 2932977.22267969,
  "Hour_Fluctuation": 0.0,
  "Day": 2935440.1888007,
  "Day_Fluctuation": 0.002413523519996547,
  "Week": 2932977.22267969,
  "Week_Fluctuation": 0.2082127181153029,
  "Updated": "2018-07-27T17:50:24.8879271Z"
}
