{
  "Live": 5287700.0,
  "Minute": 5287700.0,
  "Minute_Fluctuation": 0.0,
  "Minute_5": 5287700.0,
  "Minute_5_Fluctuation": 0.0,
  "Minute_10": 5287700.0,
  "Minute_10_Fluctuation": 0.0,
  "Hour": 5287700.0,
  "Hour_Fluctuation": 0.0,
  "Day": 5287700.0,
  "Day_Fluctuation": 0.0,
  "Week": 5287700.0,
  "Week_Fluctuation": 0.23009862130720762,
  "Updated": "2018-07-27T17:50:24.3906152Z"
}
