{
  "Live": 3061300.0,
  "Minute": 3061300.0,
  "Minute_Fluctuation": 0.0,
  "Minute_5": 3061300.0,
  "Minute_5_Fluctuation": 0.0,
  "Minute_10": 3061300.0,
  "Minute_10_Fluctuation": 0.0,
  "Hour": 3061300.0,
  "Hour_Fluctuation": 0.0,
  "Day": 3061300.0,
  "Day_Fluctuation": 0.0,
  "Week": 3061300.0,
  "Week_Fluctuation": 0.218644421277882,
  "Updated": "2018-07-27T17:50:24.7251111Z"
}
