{
  "Live": 5187046.30270083,
  "Minute": 5187046.30270083,
  "Minute_Fluctuation": 0.0,
  "Minute_5": 5187046.30270083,
  "Minute_5_Fluctuation": 0.13052210344244344,
  "Minute_10": 5187046.30270083,
  "Minute_10_Fluctuation": 0.81411215787440583,
  "Hour": 4388289.0140956,
  "Hour_Fluctuation": 0.24795003093319876,
  "Day": 5139218.9502308,
  "Day_Fluctuation": 0.014919561371685352,
  "Week": 5187046.30270083,
  "Week_Fluctuation": 0.23455749150588218,
  "Updated": "2018-07-27T17:50:24.5845357Z"
}
