{
  "Live": 2765770.0,
  "Minute": 2765770.0,
  "Minute_Fluctuation": 0.0,
  "Minute_5": 2765770.0,
  "Minute_5_Fluctuation": 0.0,
  "Minute_10": 2765770.0,
  "Minute_10_Fluctuation": 0.0,
  "Hour": 2765770.0,
  "Hour_Fluctuation": 0.0,
  "Day": 2765770.0,
  "Day_Fluctuation": 0.0,
  "Week": 2765770.0,
  "Week_Fluctuation": 0.21179550500083977,
  "Updated": "2018-07-27T17:50:24.864766Z"
}
