{
  "Live": 4756535.61976592,
  "Minute": 4756535.61976592,
  "Minute_Fluctuation": 0.0,
  "Minute_5": 4756535.61976592,
  "Minute_5_Fluctuation": 0.0,
  "Minute_10": 4756535.61976592,
  "Minute_10_Fluctuation": 0.0,
  "Hour": 4756535.61976592,
  "Hour_Fluctuation": 0.0,
  "Day": 4777290.76318465,
  "Day_Fluctuation": 0.013692669248364306,
  "Week": 4756535.61976592,
  "Week_Fluctuation": 0.217774078528594,
  "Updated": "2018-07-27T17:50:24.5164856Z"
}
