{
  "Live": 5455542.77221294,
  "Minute": 5455542.77221294,
  "Minute_Fluctuation": 0.0,
  "Minute_5": 5455542.77221294,
  "Minute_5_Fluctuation": 0.0,
  "Minute_10": 5455542.77221294,
  "Minute_10_Fluctuation": 0.0,
  "Hour": 5455542.77221294,
  "Hour_Fluctuation": 0.0,
  "Day": 5453253.38044483,
  "Day_Fluctuation": 0.0015549787582502495,
  "Week": 5455542.77221294,
  "Week_Fluctuation": 0.23776102686907385,
  "Updated": "2018-07-27T17:50:24.6318131Z"
}
