{
  "Live": 5143434.15224447,
  "Minute": 5143434.15224447,
  "Minute_Fluctuation": 0.0,
  "Minute_5": 5143434.15224447,
  "Minute_5_Fluctuation": 0.0,
  "Minute_10": 5143434.15224447,
  "Minute_10_Fluctuation": 0.0,
  "Hour": 5143434.15224447,
  "Hour_Fluctuation": 0.0,
  "Day": 5138901.72650584,
  "Day_Fluctuation": 0.0027134731163275731,
  "Week": 5143434.15224447,
  "Week_Fluctuation": 0.23724506729873249,
  "Updated": "2018-07-27T17:50:24.7014384Z"
}
