{
  "Live": 4593670.0,
  "Minute": 4593670.0,
  "Minute_Fluctuation": 0.0,
  "Minute_5": 4593670.0,
  "Minute_5_Fluctuation": 0.0,
  "Minute_10": 4593670.0,
  "Minute_10_Fluctuation": 0.0,
  "Hour": 4593670.0,
  "Hour_Fluctuation": 0.0,
  "Day": 4593670.0,
  "Day_Fluctuation": 0.0,
  "Week": 4593670.0,
  "Week_Fluctuation": 0.21336981855321008,
  "Updated": "2018-07-27T17:50:24.4450375Z"
}
