{
  "Live": 5163646.19435404,
  "Minute": 5163646.19435404,
  "Minute_Fluctuation": 0.0,
  "Minute_5": 5163646.19435404,
  "Minute_5_Fluctuation": 0.0,
  "Minute_10": 5163646.19435404,
  "Minute_10_Fluctuation": 0.0,
  "Hour": 5163646.19435404,
  "Hour_Fluctuation": 3.061762251442645E-06,
  "Day": 5163959.28229816,
  "Day_Fluctuation": 0.00011271786528400131,
  "Week": 5163646.19435404,
  "Week_Fluctuation": 0.21324127549255925,
  "Updated": "2018-07-27T17:50:24.4702703Z"
}
