{
  "Live": 3098734.34506156,
  "Minute": 3098734.34506156,
  "Minute_Fluctuation": 0.0,
  "Minute_5": 3098734.34506156,
  "Minute_5_Fluctuation": 0.0,
  "Minute_10": 3098734.34506156,
  "Minute_10_Fluctuation": 0.0,
  "Hour": 3098734.34506156,
  "Hour_Fluctuation": 0.0,
  "Day": 3104690.33851588,
  "Day_Fluctuation": 0.0060208767817186105,
  "Week": 3098734.34506156,
  "Week_Fluctuation": 0.21759521724614664,
  "Updated": "2018-07-27T17:50:24.8491842Z"
}
