{
  "Live": 4939100.0,
  "Minute": 4939100.0,
  "Minute_Fluctuation": 0.0,
  "Minute_5": 4939100.0,
  "Minute_5_Fluctuation": 0.0,
  "Minute_10": 4939100.0,
  "Minute_10_Fluctuation": 0.0,
  "Hour": 4939100.0,
  "Hour_Fluctuation": 0.0,
  "Day": 4939100.0,
  "Day_Fluctuation": 0.0,
  "Week": 4939100.0,
  "Week_Fluctuation": 0.21879341919505005,
  "Updated": "2018-07-27T17:50:24.3834127Z"
}
