{
  "Live": 3151520.0,
  "Minute": 3151520.0,
  "Minute_Fluctuation": 0.0,
  "Minute_5": 3151520.0,
  "Minute_5_Fluctuation": 0.0,
  "Minute_10": 3151520.0,
  "Minute_10_Fluctuation": 0.0,
  "Hour": 3151520.0,
  "Hour_Fluctuation": 0.0,
  "Day": 3151520.0,
  "Day_Fluctuation": 0.0,
  "Week": 3151520.0,
  "Week_Fluctuation": 0.21731556246948802,
  "Updated": "2018-07-27T17:50:24.7404231Z"
}
