{
  "Live": 5149860.0,
  "Minute": 5149860.0,
  "Minute_Fluctuation": 0.0,
  "Minute_5": 5149860.0,
  "Minute_5_Fluctuation": 0.0,
  "Minute_10": 5149860.0,
  "Minute_10_Fluctuation": 0.0,
  "Hour": 5149860.0,
  "Hour_Fluctuation": 0.0,
  "Day": 5149860.0,
  "Day_Fluctuation": 0.0,
  "Week": 5149860.0,
  "Week_Fluctuation": 0.23557594837896098,
  "Updated": "2018-07-27T17:50:24.5756006Z"
}
