{
  "Live": 5171103.48072751,
  "Minute": 5171103.48072751,
  "Minute_Fluctuation": 0.0,
  "Minute_5": 5171103.48072751,
  "Minute_5_Fluctuation": 0.0,
  "Minute_10": 5171103.48072751,
  "Minute_10_Fluctuation": 0.0,
  "Hour": 5171103.48072751,
  "Hour_Fluctuation": 0.0,
  "Day": 5170709.62321312,
  "Day_Fluctuation": 0.00028135611005567082,
  "Week": 5171103.48072751,
  "Week_Fluctuation": 0.23783623999925316,
  "Updated": "2018-07-27T17:50:24.601005Z"
}
