{
  "Live": 4737218.0562687,
  "Minute": 4737218.0562687,
  "Minute_Fluctuation": 0.0,
  "Minute_5": 4737218.0562687,
  "Minute_5_Fluctuation": 0.0,
  "Minute_10": 4737218.0562687,
  "Minute_10_Fluctuation": 0.0,
  "Hour": 4737218.0562687,
  "Hour_Fluctuation": 0.0,
  "Day": 4740902.47440049,
  "Day_Fluctuation": 0.0022355457399376027,
  "Week": 4737218.0562687,
  "Week_Fluctuation": 0.20817245719026345,
  "Updated": "2018-07-27T17:50:24.5577147Z"
}
