{
  "Live": 5211420.0,
  "Minute": 5211420.0,
  "Minute_Fluctuation": 0.0,
  "Minute_5": 5211420.0,
  "Minute_5_Fluctuation": 0.0,
  "Minute_10": 5211420.0,
  "Minute_10_Fluctuation": 0.0,
  "Hour": 5211420.0,
  "Hour_Fluctuation": 0.0,
  "Day": 5211420.0,
  "Day_Fluctuation": 0.0,
  "Week": 5211420.0,
  "Week_Fluctuation": 0.2383899825115115,
  "Updated": "2018-07-27T17:50:24.6483583Z"
}
