{
  "Live": 3398722.98869456,
  "Minute": 3398722.98869456,
  "Minute_Fluctuation": 0.0,
  "Minute_5": 3398722.98869456,
  "Minute_5_Fluctuation": 0.0,
  "Minute_10": 3398722.98869456,
  "Minute_10_Fluctuation": 0.0,
  "Hour": 3398722.98869456,
  "Hour_Fluctuation": 0.0,
  "Day": 3392233.68133099,
  "Day_Fluctuation": 0.0065811445827772715,
  "Week": 3398722.98869456,
  "Week_Fluctuation": 0.24203492221758349,
  "Updated": "2018-07-27T17:50:25.0309978Z"
}
