{
  "Live": 3207420.43224991,
  "Minute": 3207420.43224991,
  "Minute_Fluctuation": 0.0,
  "Minute_5": 3207420.43224991,
  "Minute_5_Fluctuation": 0.0084518293283518849,
  "Minute_10": 3207420.43224991,
  "Minute_10_Fluctuation": 0.03190438132254704,
  "Hour": 3243664.82033732,
  "Hour_Fluctuation": 0.016664059441259583,
  "Day": 3206816.09720374,
  "Day_Fluctuation": 0.0039290106276475608,
  "Week": 3207420.43224991,
  "Week_Fluctuation": 0.23133373169471633,
  "Updated": "2018-07-27T17:50:24.911745Z"
}
