{
  "Live": 5084480.0,
  "Minute": 5084480.0,
  "Minute_Fluctuation": 0.0,
  "Minute_5": 5084480.0,
  "Minute_5_Fluctuation": 0.0,
  "Minute_10": 5084480.0,
  "Minute_10_Fluctuation": 0.0,
  "Hour": 5084480.0,
  "Hour_Fluctuation": 0.0,
  "Day": 5084480.0,
  "Day_Fluctuation": 0.0,
  "Week": 5084480.0,
  "Week_Fluctuation": 0.23705722223986969,
  "Updated": "2018-07-27T17:50:24.6092223Z"
}
