{
  "Live": 4562140.0,
  "Minute": 4562140.0,
  "Minute_Fluctuation": 0.0,
  "Minute_5": 4562140.0,
  "Minute_5_Fluctuation": 0.0,
  "Minute_10": 4562140.0,
  "Minute_10_Fluctuation": 0.0,
  "Hour": 4562140.0,
  "Hour_Fluctuation": 0.0,
  "Day": 4562140.0,
  "Day_Fluctuation": 0.0,
  "Week": 4562140.0,
  "Week_Fluctuation": 0.20879330263549992,
  "Updated": "2018-07-27T17:50:24.5474868Z"
}
