{
  "Live": 2905521.62347919,
  "Minute": 2905521.62347919,
  "Minute_Fluctuation": 0.0,
  "Minute_5": 2905521.62347919,
  "Minute_5_Fluctuation": 0.0,
  "Minute_10": 2905521.62347919,
  "Minute_10_Fluctuation": 0.0,
  "Hour": 2905521.62347919,
  "Hour_Fluctuation": 0.0,
  "Day": 2909979.96559051,
  "Day_Fluctuation": 0.0067439703830871577,
  "Week": 2905521.62347919,
  "Week_Fluctuation": 0.21546009951417222,
  "Updated": "2018-07-27T17:50:24.8258443Z"
}
