{
  "Live": 5038963.62150364,
  "Minute": 5038963.62150364,
  "Minute_Fluctuation": 0.0,
  "Minute_5": 5038963.62150364,
  "Minute_5_Fluctuation": 0.0,
  "Minute_10": 5038963.62150364,
  "Minute_10_Fluctuation": 0.0,
  "Hour": 5038963.62150364,
  "Hour_Fluctuation": 0.0,
  "Day": 5040450.15663403,
  "Day_Fluctuation": 0.0016232861708810873,
  "Week": 5038963.62150364,
  "Week_Fluctuation": 0.21858088552852542,
  "Updated": "2018-07-27T17:50:24.4929566Z"
}
