{
  "Live": 4902910.0,
  "Minute": 4902910.0,
  "Minute_Fluctuation": 0.0,
  "Minute_5": 4902910.0,
  "Minute_5_Fluctuation": 0.0,
  "Minute_10": 4902910.0,
  "Minute_10_Fluctuation": 0.0,
  "Hour": 4902910.0,
  "Hour_Fluctuation": 0.0,
  "Day": 4902910.0,
  "Day_Fluctuation": 0.0,
  "Week": 4902910.0,
  "Week_Fluctuation": 0.21864366829496956,
  "Updated": "2018-07-27T17:50:24.3750367Z"
}
