{
  "Live": 10488964.1920427,
  "Minute": 10488964.1920427,
  "Minute_Fluctuation": 0.0,
  "Minute_5": 10488964.1920427,
  "Minute_5_Fluctuation": 0.0,
  "Minute_10": 10488964.1920427,
  "Minute_10_Fluctuation": 0.0,
  "Hour": 10488964.1920427,
  "Hour_Fluctuation": 0.0,
  "Day": 10158244.4659023,
  "Day_Fluctuation": 0.075129578433656252,
  "Week": 10488964.1920427,
  "Week_Fluctuation": 0.24950916491975933,
  "Updated": "2018-07-27T17:50:25.0973788Z"
}
