{
  "Live": 10647040.0,
  "Minute": 10647040.0,
  "Minute_Fluctuation": 0.0,
  "Minute_5": 10647040.0,
  "Minute_5_Fluctuation": 0.0,
  "Minute_10": 10647040.0,
  "Minute_10_Fluctuation": 0.0,
  "Hour": 10647040.0,
  "Hour_Fluctuation": 0.0,
  "Day": 10647040.0,
  "Day_Fluctuation": 0.0,
  "Week": 10647040.0,
  "Week_Fluctuation": 0.23266061065545454,
  "Updated": "2018-07-27T17:50:25.1127162Z"
}
