{
  "Live": 13436583.07928,
  "Minute": 13436583.07928,
  "Minute_Fluctuation": 0.0,
  "Minute_5": 13436583.07928,
  "Minute_5_Fluctuation": 0.0,
  "Minute_10": 13436583.07928,
  "Minute_10_Fluctuation": 0.0,
  "Hour": 13546961.5573217,
  "Hour_Fluctuation": 0.016457936467792967,
  "Day": 13520564.1975897,
  "Day_Fluctuation": 0.018588607242608433,
  "Week": 13436583.07928,
  "Week_Fluctuation": 0.23661179329262008,
  "Updated": "2018-07-27T17:50:25.0810807Z"
}
