{
  "Live": 10697700.0,
  "Minute": 10697700.0,
  "Minute_Fluctuation": 0.0,
  "Minute_5": 10697700.0,
  "Minute_5_Fluctuation": 0.0,
  "Minute_10": 10697700.0,
  "Minute_10_Fluctuation": 0.0,
  "Hour": 10697700.0,
  "Hour_Fluctuation": 0.0,
  "Day": 10697700.0,
  "Day_Fluctuation": 0.0,
  "Week": 10697700.0,
  "Week_Fluctuation": 0.2360637403629556,
  "Updated": "2018-07-27T17:50:25.1280291Z"
}
