{
  "Live": 12644180.0,
  "Minute": 12644180.0,
  "Minute_Fluctuation": 0.0,
  "Minute_5": 12644180.0,
  "Minute_5_Fluctuation": 0.0,
  "Minute_10": 12644180.0,
  "Minute_10_Fluctuation": 0.0,
  "Hour": 12644180.0,
  "Hour_Fluctuation": 0.0,
  "Day": 12644180.0,
  "Day_Fluctuation": 0.0,
  "Week": 12644180.0,
  "Week_Fluctuation": 0.23971313012336259,
  "Updated": "2018-07-27T17:50:25.0474464Z"
}
