{
  "Live": 10379344.9081614,
  "Minute": 10379344.9081614,
  "Minute_Fluctuation": 0.0,
  "Minute_5": 10379344.9081614,
  "Minute_5_Fluctuation": 0.0,
  "Minute_10": 10379344.9081614,
  "Minute_10_Fluctuation": 0.0,
  "Hour": 10379344.9081614,
  "Hour_Fluctuation": 0.0,
  "Day": 10221355.4849634,
  "Day_Fluctuation": 0.056740936003113,
  "Week": 10379344.9081614,
  "Week_Fluctuation": 0.25036773173060572,
  "Updated": "2018-07-27T17:50:25.1198605Z"
}
