{
  "Live": 12733148.9840247,
  "Minute": 12733148.9840247,
  "Minute_Fluctuation": 0.0,
  "Minute_5": 12733148.9840247,
  "Minute_5_Fluctuation": 0.0,
  "Minute_10": 12733148.9840247,
  "Minute_10_Fluctuation": 0.0,
  "Hour": 12733148.9840247,
  "Hour_Fluctuation": 0.0,
  "Day": 12737372.1863811,
  "Day_Fluctuation": 0.0012493137409552366,
  "Week": 12733148.9840247,
  "Week_Fluctuation": 0.23849730171666744,
  "Updated": "2018-07-27T17:50:25.0386259Z"
}
