{
  "Live": 16214130.0,
  "Minute": 16214130.0,
  "Minute_Fluctuation": 0.0,
  "Minute_5": 16214130.0,
  "Minute_5_Fluctuation": 0.0,
  "Minute_10": 16214130.0,
  "Minute_10_Fluctuation": 0.0,
  "Hour": 16214130.0,
  "Hour_Fluctuation": 0.0,
  "Day": 16214130.0,
  "Day_Fluctuation": 0.0,
  "Week": 16214130.0,
  "Week_Fluctuation": 0.23171659186656599,
  "Updated": "2018-07-27T17:50:25.0550794Z"
}
