{
  "Live": 14185080.0,
  "Minute": 14185080.0,
  "Minute_Fluctuation": 0.0,
  "Minute_5": 14185080.0,
  "Minute_5_Fluctuation": 0.0,
  "Minute_10": 14185080.0,
  "Minute_10_Fluctuation": 0.0,
  "Hour": 14185080.0,
  "Hour_Fluctuation": 0.0,
  "Day": 14185080.0,
  "Day_Fluctuation": 0.0,
  "Week": 14185080.0,
  "Week_Fluctuation": 0.23140171559630709,
  "Updated": "2018-07-27T17:50:25.3641128Z"
}
