{
  "Live": 5290700.0,
  "Minute": 5290700.0,
  "Minute_Fluctuation": 0.0,
  "Minute_5": 5290700.0,
  "Minute_5_Fluctuation": 0.0,
  "Minute_10": 5290700.0,
  "Minute_10_Fluctuation": 0.0,
  "Hour": 5290700.0,
  "Hour_Fluctuation": 0.0,
  "Day": 5290700.0,
  "Day_Fluctuation": 0.0,
  "Week": 5290700.0,
  "Week_Fluctuation": 0.23216359827225161,
  "Updated": "2018-07-27T17:50:25.4175703Z"
}
