{
  "Live": 21661805.2393941,
  "Minute": 21661805.2393941,
  "Minute_Fluctuation": 0.0,
  "Minute_5": 21661805.2393941,
  "Minute_5_Fluctuation": 0.0,
  "Minute_10": 21661805.2393941,
  "Minute_10_Fluctuation": 0.0,
  "Hour": 21661805.2393941,
  "Hour_Fluctuation": 0.0,
  "Day": 21620451.1214519,
  "Day_Fluctuation": 0.0067046564440333464,
  "Week": 21661805.2393941,
  "Week_Fluctuation": 0.2491673931815481,
  "Updated": "2018-07-27T17:50:25.2081854Z"
}
