{
  "Live": 122038982.901825,
  "Minute": 122038982.901825,
  "Minute_Fluctuation": 0.0,
  "Minute_5": 122038982.901825,
  "Minute_5_Fluctuation": 0.0,
  "Minute_10": 122038982.901825,
  "Minute_10_Fluctuation": 0.0,
  "Hour": 122038982.901825,
  "Hour_Fluctuation": 0.0,
  "Day": 122182318.662059,
  "Day_Fluctuation": 0.012814978509123729,
  "Week": 122038982.901825,
  "Week_Fluctuation": 0.243111722671286,
  "Updated": "2018-07-27T17:50:25.2939169Z"
}
