{
  "Live": 8494270.0,
  "Minute": 8494270.0,
  "Minute_Fluctuation": 0.0,
  "Minute_5": 8494270.0,
  "Minute_5_Fluctuation": 0.0,
  "Minute_10": 8494270.0,
  "Minute_10_Fluctuation": 0.0,
  "Hour": 8494270.0,
  "Hour_Fluctuation": 0.0,
  "Day": 8494270.0,
  "Day_Fluctuation": 0.0,
  "Week": 8494270.0,
  "Week_Fluctuation": 0.22026474459307438,
  "Updated": "2018-07-27T17:50:25.3249588Z"
}
