{
  "Live": 8446850.0,
  "Minute": 8446850.0,
  "Minute_Fluctuation": 0.0,
  "Minute_5": 8446850.0,
  "Minute_5_Fluctuation": 0.0,
  "Minute_10": 8446850.0,
  "Minute_10_Fluctuation": 0.0,
  "Hour": 8446850.0,
  "Hour_Fluctuation": 0.0,
  "Day": 8446850.0,
  "Day_Fluctuation": 0.0,
  "Week": 8446850.0,
  "Week_Fluctuation": 0.22102637360139002,
  "Updated": "2018-07-27T17:50:25.2854603Z"
}
