{
  "Live": 8401870.0,
  "Minute": 8401870.0,
  "Minute_Fluctuation": 0.0,
  "Minute_5": 8401870.0,
  "Minute_5_Fluctuation": 0.0,
  "Minute_10": 8401870.0,
  "Minute_10_Fluctuation": 0.0,
  "Hour": 8401870.0,
  "Hour_Fluctuation": 0.0,
  "Day": 8401870.0,
  "Day_Fluctuation": 0.0,
  "Week": 8401870.0,
  "Week_Fluctuation": 0.23026011133877153,
  "Updated": "2018-07-27T17:50:25.2308977Z"
}
