{
  "Live": 4363140.0,
  "Minute": 4363140.0,
  "Minute_Fluctuation": 0.0,
  "Minute_5": 4363140.0,
  "Minute_5_Fluctuation": 0.0,
  "Minute_10": 4363140.0,
  "Minute_10_Fluctuation": 0.0,
  "Hour": 4363140.0,
  "Hour_Fluctuation": 0.0,
  "Day": 4363140.0,
  "Day_Fluctuation": 0.0,
  "Week": 4363140.0,
  "Week_Fluctuation": 0.23058343215853647,
  "Updated": "2018-07-27T17:50:25.4806267Z"
}
