{
  "Live": 8429040.0,
  "Minute": 8429040.0,
  "Minute_Fluctuation": 0.0,
  "Minute_5": 8429040.0,
  "Minute_5_Fluctuation": 0.0,
  "Minute_10": 8429040.0,
  "Minute_10_Fluctuation": 0.0,
  "Hour": 8429040.0,
  "Hour_Fluctuation": 0.0,
  "Day": 8429040.0,
  "Day_Fluctuation": 0.0,
  "Week": 8429040.0,
  "Week_Fluctuation": 0.24283742373136397,
  "Updated": "2018-07-27T17:50:25.2782534Z"
}
