{
  "Live": 8596530.0,
  "Minute": 8596530.0,
  "Minute_Fluctuation": 0.0,
  "Minute_5": 8596530.0,
  "Minute_5_Fluctuation": 0.0,
  "Minute_10": 8596530.0,
  "Minute_10_Fluctuation": 0.0,
  "Hour": 8596530.0,
  "Hour_Fluctuation": 0.0,
  "Day": 8596530.0,
  "Day_Fluctuation": 0.0,
  "Week": 8596530.0,
  "Week_Fluctuation": 0.23042117842282905,
  "Updated": "2018-07-27T17:50:25.2153304Z"
}
