{
  "Live": 7346250.0,
  "Minute": 7346250.0,
  "Minute_Fluctuation": 0.0,
  "Minute_5": 7346250.0,
  "Minute_5_Fluctuation": 0.0,
  "Minute_10": 7346250.0,
  "Minute_10_Fluctuation": 0.0,
  "Hour": 7346250.0,
  "Hour_Fluctuation": 0.0,
  "Day": 7346250.0,
  "Day_Fluctuation": 0.0,
  "Week": 7346250.0,
  "Week_Fluctuation": 0.22993558148101695,
  "Updated": "2018-07-27T17:50:25.2545507Z"
}
