{
  "Live": 4507750.0,
  "Minute": 4507750.0,
  "Minute_Fluctuation": 0.0,
  "Minute_5": 4507750.0,
  "Minute_5_Fluctuation": 0.0,
  "Minute_10": 4507750.0,
  "Minute_10_Fluctuation": 0.0,
  "Hour": 4507750.0,
  "Hour_Fluctuation": 0.0,
  "Day": 4507750.0,
  "Day_Fluctuation": 0.0,
  "Week": 4507750.0,
  "Week_Fluctuation": 0.219615620434617,
  "Updated": "2018-07-27T17:50:25.465037Z"
}
