{
  "Live": 76832562.186722,
  "Minute": 76832562.186722,
  "Minute_Fluctuation": 0.0,
  "Minute_5": 76832562.186722,
  "Minute_5_Fluctuation": 0.0,
  "Minute_10": 76832562.186722,
  "Minute_10_Fluctuation": 0.0,
  "Hour": 76832562.186722,
  "Hour_Fluctuation": 1.9542783418613628E-09,
  "Day": 76630421.820381,
  "Day_Fluctuation": 0.012586274351539537,
  "Week": 76832562.186722,
  "Week_Fluctuation": 0.23624745071857103,
  "Updated": "2018-07-27T17:50:25.4258188Z"
}
