{
  "Live": 80873761.3189047,
  "Minute": 80873761.3189047,
  "Minute_Fluctuation": 0.0,
  "Minute_5": 80873761.3189047,
  "Minute_5_Fluctuation": 0.0,
  "Minute_10": 80873761.3189047,
  "Minute_10_Fluctuation": 0.0,
  "Hour": 80873761.3189047,
  "Hour_Fluctuation": 0.0,
  "Day": 80787618.2027595,
  "Day_Fluctuation": 0.0047767179835096181,
  "Week": 80873761.3189047,
  "Week_Fluctuation": 0.2334724723430652,
  "Updated": "2018-07-27T17:50:25.175949Z"
}
