{
  "Live": 14057427.0494925,
  "Minute": 14057427.0494925,
  "Minute_Fluctuation": 0.0,
  "Minute_5": 14057427.0494925,
  "Minute_5_Fluctuation": 0.0,
  "Minute_10": 14057427.0494925,
  "Minute_10_Fluctuation": 0.0,
  "Hour": 14057427.0494925,
  "Hour_Fluctuation": 0.0,
  "Day": 14040398.6621343,
  "Day_Fluctuation": 0.0042725092501144377,
  "Week": 14057427.0494925,
  "Week_Fluctuation": 0.248617718621874,
  "Updated": "2018-07-27T17:50:25.3867443Z"
}
