{
  "Live": 18660820.0,
  "Minute": 18660820.0,
  "Minute_Fluctuation": 0.0,
  "Minute_5": 18660820.0,
  "Minute_5_Fluctuation": 0.0,
  "Minute_10": 18660820.0,
  "Minute_10_Fluctuation": 0.0,
  "Hour": 18660820.0,
  "Hour_Fluctuation": 0.0,
  "Day": 18660820.0,
  "Day_Fluctuation": 0.0,
  "Week": 18660820.0,
  "Week_Fluctuation": 0.23410764605768203,
  "Updated": "2018-07-27T17:50:25.2698552Z"
}
