{
  "Live": 8632570.0,
  "Minute": 8632570.0,
  "Minute_Fluctuation": 0.0,
  "Minute_5": 8632570.0,
  "Minute_5_Fluctuation": 0.0,
  "Minute_10": 8632570.0,
  "Minute_10_Fluctuation": 0.0,
  "Hour": 8632570.0,
  "Hour_Fluctuation": 0.0,
  "Day": 8632570.0,
  "Day_Fluctuation": 0.0,
  "Week": 8632570.0,
  "Week_Fluctuation": 0.23216271782597045,
  "Updated": "2018-07-27T17:50:25.239139Z"
}
