{
  "Live": 7457370.0,
  "Minute": 7457370.0,
  "Minute_Fluctuation": 0.0,
  "Minute_5": 7457370.0,
  "Minute_5_Fluctuation": 0.0,
  "Minute_10": 7457370.0,
  "Minute_10_Fluctuation": 0.0,
  "Hour": 7457370.0,
  "Hour_Fluctuation": 0.0,
  "Day": 7457370.0,
  "Day_Fluctuation": 0.0,
  "Week": 7457370.0,
  "Week_Fluctuation": 0.23156715816192883,
  "Updated": "2018-07-27T17:50:25.3011621Z"
}
