{
  "Live": 5256660.0,
  "Minute": 5256660.0,
  "Minute_Fluctuation": 0.0,
  "Minute_5": 5256660.0,
  "Minute_5_Fluctuation": 0.0,
  "Minute_10": 5256660.0,
  "Minute_10_Fluctuation": 0.0,
  "Hour": 5256660.0,
  "Hour_Fluctuation": 0.0,
  "Day": 5256660.0,
  "Day_Fluctuation": 0.0,
  "Week": 5256660.0,
  "Week_Fluctuation": 0.23090801855853341,
  "Updated": "2018-07-27T17:50:25.4410739Z"
}
