{
  "Live": 75363465.6276209,
  "Minute": 75363465.6276209,
  "Minute_Fluctuation": 0.0,
  "Minute_5": 75363465.6276209,
  "Minute_5_Fluctuation": 0.0,
  "Minute_10": 75363465.6276209,
  "Minute_10_Fluctuation": 0.0,
  "Hour": 75363465.6276209,
  "Hour_Fluctuation": 1.0773882393229658E-05,
  "Day": 75963809.7442325,
  "Day_Fluctuation": 0.0240541045447637,
  "Week": 75363465.6276209,
  "Week_Fluctuation": 0.24363609214380685,
  "Updated": "2018-07-27T17:50:25.4721594Z"
}
