{
  "Live": 7670430.0,
  "Minute": 7670430.0,
  "Minute_Fluctuation": 0.0,
  "Minute_5": 7670430.0,
  "Minute_5_Fluctuation": 0.0,
  "Minute_10": 7670430.0,
  "Minute_10_Fluctuation": 0.0,
  "Hour": 7670430.0,
  "Hour_Fluctuation": 0.0,
  "Day": 7670430.0,
  "Day_Fluctuation": 0.0,
  "Week": 7670430.0,
  "Week_Fluctuation": 0.23106966076939867,
  "Updated": "2018-07-27T17:50:25.1916085Z"
}
