{
  "Live": 13320960.0,
  "Minute": 13320960.0,
  "Minute_Fluctuation": 0.0,
  "Minute_5": 13320960.0,
  "Minute_5_Fluctuation": 0.0,
  "Minute_10": 13320960.0,
  "Minute_10_Fluctuation": 0.0,
  "Hour": 13320960.0,
  "Hour_Fluctuation": 0.0,
  "Day": 13320960.0,
  "Day_Fluctuation": 0.0,
  "Week": 13320960.0,
  "Week_Fluctuation": 0.21977718955646602,
  "Updated": "2018-07-27T17:50:25.4495084Z"
}
