{
  "Live": 5290540.0,
  "Minute": 5290540.0,
  "Minute_Fluctuation": 0.0,
  "Minute_5": 5290540.0,
  "Minute_5_Fluctuation": 0.0,
  "Minute_10": 5290540.0,
  "Minute_10_Fluctuation": 0.0,
  "Hour": 5290540.0,
  "Hour_Fluctuation": 0.0,
  "Day": 5290540.0,
  "Day_Fluctuation": 0.0,
  "Week": 5290540.0,
  "Week_Fluctuation": 0.24072646468175382,
  "Updated": "2018-07-27T17:50:25.3320355Z"
}
