{
  "Live": 8604500.0,
  "Minute": 8604500.0,
  "Minute_Fluctuation": 0.0,
  "Minute_5": 8604500.0,
  "Minute_5_Fluctuation": 0.0,
  "Minute_10": 8604500.0,
  "Minute_10_Fluctuation": 0.0,
  "Hour": 8604500.0,
  "Hour_Fluctuation": 0.0,
  "Day": 8604500.0,
  "Day_Fluctuation": 0.0,
  "Week": 8604500.0,
  "Week_Fluctuation": 0.23122899257974755,
  "Updated": "2018-07-27T17:50:25.168501Z"
}
