{
  "Live": 5234760.0,
  "Minute": 5234760.0,
  "Minute_Fluctuation": 0.0,
  "Minute_5": 5234760.0,
  "Minute_5_Fluctuation": 0.0,
  "Minute_10": 5234760.0,
  "Minute_10_Fluctuation": 0.0,
  "Hour": 5234760.0,
  "Hour_Fluctuation": 0.0,
  "Day": 5234760.0,
  "Day_Fluctuation": 0.0,
  "Week": 5234760.0,
  "Week_Fluctuation": 0.23206180129867768,
  "Updated": "2018-07-27T17:50:25.371189Z"
}
