{
  "Live": 45248400.0,
  "Minute": 45248400.0,
  "Minute_Fluctuation": 0.0,
  "Minute_5": 45248400.0,
  "Minute_5_Fluctuation": 0.0,
  "Minute_10": 45248400.0,
  "Minute_10_Fluctuation": 0.0,
  "Hour": 45248400.0,
  "Hour_Fluctuation": 0.0,
  "Day": 45248400.0,
  "Day_Fluctuation": 0.0,
  "Week": 45248400.0,
  "Week_Fluctuation": 0.23282088217270844,
  "Updated": "2018-07-27T17:50:25.3558233Z"
}
