{
  "Live": 9737902.78302751,
  "Minute": 9737902.78302751,
  "Minute_Fluctuation": 0.0,
  "Minute_5": 9737902.78302751,
  "Minute_5_Fluctuation": 0.0,
  "Minute_10": 9737902.78302751,
  "Minute_10_Fluctuation": 0.0,
  "Hour": 9769532.69681949,
  "Hour_Fluctuation": 0.0098694990937754391,
  "Day": 10390904.8655238,
  "Day_Fluctuation": 0.22555540099775043,
  "Week": 9737902.78302751,
  "Week_Fluctuation": 0.43623269630054434,
  "Updated": "2018-07-27T17:50:25.379588Z"
}
