{
  "Live": 52018632.6995264,
  "Minute": 52018632.6995264,
  "Minute_Fluctuation": 0.0,
  "Minute_5": 52018632.6995264,
  "Minute_5_Fluctuation": 0.0,
  "Minute_10": 52018632.6995264,
  "Minute_10_Fluctuation": 0.0,
  "Hour": 52018632.6995264,
  "Hour_Fluctuation": 0.0,
  "Day": 52019106.0313624,
  "Day_Fluctuation": 4.1107223599630725E-05,
  "Week": 52018632.6995264,
  "Week_Fluctuation": 0.24039884018032284,
  "Updated": "2018-07-27T17:50:25.340188Z"
}
