{
  "Live": 5234340.0,
  "Minute": 5234340.0,
  "Minute_Fluctuation": 0.0,
  "Minute_5": 5234340.0,
  "Minute_5_Fluctuation": 0.0,
  "Minute_10": 5234340.0,
  "Minute_10_Fluctuation": 0.0,
  "Hour": 5234340.0,
  "Hour_Fluctuation": 0.0,
  "Day": 5234340.0,
  "Day_Fluctuation": 0.0,
  "Week": 5234340.0,
  "Week_Fluctuation": 0.22026567360822172,
  "Updated": "2018-07-27T17:50:25.4104467Z"
}
