{
  "Live": 5260500.0,
  "Minute": 5260500.0,
  "Minute_Fluctuation": 0.0,
  "Minute_5": 5260500.0,
  "Minute_5_Fluctuation": 0.0,
  "Minute_10": 5260500.0,
  "Minute_10_Fluctuation": 0.0,
  "Hour": 5260500.0,
  "Hour_Fluctuation": 0.0,
  "Day": 5260500.0,
  "Day_Fluctuation": 0.0,
  "Week": 5260500.0,
  "Week_Fluctuation": 0.23107049437942515,
  "Updated": "2018-07-27T17:50:25.4567197Z"
}
