{
  "Live": 73031350.0,
  "Minute": 73031350.0,
  "Minute_Fluctuation": 0.0,
  "Minute_5": 73031350.0,
  "Minute_5_Fluctuation": 0.0,
  "Minute_10": 73031350.0,
  "Minute_10_Fluctuation": 0.0,
  "Hour": 73031350.0,
  "Hour_Fluctuation": 0.0,
  "Day": 73031350.0,
  "Day_Fluctuation": 0.0,
  "Week": 73031350.0,
  "Week_Fluctuation": 0.23394629625170263,
  "Updated": "2018-07-27T17:50:25.159719Z"
}
