{
  "Live": 5294390.0,
  "Minute": 5294390.0,
  "Minute_Fluctuation": 0.0,
  "Minute_5": 5294390.0,
  "Minute_5_Fluctuation": 0.0,
  "Minute_10": 5294390.0,
  "Minute_10_Fluctuation": 0.0,
  "Hour": 5294390.0,
  "Hour_Fluctuation": 0.0,
  "Day": 5294390.0,
  "Day_Fluctuation": 0.0,
  "Week": 5294390.0,
  "Week_Fluctuation": 0.22010609741537507,
  "Updated": "2018-07-27T17:50:25.3950059Z"
}
