{
  "Live": 5178750.0,
  "Minute": 5178750.0,
  "Minute_Fluctuation": 0.0,
  "Minute_5": 5178750.0,
  "Minute_5_Fluctuation": 0.0,
  "Minute_10": 5178750.0,
  "Minute_10_Fluctuation": 0.0,
  "Hour": 5178750.0,
  "Hour_Fluctuation": 0.0,
  "Day": 5178750.0,
  "Day_Fluctuation": 0.0,
  "Week": 5178750.0,
  "Week_Fluctuation": 0.23573960540150571,
  "Updated": "2018-07-27T17:50:25.4329608Z"
}
