{
  "Live": 5201280.0,
  "Minute": 5201280.0,
  "Minute_Fluctuation": 0.0,
  "Minute_5": 5201280.0,
  "Minute_5_Fluctuation": 0.0,
  "Minute_10": 5201280.0,
  "Minute_10_Fluctuation": 0.0,
  "Hour": 5201280.0,
  "Hour_Fluctuation": 0.0,
  "Day": 5201280.0,
  "Day_Fluctuation": 0.0,
  "Week": 5201280.0,
  "Week_Fluctuation": 0.21832253495130066,
  "Updated": "2018-07-27T17:50:25.5064304Z"
}
