{
  "Live": 22242380.0,
  "Minute": 22242380.0,
  "Minute_Fluctuation": 0.0,
  "Minute_5": 22242380.0,
  "Minute_5_Fluctuation": 0.0,
  "Minute_10": 22242380.0,
  "Minute_10_Fluctuation": 0.0,
  "Hour": 22242380.0,
  "Hour_Fluctuation": 0.0,
  "Day": 22242380.0,
  "Day_Fluctuation": 0.0,
  "Week": 22242380.0,
  "Week_Fluctuation": 0.23988188214387746,
  "Updated": "2018-07-27T17:50:25.1844803Z"
}
