{
  "Live": 0.0000000000000652131,
  "Minute": 0.0000000000000692688946748806,
  "Minute_Fluctuation": 0.016630786280670266,
  "Minute_5": 0.000000000000069732017427948,
  "Minute_5_Fluctuation": 0.014526523114271803,
  "Minute_10": 0.0000000000000697899077720814,
  "Minute_10_Fluctuation": 0.036172365219893643,
  "Hour": 0.0000000000000676556111380457,
  "Hour_Fluctuation": 0.04002798848275755,
  "Day": 0.0000000000000694753007394484,
  "Day_Fluctuation": 0.26971636166487745,
  "Week": 0.0000000000000698477406853178,
  "Week_Fluctuation": 0.46034710830529252,
  "Updated": "2018-07-27T17:50:33.0473038Z"
}
