{
  "Live": 0.0000000000000151223,
  "Minute": 0.0000000000000184503235581985,
  "Minute_Fluctuation": 0.0473337563305606,
  "Minute_5": 0.0000000000000188306056340679,
  "Minute_5_Fluctuation": 0.082653436256965682,
  "Minute_10": 0.0000000000000188781408935515,
  "Minute_10_Fluctuation": 0.21215893777530118,
  "Hour": 0.0000000000000166293971176783,
  "Hour_Fluctuation": 0.17702212451721533,
  "Day": 0.0000000000000184905916360321,
  "Day_Fluctuation": 0.29214159516167387,
  "Week": 0.0000000000000189256289950397,
  "Week_Fluctuation": 0.46383871533788584,
  "Updated": "2018-07-27T17:50:33.0807119Z"
}
