{
  "Live": 0.0000000055941501858,
  "Minute": 0.00000000552604449787998,
  "Minute_Fluctuation": 0.00309525147524477,
  "Minute_5": 0.00000000551789812057493,
  "Minute_5_Fluctuation": 0.00081773663023321241,
  "Minute_10": 0.0000000055168798234118,
  "Minute_10_Fluctuation": 0.0032525862557608184,
  "Hour": 0.00000000549073278628532,
  "Hour_Fluctuation": 0.00759737448362723,
  "Day": 0.00000000551632642278957,
  "Day_Fluctuation": 0.26546309497445847,
  "Week": 0.00000000551586253646411,
  "Week_Fluctuation": 0.45970501798115604,
  "Updated": "2018-07-27T17:50:33.3255146Z"
}
