{
  "Live": 0.0000000000086959433,
  "Minute": 0.00000000000939731921198659,
  "Minute_Fluctuation": 0.015245472949536329,
  "Minute_5": 0.00000000000948316297422963,
  "Minute_5_Fluctuation": 0.00711777629881466,
  "Minute_10": 0.00000000000949389344451001,
  "Minute_10_Fluctuation": 0.018370016088126825,
  "Hour": 0.00000000000939509268480393,
  "Hour_Fluctuation": 0.03553082589648935,
  "Day": 0.00000000000949550071268606,
  "Day_Fluctuation": 0.27248274696988217,
  "Week": 0.00000000000950461326948257,
  "Week_Fluctuation": 0.46099101497439759,
  "Updated": "2018-07-27T17:50:33.5583068Z"
}
