{
  "Live": 0.0000000000039507712,
  "Minute": 0.00000000000393939902086049,
  "Minute_Fluctuation": 0.0049881711394580827,
  "Minute_5": 0.00000000000393804833482847,
  "Minute_5_Fluctuation": 0.0068045697598216959,
  "Minute_10": 0.00000000000393787949907446,
  "Minute_10_Fluctuation": 0.015579530586709613,
  "Hour": 0.00000000000396186422604862,
  "Hour_Fluctuation": 0.0088900583534959176,
  "Day": 0.00000000000393980317279746,
  "Day_Fluctuation": 0.26414118786561941,
  "Week": 0.00000000000393771083081625,
  "Week_Fluctuation": 0.45948334409376573,
  "Updated": "2018-07-27T17:50:33.2902729Z"
}
