{
  "Live": 0.0000000000387871378,
  "Minute": 0.0000000000361437128670122,
  "Minute_Fluctuation": 0.019595383017916718,
  "Minute_5": 0.0000000000358198890935868,
  "Minute_5_Fluctuation": 0.012748841085829743,
  "Minute_10": 0.0000000000357794111219087,
  "Minute_10_Fluctuation": 0.027408347210902895,
  "Hour": 0.0000000000365443904249709,
  "Hour_Fluctuation": 0.027553534464800543,
  "Day": 0.0000000000359076129393447,
  "Day_Fluctuation": 0.27111621970980554,
  "Week": 0.0000000000357389733069484,
  "Week_Fluctuation": 0.46065087547773881,
  "Updated": "2018-07-27T17:50:33.5344445Z"
}
