{
  "Live": 0.0000000000005081539,
  "Minute": 0.000000000000502306955033334,
  "Minute_Fluctuation": 0.0062791959909548507,
  "Minute_5": 0.000000000000501631846727256,
  "Minute_5_Fluctuation": 0.0056434673893125216,
  "Minute_10": 0.000000000000501547458188996,
  "Minute_10_Fluctuation": 0.0070218095137042913,
  "Hour": 0.000000000000510149073585763,
  "Hour_Fluctuation": 0.042967842361194941,
  "Day": 0.00000000000050264871088488,
  "Day_Fluctuation": 0.26939252766825095,
  "Week": 0.000000000000501463153369524,
  "Week_Fluctuation": 0.4603005159964253,
  "Updated": "2018-07-27T17:50:33.128087Z"
}
