{
  "Live": 0.0000000000020276686,
  "Minute": 0.00000000000151455030803648,
  "Minute_Fluctuation": 0.098795575981464184,
  "Minute_5": 0.00000000000145273427636132,
  "Minute_5_Fluctuation": 0.078374571470083282,
  "Minute_10": 0.00000000000144500727240192,
  "Minute_10_Fluctuation": 0.17002160397786642,
  "Hour": 0.0000000000016818951300345,
  "Hour_Fluctuation": 0.17829984951859856,
  "Day": 0.000000000001479015350934,
  "Day_Fluctuation": 0.29758798505487727,
  "Week": 0.00000000000143728793412106,
  "Week_Fluctuation": 0.46473951782911521,
  "Updated": "2018-07-27T17:50:33.4423839Z"
}
