{
  "Live": 0.000000000000006984,
  "Minute": 0.0000000000000055836971623377,
  "Minute_Fluctuation": 0.072968340207874544,
  "Minute_5": 0.0000000000000054136707063891,
  "Minute_5_Fluctuation": 0.052464593391558186,
  "Minute_10": 0.0000000000000053924173993955,
  "Minute_10_Fluctuation": 0.090035964299288077,
  "Hour": 0.0000000000000057694367696514,
  "Hour_Fluctuation": 0.10424110758859216,
  "Day": 0.0000000000000054170181356123,
  "Day_Fluctuation": 0.28171294382510953,
  "Week": 0.0000000000000053711851770319,
  "Week_Fluctuation": 0.46232504397729673,
  "Updated": "2018-07-27T17:50:33.420837Z"
}
