{
  "Live": 0.0000001039601971215,
  "Minute": 0.000000109194373265419,
  "Minute_Fluctuation": 0.015183614685764873,
  "Minute_5": 0.000000109832903009046,
  "Minute_5_Fluctuation": 0.012636432673517752,
  "Minute_10": 0.000000109912719227,
  "Minute_10_Fluctuation": 0.026045876650596857,
  "Hour": 0.000000108813156382828,
  "Hour_Fluctuation": 0.02324419565613111,
  "Day": 0.000000109621782300707,
  "Day_Fluctuation": 0.2682142667288594,
  "Week": 0.000000109992456262197,
  "Week_Fluctuation": 0.46012232862615748,
  "Updated": "2018-07-27T17:50:33.4659197Z"
}
