{
  "Live": 0.0000002521818131499,
  "Minute": 0.000000244092927909186,
  "Minute_Fluctuation": 0.00560470798690158,
  "Minute_5": 0.000000243123269546392,
  "Minute_5_Fluctuation": 0.0027039833010870868,
  "Minute_10": 0.000000243002062251042,
  "Minute_10_Fluctuation": 0.00833564943437202,
  "Hour": 0.000000238108031069701,
  "Hour_Fluctuation": 0.030979527906218884,
  "Day": 0.000000241427397731237,
  "Day_Fluctuation": 0.27182906348958513,
  "Week": 0.000000242880975201026,
  "Week_Fluctuation": 0.4607301798225813,
  "Updated": "2018-07-27T17:50:33.3588128Z"
}
