{
  "Live": 0.0000000000743336123,
  "Minute": 0.0000000000776823916162945,
  "Minute_Fluctuation": 0.00888636478586596,
  "Minute_5": 0.00000000007806704467902,
  "Minute_5_Fluctuation": 0.071489196683413359,
  "Minute_10": 0.0000000000781151263118607,
  "Minute_10_Fluctuation": 0.13325311292660774,
  "Hour": 0.000000000081605127209206,
  "Hour_Fluctuation": 0.10655846525613975,
  "Day": 0.000000000078201669631932,
  "Day_Fluctuation": 0.28221138165916149,
  "Week": 0.0000000000781631602446688,
  "Week_Fluctuation": 0.46244399381529083,
  "Updated": "2018-07-27T17:50:33.1073468Z"
}
