{
  "Live": 0.0,
  "Minute": 0.0000000917502238658486,
  "Minute_Fluctuation": 0.25598301451778183,
  "Minute_5": 0.000000102593940922979,
  "Minute_5_Fluctuation": 0.23278096547588067,
  "Minute_10": 0.000000103949405555121,
  "Minute_10_Fluctuation": 0.90795807925474425,
  "Hour": 0.000000061698938365668,
  "Hour_Fluctuation": 1.0024562295081385,
  "Day": 0.0000000977616725776794,
  "Day_Fluctuation": 0.35074852272409024,
  "Week": 0.000000105303525480286,
  "Week_Fluctuation": 0.47231362987129422,
  "Updated": "2018-07-27T17:50:33.2697833Z"
}
