{
  "Live": 26694798.0019342,
  "Minute": 26694798.0019342,
  "Minute_Fluctuation": 0.0,
  "Minute_5": 26694798.0019342,
  "Minute_5_Fluctuation": 0.0,
  "Minute_10": 26694798.0019342,
  "Minute_10_Fluctuation": 0.0,
  "Hour": 26694798.0019342,
  "Hour_Fluctuation": 5.4911761433262955E-05,
  "Day": 26591308.8489242,
  "Day_Fluctuation": 0.011865724785880875,
  "Week": 26694798.0019342,
  "Week_Fluctuation": 0.22193845304372659,
  "Updated": "2018-07-27T17:50:25.6426099Z"
}
