{
  "Live": 20032220.0,
  "Minute": 20032220.0,
  "Minute_Fluctuation": 0.0,
  "Minute_5": 20032220.0,
  "Minute_5_Fluctuation": 0.0,
  "Minute_10": 20032220.0,
  "Minute_10_Fluctuation": 0.0,
  "Hour": 20032220.0,
  "Hour_Fluctuation": 0.0,
  "Day": 20032220.0,
  "Day_Fluctuation": 0.0,
  "Week": 20032220.0,
  "Week_Fluctuation": 0.23247854342077726,
  "Updated": "2018-07-27T17:50:25.6510398Z"
}
