{
  "Live": 26509232.0981265,
  "Minute": 26509232.0981265,
  "Minute_Fluctuation": 0.0,
  "Minute_5": 26509232.0981265,
  "Minute_5_Fluctuation": 0.0,
  "Minute_10": 26509232.0981265,
  "Minute_10_Fluctuation": 0.0,
  "Hour": 26509232.0981265,
  "Hour_Fluctuation": 0.0,
  "Day": 26507730.4259252,
  "Day_Fluctuation": 0.00020629051427333153,
  "Week": 26509232.0981265,
  "Week_Fluctuation": 0.21918739293174666,
  "Updated": "2018-07-27T17:50:25.6581985Z"
}
