{
  "Live": 29153020.0,
  "Minute": 29153020.0,
  "Minute_Fluctuation": 0.0,
  "Minute_5": 29153020.0,
  "Minute_5_Fluctuation": 0.0,
  "Minute_10": 29153020.0,
  "Minute_10_Fluctuation": 0.0,
  "Hour": 29153020.0,
  "Hour_Fluctuation": 0.0,
  "Day": 29153020.0,
  "Day_Fluctuation": 0.0,
  "Week": 29153020.0,
  "Week_Fluctuation": 0.23394704071518369,
  "Updated": "2018-07-27T17:50:25.6354665Z"
}
