{
  "Live": 37269457.1941101,
  "Minute": 37269457.1941101,
  "Minute_Fluctuation": 0.0,
  "Minute_5": 37269457.1941101,
  "Minute_5_Fluctuation": 0.0,
  "Minute_10": 37269457.1941101,
  "Minute_10_Fluctuation": 0.0,
  "Hour": 37269457.1941101,
  "Hour_Fluctuation": 0.0,
  "Day": 37393967.2684708,
  "Day_Fluctuation": 0.0081303591924280251,
  "Week": 37269457.1941101,
  "Week_Fluctuation": 0.22050051726404146,
  "Updated": "2018-07-27T17:50:25.6106351Z"
}
