{
  "Live": 225092490.0,
  "Minute": 225092490.0,
  "Minute_Fluctuation": 0.0,
  "Minute_5": 225092490.0,
  "Minute_5_Fluctuation": 0.0,
  "Minute_10": 225092490.0,
  "Minute_10_Fluctuation": 0.0,
  "Hour": 225092490.0,
  "Hour_Fluctuation": 0.0,
  "Day": 225092490.0,
  "Day_Fluctuation": 0.0,
  "Week": 225092490.0,
  "Week_Fluctuation": 0.21023452934087911,
  "Updated": "2018-07-27T17:50:25.8682837Z"
}
