{
  "Live": 162213450.0,
  "Minute": 162213450.0,
  "Minute_Fluctuation": 0.0,
  "Minute_5": 162213450.0,
  "Minute_5_Fluctuation": 0.0,
  "Minute_10": 162213450.0,
  "Minute_10_Fluctuation": 0.0,
  "Hour": 162213450.0,
  "Hour_Fluctuation": 0.0,
  "Day": 162213450.0,
  "Day_Fluctuation": 0.0,
  "Week": 162213450.0,
  "Week_Fluctuation": 0.20862741089114489,
  "Updated": "2018-07-27T17:50:25.9079407Z"
}
