{
  "Live": 170208182.787424,
  "Minute": 170208182.787424,
  "Minute_Fluctuation": 0.0,
  "Minute_5": 170208182.787424,
  "Minute_5_Fluctuation": 0.0,
  "Minute_10": 170208182.787424,
  "Minute_10_Fluctuation": 0.0,
  "Hour": 170208182.787424,
  "Hour_Fluctuation": 0.0,
  "Day": 170208472.280853,
  "Day_Fluctuation": 7.3482561659738445E-06,
  "Week": 170208182.787424,
  "Week_Fluctuation": 0.21559490253486649,
  "Updated": "2018-07-27T17:50:25.6664201Z"
}
