{
  "Live": 169549510.0,
  "Minute": 169549510.0,
  "Minute_Fluctuation": 0.0,
  "Minute_5": 169549510.0,
  "Minute_5_Fluctuation": 0.0,
  "Minute_10": 169549510.0,
  "Minute_10_Fluctuation": 0.0,
  "Hour": 169549510.0,
  "Hour_Fluctuation": 0.0,
  "Day": 169549510.0,
  "Day_Fluctuation": 0.0,
  "Week": 169549510.0,
  "Week_Fluctuation": 0.21437095861746325,
  "Updated": "2018-07-27T17:50:25.7910625Z"
}
