{
  "Live": 135245931.341105,
  "Minute": 135245931.341105,
  "Minute_Fluctuation": 0.0,
  "Minute_5": 135245931.341105,
  "Minute_5_Fluctuation": 0.0,
  "Minute_10": 135245931.341105,
  "Minute_10_Fluctuation": 0.0,
  "Hour": 135245931.341105,
  "Hour_Fluctuation": 1.4324426535326313E-10,
  "Day": 134692453.229094,
  "Day_Fluctuation": 0.010580095173203836,
  "Week": 135245931.341105,
  "Week_Fluctuation": 0.22325496417610832,
  "Updated": "2018-07-27T17:50:25.7753518Z"
}
