{
  "Live": 114744705.067611,
  "Minute": 114744705.067611,
  "Minute_Fluctuation": 0.0,
  "Minute_5": 114744705.067611,
  "Minute_5_Fluctuation": 0.0,
  "Minute_10": 114744705.067611,
  "Minute_10_Fluctuation": 0.0,
  "Hour": 114744705.067611,
  "Hour_Fluctuation": 0.0,
  "Day": 114694197.763071,
  "Day_Fluctuation": 0.0018713567993076962,
  "Week": 114744705.067611,
  "Week_Fluctuation": 0.21648685743643994,
  "Updated": "2018-07-27T17:50:26.0091279Z"
}
