{
  "Live": 165312678.79763,
  "Minute": 165312678.79763,
  "Minute_Fluctuation": 0.0,
  "Minute_5": 165312678.79763,
  "Minute_5_Fluctuation": 0.0,
  "Minute_10": 165312678.79763,
  "Minute_10_Fluctuation": 0.0,
  "Hour": 165312678.79763,
  "Hour_Fluctuation": 0.0,
  "Day": 165347554.761657,
  "Day_Fluctuation": 0.0012711352450057295,
  "Week": 165312678.79763,
  "Week_Fluctuation": 0.21543137685737121,
  "Updated": "2018-07-27T17:50:25.743404Z"
}
