{
  "Live": 3275679560.0,
  "Minute": 3275679560.0,
  "Minute_Fluctuation": 0.0,
  "Minute_5": 3275679560.0,
  "Minute_5_Fluctuation": 0.0,
  "Minute_10": 3275679560.0,
  "Minute_10_Fluctuation": 0.0,
  "Hour": 3275679560.0,
  "Hour_Fluctuation": 0.0,
  "Day": 3275679560.0,
  "Day_Fluctuation": 0.0,
  "Week": 3275679560.0,
  "Week_Fluctuation": 0.21977610006648091,
  "Updated": "2018-07-27T17:50:25.72797Z"
}
