{
  "Live": 11000470.0,
  "Minute": 11000470.0,
  "Minute_Fluctuation": 0.0,
  "Minute_5": 11000470.0,
  "Minute_5_Fluctuation": 0.0,
  "Minute_10": 11000470.0,
  "Minute_10_Fluctuation": 0.0,
  "Hour": 11000470.0,
  "Hour_Fluctuation": 0.0,
  "Day": 11000470.0,
  "Day_Fluctuation": 0.0,
  "Week": 11000470.0,
  "Week_Fluctuation": 0.21322423893295744,
  "Updated": "2018-07-27T17:50:25.9697289Z"
}
