{
  "Live": 105800921.939677,
  "Minute": 105800921.939677,
  "Minute_Fluctuation": 0.0,
  "Minute_5": 105800921.939677,
  "Minute_5_Fluctuation": 0.0,
  "Minute_10": 105800921.939677,
  "Minute_10_Fluctuation": 0.0,
  "Hour": 105800921.939677,
  "Hour_Fluctuation": 0.0,
  "Day": 105813955.860762,
  "Day_Fluctuation": 0.000510847110497921,
  "Week": 105800921.939677,
  "Week_Fluctuation": 0.21108402637304749,
  "Updated": "2018-07-27T17:50:26.0627279Z"
}
