{
  "Live": 166970741.018146,
  "Minute": 166970741.018146,
  "Minute_Fluctuation": 0.0,
  "Minute_5": 166970741.018146,
  "Minute_5_Fluctuation": 0.0,
  "Minute_10": 166970741.018146,
  "Minute_10_Fluctuation": 0.0,
  "Hour": 166970741.018146,
  "Hour_Fluctuation": 0.0,
  "Day": 166184405.222382,
  "Day_Fluctuation": 0.014324760036076268,
  "Week": 166970741.018146,
  "Week_Fluctuation": 0.22293268164247507,
  "Updated": "2018-07-27T17:50:26.1259155Z"
}
