{
  "Live": 87522030.0,
  "Minute": 87522030.0,
  "Minute_Fluctuation": 0.0,
  "Minute_5": 87522030.0,
  "Minute_5_Fluctuation": 0.0,
  "Minute_10": 87522030.0,
  "Minute_10_Fluctuation": 0.0,
  "Hour": 87522030.0,
  "Hour_Fluctuation": 0.0,
  "Day": 87522030.0,
  "Day_Fluctuation": 0.0,
  "Week": 87522030.0,
  "Week_Fluctuation": 0.21731413041388889,
  "Updated": "2018-07-27T17:50:25.7125597Z"
}
