{
  "Live": 17498750.0,
  "Minute": 17498750.0,
  "Minute_Fluctuation": 0.0,
  "Minute_5": 17498750.0,
  "Minute_5_Fluctuation": 0.0,
  "Minute_10": 17498750.0,
  "Minute_10_Fluctuation": 0.0,
  "Hour": 17498750.0,
  "Hour_Fluctuation": 0.0,
  "Day": 17498750.0,
  "Day_Fluctuation": 0.0,
  "Week": 17498750.0,
  "Week_Fluctuation": 0.21816116135649383,
  "Updated": "2018-07-27T17:50:25.6735514Z"
}
