{
  "Live": 113092480.0,
  "Minute": 113092480.0,
  "Minute_Fluctuation": 0.0,
  "Minute_5": 113092480.0,
  "Minute_5_Fluctuation": 0.0,
  "Minute_10": 113092480.0,
  "Minute_10_Fluctuation": 0.0,
  "Hour": 113092480.0,
  "Hour_Fluctuation": 0.0,
  "Day": 113092480.0,
  "Day_Fluctuation": 0.0,
  "Week": 113092480.0,
  "Week_Fluctuation": 0.21420737592851574,
  "Updated": "2018-07-27T17:50:26.0008051Z"
}
