{
  "Live": 156381490.0,
  "Minute": 156381490.0,
  "Minute_Fluctuation": 0.0,
  "Minute_5": 156381490.0,
  "Minute_5_Fluctuation": 0.0,
  "Minute_10": 156381490.0,
  "Minute_10_Fluctuation": 0.0,
  "Hour": 156381490.0,
  "Hour_Fluctuation": 0.0,
  "Day": 156381490.0,
  "Day_Fluctuation": 0.0,
  "Week": 156381490.0,
  "Week_Fluctuation": 0.20989071798714012,
  "Updated": "2018-07-27T17:50:25.8837378Z"
}
