{
  "Live": 261843223.414088,
  "Minute": 261843223.414088,
  "Minute_Fluctuation": 0.0,
  "Minute_5": 261843223.414088,
  "Minute_5_Fluctuation": 0.0,
  "Minute_10": 261843223.414088,
  "Minute_10_Fluctuation": 0.0,
  "Hour": 261843223.414088,
  "Hour_Fluctuation": 7.8514903460607643E-07,
  "Day": 260787348.396536,
  "Day_Fluctuation": 0.010286172571506337,
  "Week": 261843223.414088,
  "Week_Fluctuation": 0.22067738641440079,
  "Updated": "2018-07-27T17:50:25.7054034Z"
}
