{
  "Live": 166458785.709179,
  "Minute": 166458785.709179,
  "Minute_Fluctuation": 0.0,
  "Minute_5": 166458785.709179,
  "Minute_5_Fluctuation": 0.0,
  "Minute_10": 166458785.709179,
  "Minute_10_Fluctuation": 0.0,
  "Hour": 166458785.709179,
  "Hour_Fluctuation": 3.4051049041610822E-08,
  "Day": 166538188.741813,
  "Day_Fluctuation": 0.0017087551704782894,
  "Week": 166458785.709179,
  "Week_Fluctuation": 0.21516204406192746,
  "Updated": "2018-07-27T17:50:25.782646Z"
}
