{
  "Live": 29053730.0,
  "Minute": 29053730.0,
  "Minute_Fluctuation": 0.0,
  "Minute_5": 29053730.0,
  "Minute_5_Fluctuation": 0.0,
  "Minute_10": 29053730.0,
  "Minute_10_Fluctuation": 0.0,
  "Hour": 29053730.0,
  "Hour_Fluctuation": 0.0,
  "Day": 29053730.0,
  "Day_Fluctuation": 0.0,
  "Week": 29053730.0,
  "Week_Fluctuation": 0.21789500182216359,
  "Updated": "2018-07-27T17:50:26.0866239Z"
}
