{
  "Live": 97741270.0,
  "Minute": 97741270.0,
  "Minute_Fluctuation": 0.0,
  "Minute_5": 97741270.0,
  "Minute_5_Fluctuation": 0.0,
  "Minute_10": 97741270.0,
  "Minute_10_Fluctuation": 0.0,
  "Hour": 97741270.0,
  "Hour_Fluctuation": 0.0,
  "Day": 97741270.0,
  "Day_Fluctuation": 0.0,
  "Week": 97741270.0,
  "Week_Fluctuation": 0.21130369621312114,
  "Updated": "2018-07-27T17:50:26.0473202Z"
}
