{
  "Live": 2196123690.0,
  "Minute": 2196123690.0,
  "Minute_Fluctuation": 0.0,
  "Minute_5": 2196123690.0,
  "Minute_5_Fluctuation": 0.0,
  "Minute_10": 2196123690.0,
  "Minute_10_Fluctuation": 0.0,
  "Hour": 2196123690.0,
  "Hour_Fluctuation": 0.0,
  "Day": 2196123690.0,
  "Day_Fluctuation": 0.0,
  "Week": 2196123690.0,
  "Week_Fluctuation": 0.23689263479523762,
  "Updated": "2018-07-27T17:50:26.1411917Z"
}
