{
  "Live": 52641040.0,
  "Minute": 52641040.0,
  "Minute_Fluctuation": 0.0,
  "Minute_5": 52641040.0,
  "Minute_5_Fluctuation": 0.0,
  "Minute_10": 52641040.0,
  "Minute_10_Fluctuation": 0.0,
  "Hour": 52641040.0,
  "Hour_Fluctuation": 0.0,
  "Day": 52641040.0,
  "Day_Fluctuation": 0.0,
  "Week": 52641040.0,
  "Week_Fluctuation": 0.21146361234133829,
  "Updated": "2018-07-27T17:50:26.0793718Z"
}
