{
  "Live": 240251334.085329,
  "Minute": 240251334.085329,
  "Minute_Fluctuation": 0.0,
  "Minute_5": 240251334.085329,
  "Minute_5_Fluctuation": 0.0,
  "Minute_10": 240251334.085329,
  "Minute_10_Fluctuation": 0.0,
  "Hour": 240251334.085329,
  "Hour_Fluctuation": 0.0,
  "Day": 240568375.416702,
  "Day_Fluctuation": 0.0042227481107997566,
  "Week": 240251334.085329,
  "Week_Fluctuation": 0.21760378669610547,
  "Updated": "2018-07-27T17:50:25.8765771Z"
}
