{
  "Live": 166733210.0,
  "Minute": 166733210.0,
  "Minute_Fluctuation": 0.0,
  "Minute_5": 166733210.0,
  "Minute_5_Fluctuation": 0.0,
  "Minute_10": 166733210.0,
  "Minute_10_Fluctuation": 0.0,
  "Hour": 166733210.0,
  "Hour_Fluctuation": 0.0,
  "Day": 166733210.0,
  "Day_Fluctuation": 0.0,
  "Week": 166733210.0,
  "Week_Fluctuation": 0.21470446205763985,
  "Updated": "2018-07-27T17:50:25.751796Z"
}
