{
  "Live": 112385347.369207,
  "Minute": 112385347.369207,
  "Minute_Fluctuation": 0.0,
  "Minute_5": 112385347.369207,
  "Minute_5_Fluctuation": 0.0,
  "Minute_10": 112385347.369207,
  "Minute_10_Fluctuation": 0.0,
  "Hour": 112385347.369207,
  "Hour_Fluctuation": 0.0,
  "Day": 112386713.06501,
  "Day_Fluctuation": 5.2499183699430836E-05,
  "Week": 112385347.369207,
  "Week_Fluctuation": 0.21612476600878494,
  "Updated": "2018-07-27T17:50:25.9163445Z"
}
