{
  "Live": 148994126.040269,
  "Minute": 148994126.040269,
  "Minute_Fluctuation": 0.0,
  "Minute_5": 148994126.040269,
  "Minute_5_Fluctuation": 0.0,
  "Minute_10": 148994126.040269,
  "Minute_10_Fluctuation": 0.0,
  "Hour": 148994126.040269,
  "Hour_Fluctuation": 0.0,
  "Day": 149391609.357621,
  "Day_Fluctuation": 0.0065752075633609425,
  "Week": 148994126.040269,
  "Week_Fluctuation": 0.21165774411139499,
  "Updated": "2018-07-27T17:50:25.8611079Z"
}
