{
  "Live": 143472400.0,
  "Minute": 143472400.0,
  "Minute_Fluctuation": 0.0,
  "Minute_5": 143472400.0,
  "Minute_5_Fluctuation": 0.0,
  "Minute_10": 143472400.0,
  "Minute_10_Fluctuation": 0.0,
  "Hour": 143472400.0,
  "Hour_Fluctuation": 0.0,
  "Day": 143472400.0,
  "Day_Fluctuation": 0.0,
  "Week": 143472400.0,
  "Week_Fluctuation": 0.2116259236567434,
  "Updated": "2018-07-27T17:50:25.8136571Z"
}
