{
  "Live": 237365550.0,
  "Minute": 237365550.0,
  "Minute_Fluctuation": 0.0,
  "Minute_5": 237365550.0,
  "Minute_5_Fluctuation": 0.0,
  "Minute_10": 237365550.0,
  "Minute_10_Fluctuation": 0.0,
  "Hour": 237365550.0,
  "Hour_Fluctuation": 0.0,
  "Day": 237365550.0,
  "Day_Fluctuation": 0.0,
  "Week": 237365550.0,
  "Week_Fluctuation": 0.21179407976969894,
  "Updated": "2018-07-27T17:50:25.8219414Z"
}
