{
  "Live": 53932250.0,
  "Minute": 53932250.0,
  "Minute_Fluctuation": 0.0,
  "Minute_5": 53932250.0,
  "Minute_5_Fluctuation": 0.0,
  "Minute_10": 53932250.0,
  "Minute_10_Fluctuation": 0.0,
  "Hour": 53932250.0,
  "Hour_Fluctuation": 0.0,
  "Day": 53932250.0,
  "Day_Fluctuation": 0.0,
  "Week": 53932250.0,
  "Week_Fluctuation": 0.21747746468623558,
  "Updated": "2018-07-27T17:50:25.962423Z"
}
