{
  "Live": 115383058.65069,
  "Minute": 115383058.65069,
  "Minute_Fluctuation": 0.0,
  "Minute_5": 115383058.65069,
  "Minute_5_Fluctuation": 0.0,
  "Minute_10": 115383058.65069,
  "Minute_10_Fluctuation": 0.0,
  "Hour": 115383058.65069,
  "Hour_Fluctuation": 0.0,
  "Day": 115304062.220245,
  "Day_Fluctuation": 0.0025145200584873904,
  "Week": 115383058.65069,
  "Week_Fluctuation": 0.21606330996766093,
  "Updated": "2018-07-27T17:50:25.930684Z"
}
