{
  "Live": 105129150.0,
  "Minute": 105129150.0,
  "Minute_Fluctuation": 0.0,
  "Minute_5": 105129150.0,
  "Minute_5_Fluctuation": 0.0,
  "Minute_10": 105129150.0,
  "Minute_10_Fluctuation": 0.0,
  "Hour": 105129150.0,
  "Hour_Fluctuation": 0.0,
  "Day": 105129150.0,
  "Day_Fluctuation": 0.0,
  "Week": 105129150.0,
  "Week_Fluctuation": 0.20862825640461816,
  "Updated": "2018-07-27T17:50:26.1568645Z"
}
