{
  "Live": 163549380.935975,
  "Minute": 163549380.935975,
  "Minute_Fluctuation": 0.0,
  "Minute_5": 163549380.935975,
  "Minute_5_Fluctuation": 0.0,
  "Minute_10": 163549380.935975,
  "Minute_10_Fluctuation": 0.0,
  "Hour": 163549380.935975,
  "Hour_Fluctuation": 0.0,
  "Day": 163658746.709716,
  "Day_Fluctuation": 0.002609764570030568,
  "Week": 163549380.935975,
  "Week_Fluctuation": 0.21585587740635018,
  "Updated": "2018-07-27T17:50:25.7601293Z"
}
