{
  "Live": 103619340.0,
  "Minute": 103619340.0,
  "Minute_Fluctuation": 0.0,
  "Minute_5": 103619340.0,
  "Minute_5_Fluctuation": 0.0,
  "Minute_10": 103619340.0,
  "Minute_10_Fluctuation": 0.0,
  "Hour": 103619340.0,
  "Hour_Fluctuation": 0.0,
  "Day": 103619340.0,
  "Day_Fluctuation": 0.0,
  "Week": 103619340.0,
  "Week_Fluctuation": 0.2150396654860279,
  "Updated": "2018-07-27T17:50:25.689757Z"
}
