{
  "Live": 3398889493.41727,
  "Minute": 3398889493.41727,
  "Minute_Fluctuation": 0.0,
  "Minute_5": 3398889493.41727,
  "Minute_5_Fluctuation": 0.0,
  "Minute_10": 3398889493.41727,
  "Minute_10_Fluctuation": 0.0,
  "Hour": 3398889493.41727,
  "Hour_Fluctuation": 6.5378802038711052E-07,
  "Day": 3399241595.56872,
  "Day_Fluctuation": 0.00021442780830831004,
  "Week": 3398889493.41727,
  "Week_Fluctuation": 0.21687513653100249,
  "Updated": "2018-07-27T17:50:25.7362733Z"
}
