{
  "Live": 171782427.554368,
  "Minute": 171782427.554368,
  "Minute_Fluctuation": 0.0,
  "Minute_5": 171782427.554368,
  "Minute_5_Fluctuation": 0.0,
  "Minute_10": 171782427.554368,
  "Minute_10_Fluctuation": 0.0,
  "Hour": 171782427.554368,
  "Hour_Fluctuation": 0.0,
  "Day": 171756790.201394,
  "Day_Fluctuation": 0.00054327871870487471,
  "Week": 171782427.554368,
  "Week_Fluctuation": 0.2140629593009778,
  "Updated": "2018-07-27T17:50:25.6818102Z"
}
