{
  "Live": 2256422660.23647,
  "Minute": 2256422660.23647,
  "Minute_Fluctuation": 0.0,
  "Minute_5": 2256422660.23647,
  "Minute_5_Fluctuation": 0.0,
  "Minute_10": 2256422660.23647,
  "Minute_10_Fluctuation": 0.0,
  "Hour": 2256422660.23647,
  "Hour_Fluctuation": 3.5313758132610521E-07,
  "Day": 2253576507.32042,
  "Day_Fluctuation": 0.0030790821305661381,
  "Week": 2256422660.23647,
  "Week_Fluctuation": 0.21899626057636432,
  "Updated": "2018-07-27T17:50:25.946174Z"
}
