{
  "Live": 3065431010.0,
  "Minute": 3065431010.0,
  "Minute_Fluctuation": 0.0,
  "Minute_5": 3065431010.0,
  "Minute_5_Fluctuation": 0.0,
  "Minute_10": 3065431010.0,
  "Minute_10_Fluctuation": 0.0,
  "Hour": 3065431010.0,
  "Hour_Fluctuation": 0.0,
  "Day": 3065431010.0,
  "Day_Fluctuation": 0.0,
  "Week": 3065431010.0,
  "Week_Fluctuation": 0.21239204971952105,
  "Updated": "2018-07-27T17:50:25.7673691Z"
}
