{
  "Live": 54208870.0,
  "Minute": 54208870.0,
  "Minute_Fluctuation": 0.0,
  "Minute_5": 54208870.0,
  "Minute_5_Fluctuation": 0.0,
  "Minute_10": 54208870.0,
  "Minute_10_Fluctuation": 0.0,
  "Hour": 54208870.0,
  "Hour_Fluctuation": 0.0,
  "Day": 54208870.0,
  "Day_Fluctuation": 0.0,
  "Week": 54208870.0,
  "Week_Fluctuation": 0.2184815684588205,
  "Updated": "2018-07-27T17:50:26.0556292Z"
}
