{
  "Live": 82925430.0,
  "Minute": 82925430.0,
  "Minute_Fluctuation": 0.0,
  "Minute_5": 82925430.0,
  "Minute_5_Fluctuation": 0.0,
  "Minute_10": 82925430.0,
  "Minute_10_Fluctuation": 0.0,
  "Hour": 82925430.0,
  "Hour_Fluctuation": 0.0,
  "Day": 82925430.0,
  "Day_Fluctuation": 0.0,
  "Week": 82925430.0,
  "Week_Fluctuation": 0.21130283159499558,
  "Updated": "2018-07-27T17:50:25.829081Z"
}
