{
  "Live": 2125158900.0,
  "Minute": 2125158900.0,
  "Minute_Fluctuation": 0.0,
  "Minute_5": 2125158900.0,
  "Minute_5_Fluctuation": 0.0,
  "Minute_10": 2125158900.0,
  "Minute_10_Fluctuation": 0.0,
  "Hour": 2125158900.0,
  "Hour_Fluctuation": 0.0,
  "Day": 2125158900.0,
  "Day_Fluctuation": 0.0,
  "Week": 2125158900.0,
  "Week_Fluctuation": 0.21683029879750315,
  "Updated": "2018-07-27T17:50:25.9853363Z"
}
