{
  "Live": 131961371.477709,
  "Minute": 131961371.477709,
  "Minute_Fluctuation": 0.0,
  "Minute_5": 131961371.477709,
  "Minute_5_Fluctuation": 0.0,
  "Minute_10": 131961371.477709,
  "Minute_10_Fluctuation": 0.0,
  "Hour": 131961371.477709,
  "Hour_Fluctuation": 7.244952312799524E-07,
  "Day": 133947575.040984,
  "Day_Fluctuation": 0.035035060205840164,
  "Week": 131961371.477709,
  "Week_Fluctuation": 0.2241826719186498,
  "Updated": "2018-07-27T17:50:25.9544724Z"
}
