{
  "Live": 131815058.010544,
  "Minute": 131815058.010544,
  "Minute_Fluctuation": 0.0,
  "Minute_5": 131815058.010544,
  "Minute_5_Fluctuation": 0.0,
  "Minute_10": 131815058.010544,
  "Minute_10_Fluctuation": 0.0,
  "Hour": 131815058.010544,
  "Hour_Fluctuation": 0.0,
  "Day": 131946636.484701,
  "Day_Fluctuation": 0.0025842842443689509,
  "Week": 131815058.010544,
  "Week_Fluctuation": 0.21676574263772375,
  "Updated": "2018-07-27T17:50:25.8526719Z"
}
