{
  "Live": 61835850.0,
  "Minute": 61835850.0,
  "Minute_Fluctuation": 0.0,
  "Minute_5": 61835850.0,
  "Minute_5_Fluctuation": 0.0,
  "Minute_10": 61835850.0,
  "Minute_10_Fluctuation": 0.0,
  "Hour": 61835850.0,
  "Hour_Fluctuation": 0.0,
  "Day": 61835850.0,
  "Day_Fluctuation": 0.0,
  "Week": 61835850.0,
  "Week_Fluctuation": 0.21470534383946041,
  "Updated": "2018-07-27T17:50:25.9390151Z"
}
