{
  "Live": 48679590.0,
  "Minute": 48679590.0,
  "Minute_Fluctuation": 0.0,
  "Minute_5": 48679590.0,
  "Minute_5_Fluctuation": 0.0,
  "Minute_10": 48679590.0,
  "Minute_10_Fluctuation": 0.0,
  "Hour": 48679590.0,
  "Hour_Fluctuation": 0.0,
  "Day": 48679590.0,
  "Day_Fluctuation": 0.0,
  "Week": 48679590.0,
  "Week_Fluctuation": 0.21832141521690415,
  "Updated": "2018-07-27T17:50:25.8373983Z"
}
