{
  "Live": 113125900.030772,
  "Minute": 113125900.030772,
  "Minute_Fluctuation": 0.0,
  "Minute_5": 113125900.030772,
  "Minute_5_Fluctuation": 0.0,
  "Minute_10": 113125900.030772,
  "Minute_10_Fluctuation": 0.0,
  "Hour": 113125900.030772,
  "Hour_Fluctuation": 9.4001775102178846E-07,
  "Day": 113362557.510371,
  "Day_Fluctuation": 0.008827148161933026,
  "Week": 113125900.030772,
  "Week_Fluctuation": 0.21705052383453982,
  "Updated": "2018-07-27T17:50:26.0329596Z"
}
