{
  "Live": 28644490.0,
  "Minute": 28644490.0,
  "Minute_Fluctuation": 0.0,
  "Minute_5": 28644490.0,
  "Minute_5_Fluctuation": 0.0,
  "Minute_10": 28644490.0,
  "Minute_10_Fluctuation": 0.0,
  "Hour": 28644490.0,
  "Hour_Fluctuation": 0.0,
  "Day": 28644490.0,
  "Day_Fluctuation": 0.0,
  "Week": 28644490.0,
  "Week_Fluctuation": 0.2123928657242044,
  "Updated": "2018-07-27T17:50:26.0950055Z"
}
