{
  "Live": 113939515.621073,
  "Minute": 113939515.621073,
  "Minute_Fluctuation": 0.0,
  "Minute_5": 113939515.621073,
  "Minute_5_Fluctuation": 0.0,
  "Minute_10": 113939515.621073,
  "Minute_10_Fluctuation": 0.0,
  "Hour": 113939515.621073,
  "Hour_Fluctuation": 0.0,
  "Day": 113845477.575995,
  "Day_Fluctuation": 0.0035574847116671823,
  "Week": 113939515.621073,
  "Week_Fluctuation": 0.21666556766478046,
  "Updated": "2018-07-27T17:50:25.9936687Z"
}
