{
  "Live": 166684898.117875,
  "Minute": 166684898.117875,
  "Minute_Fluctuation": 0.0,
  "Minute_5": 166684898.117875,
  "Minute_5_Fluctuation": 0.0,
  "Minute_10": 166684898.117875,
  "Minute_10_Fluctuation": 0.0,
  "Hour": 166684898.117875,
  "Hour_Fluctuation": 0.0,
  "Day": 166821989.384629,
  "Day_Fluctuation": 0.0018064506991760166,
  "Week": 166684898.117875,
  "Week_Fluctuation": 0.21148147660725111,
  "Updated": "2018-07-27T17:50:26.0710268Z"
}
