{
  "Live": 175477390.0,
  "Minute": 175477390.0,
  "Minute_Fluctuation": 0.0,
  "Minute_5": 175477390.0,
  "Minute_5_Fluctuation": 0.0,
  "Minute_10": 175477390.0,
  "Minute_10_Fluctuation": 0.0,
  "Hour": 175477390.0,
  "Hour_Fluctuation": 0.0,
  "Day": 175477390.0,
  "Day_Fluctuation": 0.0,
  "Week": 175477390.0,
  "Week_Fluctuation": 0.23492305232254179,
  "Updated": "2018-07-27T17:50:25.8992205Z"
}
