{
  "Live": 0.0000000000023714290422062,
  "Minute": 0.0000000000023714290422062,
  "Minute_Fluctuation": 0.0,
  "Minute_5": 0.0000000000023714290422062,
  "Minute_5_Fluctuation": 0.461568653632266,
  "Minute_10": 0.0000000000023714290422062,
  "Minute_10_Fluctuation": 0.45798075876652222,
  "Hour": 0.0000000000134629455824278,
  "Hour_Fluctuation": 1.1444147094640464,
  "Day": 0.0000000000055905941461582,
  "Day_Fluctuation": 1.4630078917862108,
  "Week": 0.0000000000023714290422062,
  "Week_Fluctuation": 0.79637510934055034,
  "Updated": "2018-07-27T17:50:26.8032797Z"
}
