{
  "Live": 0.00000242573266499477,
  "Minute": 0.00000242573266499477,
  "Minute_Fluctuation": 0.0,
  "Minute_5": 0.00000242573266499477,
  "Minute_5_Fluctuation": 0.044589283481801467,
  "Minute_10": 0.00000242573266499477,
  "Minute_10_Fluctuation": 0.044385381938460339,
  "Hour": 0.00000179294371136669,
  "Hour_Fluctuation": 0.65858132467077657,
  "Day": 0.00000222860393206526,
  "Day_Fluctuation": 0.37510381693838574,
  "Week": 0.00000242573266499477,
  "Week_Fluctuation": 0.47636474802074186,
  "Updated": "2018-07-27T17:50:26.7498103Z"
}
