{
  "Live": 0.00000000246673924330024,
  "Minute": 0.00000000246673924330024,
  "Minute_Fluctuation": 0.0,
  "Minute_5": 0.00000000246673924330024,
  "Minute_5_Fluctuation": 0.028431608263392708,
  "Minute_10": 0.00000000246673924330024,
  "Minute_10_Fluctuation": 0.028204828180394406,
  "Hour": 0.00000000165708163958712,
  "Hour_Fluctuation": 0.85430574390109348,
  "Day": 0.00000000224572609410978,
  "Day_Fluctuation": 0.385737517948344,
  "Week": 0.00000000246673924330024,
  "Week_Fluctuation": 0.47793505586316964,
  "Updated": "2018-07-27T17:50:26.4740064Z"
}
