{
  "Live": 0.0000000000136513764449084,
  "Minute": 0.0000000000136513764449084,
  "Minute_Fluctuation": 0.0,
  "Minute_5": 0.0000000000136513764449084,
  "Minute_5_Fluctuation": 0.038700375765352221,
  "Minute_10": 0.0000000000136513764449084,
  "Minute_10_Fluctuation": 0.034244578624952365,
  "Hour": 0.0000000000124486620378371,
  "Hour_Fluctuation": 0.16799577183295442,
  "Day": 0.0000000000132942990496003,
  "Day_Fluctuation": 0.29899425047981559,
  "Week": 0.0000000000136513764449084,
  "Week_Fluctuation": 0.46493932678883215,
  "Updated": "2018-07-27T17:50:27.0967825Z"
}
