{
  "Live": 0.00000000375004651719409,
  "Minute": 0.00000000375004651719409,
  "Minute_Fluctuation": 0.0,
  "Minute_5": 0.00000000375004651719409,
  "Minute_5_Fluctuation": 0.033709958636066309,
  "Minute_10": 0.00000000375004651719409,
  "Minute_10_Fluctuation": 0.033632489364259971,
  "Hour": 0.00000000272217521598771,
  "Hour_Fluctuation": 0.71704738762987907,
  "Day": 0.00000000343028284301853,
  "Day_Fluctuation": 0.38112263718684175,
  "Week": 0.00000000375004651719409,
  "Week_Fluctuation": 0.47721987195787441,
  "Updated": "2018-07-27T17:50:26.5640659Z"
}
