{
  "Live": 0.0000000053629347651739,
  "Minute": 0.0000000053629347651739,
  "Minute_Fluctuation": 0.0,
  "Minute_5": 0.0000000053629347651739,
  "Minute_5_Fluctuation": 0.032801746950050926,
  "Minute_10": 0.0000000053629347651739,
  "Minute_10_Fluctuation": 0.032607544065789786,
  "Hour": 0.00000000389388280054947,
  "Hour_Fluctuation": 0.71695463734274145,
  "Day": 0.00000000490578084318789,
  "Day_Fluctuation": 0.38111810382112243,
  "Week": 0.0000000053629347651739,
  "Week_Fluctuation": 0.47721832702260897,
  "Updated": "2018-07-27T17:50:26.5513882Z"
}
