{
  "Live": 0.000000000237888133881528,
  "Minute": 0.000000000237888133881528,
  "Minute_Fluctuation": 0.0,
  "Minute_5": 0.000000000237888133881528,
  "Minute_5_Fluctuation": 0.053853298167361036,
  "Minute_10": 0.000000000237888133881528,
  "Minute_10_Fluctuation": 0.052128471464356743,
  "Hour": 0.000000000189056043208391,
  "Hour_Fluctuation": 0.46800743512538634,
  "Day": 0.000000000221705233356763,
  "Day_Fluctuation": 0.35759437250613468,
  "Week": 0.000000000237888133881528,
  "Week_Fluctuation": 0.47385670490379367,
  "Updated": "2018-07-27T17:50:27.0453024Z"
}
