{
  "Live": 0.0000000000000001188371496599,
  "Minute": 0.0000000000000001188371496599,
  "Minute_Fluctuation": 0.0,
  "Minute_5": 0.0000000000000001188371496599,
  "Minute_5_Fluctuation": 0.81522370700202784,
  "Minute_10": 0.0000000000000001188371496599,
  "Minute_10_Fluctuation": 0.80542646759263692,
  "Hour": 0.0000000000000019486362090043,
  "Hour_Fluctuation": 1.277905162778505,
  "Day": 0.00000000000000066496617087,
  "Day_Fluctuation": 1107.7880573934697,
  "Week": 0.0000000000000001188371496599,
  "Week_Fluctuation": 278.72873989737911,
  "Updated": "2018-07-27T17:50:27.1613917Z"
}
