{
  "Live": 0.0000000215655953050426,
  "Minute": 0.0000000215655953050426,
  "Minute_Fluctuation": 0.0,
  "Minute_5": 0.0000000215655953050426,
  "Minute_5_Fluctuation": 0.027944024409474882,
  "Minute_10": 0.0000000215655953050426,
  "Minute_10_Fluctuation": 0.020556991077010676,
  "Hour": 0.0000000232608524846327,
  "Hour_Fluctuation": 0.16514920529853866,
  "Day": 0.0000000220547888261016,
  "Day_Fluctuation": 0.30294445031600009,
  "Week": 0.0000000215655953050426,
  "Week_Fluctuation": 0.46570415395102205,
  "Updated": "2018-07-27T17:50:27.2255419Z"
}
