{
  "Live": 0.0000000049295543309092,
  "Minute": 0.0000000049295543309092,
  "Minute_Fluctuation": 0.0,
  "Minute_5": 0.0000000049295543309092,
  "Minute_5_Fluctuation": 0.020617115167654087,
  "Minute_10": 0.0000000049295543309092,
  "Minute_10_Fluctuation": 0.018575083693697602,
  "Hour": 0.00000000334347317463148,
  "Hour_Fluctuation": 0.83168501157002361,
  "Day": 0.00000000449404253190897,
  "Day_Fluctuation": 0.38414538189402125,
  "Week": 0.0000000049295543309092,
  "Week_Fluctuation": 0.47769654835120051,
  "Updated": "2018-07-27T17:50:26.3398043Z"
}
