{
  "Live": 0.0000000207317780471567,
  "Minute": 0.0000000207317780471567,
  "Minute_Fluctuation": 0.0,
  "Minute_5": 0.0000000207317780471567,
  "Minute_5_Fluctuation": 0.05155991435317557,
  "Minute_10": 0.0000000207317780471567,
  "Minute_10_Fluctuation": 0.0511321585941571,
  "Hour": 0.000000014859578149279,
  "Hour_Fluctuation": 0.74638333216149033,
  "Day": 0.0000000189195254462696,
  "Day_Fluctuation": 0.38398008850568272,
  "Week": 0.0000000207317780471567,
  "Week_Fluctuation": 0.4776500336102576,
  "Updated": "2018-07-27T17:50:26.7780909Z"
}
