{
  "Live": 0.000000000930249052421127,
  "Minute": 0.000000000930249052421127,
  "Minute_Fluctuation": 0.0,
  "Minute_5": 0.000000000930249052421127,
  "Minute_5_Fluctuation": 0.0403991896385062,
  "Minute_10": 0.000000000930249052421127,
  "Minute_10_Fluctuation": 0.040432134519255848,
  "Hour": 0.000000000670381818050372,
  "Hour_Fluctuation": 0.73559851509686658,
  "Day": 0.000000000849733097873676,
  "Day_Fluctuation": 0.38287321622079051,
  "Week": 0.000000000930249052421127,
  "Week_Fluctuation": 0.47747809663166191,
  "Updated": "2018-07-27T17:50:26.6411551Z"
}
