{
  "Live": 0.00000000677646252429143,
  "Minute": 0.00000000677646252429143,
  "Minute_Fluctuation": 0.0,
  "Minute_5": 0.00000000677646252429143,
  "Minute_5_Fluctuation": 0.04474788657373481,
  "Minute_10": 0.00000000677646252429143,
  "Minute_10_Fluctuation": 0.044642480541103112,
  "Hour": 0.00000000489684789332991,
  "Hour_Fluctuation": 0.72515292436222856,
  "Day": 0.00000000619240682263221,
  "Day_Fluctuation": 0.38236437573719223,
  "Week": 0.00000000677646252429143,
  "Week_Fluctuation": 0.47741490080514015,
  "Updated": "2018-07-27T17:50:26.6986164Z"
}
