{
  "Live": 0.00000000349208355664517,
  "Minute": 0.00000000349208355664517,
  "Minute_Fluctuation": 0.0,
  "Minute_5": 0.00000000349208355664517,
  "Minute_5_Fluctuation": 0.072486680471742851,
  "Minute_10": 0.00000000349208355664517,
  "Minute_10_Fluctuation": 0.07000982018390417,
  "Hour": 0.00000000248360324678765,
  "Hour_Fluctuation": 0.75655516071598583,
  "Day": 0.00000000319265313737053,
  "Day_Fluctuation": 0.3819349384802368,
  "Week": 0.00000000349208355664517,
  "Week_Fluctuation": 0.47733352595962186,
  "Updated": "2018-07-27T17:50:26.9946776Z"
}
