{
  "Live": 0.00000000611940310722387,
  "Minute": 0.00000000611940310722387,
  "Minute_Fluctuation": 0.0,
  "Minute_5": 0.00000000611940310722387,
  "Minute_5_Fluctuation": 0.0071926979698979055,
  "Minute_10": 0.00000000611940310722387,
  "Minute_10_Fluctuation": 0.0082976600559589858,
  "Hour": 0.00000000610397115953945,
  "Hour_Fluctuation": 0.054430649717232417,
  "Day": 0.00000000612613375179086,
  "Day_Fluctuation": 0.28589634368197492,
  "Week": 0.00000000611940310722387,
  "Week_Fluctuation": 0.46311965784022763,
  "Updated": "2018-07-27T17:50:26.2323477Z"
}
