{
  "Live": 0.00000000232775109830428,
  "Minute": 0.00000000232775109830428,
  "Minute_Fluctuation": 0.0,
  "Minute_5": 0.00000000232775109830428,
  "Minute_5_Fluctuation": 0.042661537947182471,
  "Minute_10": 0.00000000232775109830428,
  "Minute_10_Fluctuation": 0.0427011979696675,
  "Hour": 0.00000000168731788307076,
  "Hour_Fluctuation": 0.716081393276776,
  "Day": 0.00000000212928144914571,
  "Day_Fluctuation": 0.380985082985598,
  "Week": 0.00000000232775109830428,
  "Week_Fluctuation": 0.47721269505782454,
  "Updated": "2018-07-27T17:50:26.6928816Z"
}
