{
  "Live": 0.00000000515251331657169,
  "Minute": 0.00000000515251331657169,
  "Minute_Fluctuation": 0.0,
  "Minute_5": 0.00000000515251331657169,
  "Minute_5_Fluctuation": 0.06844477351865437,
  "Minute_10": 0.00000000515251331657169,
  "Minute_10_Fluctuation": 0.066488289007599621,
  "Hour": 0.00000000366951080844906,
  "Hour_Fluctuation": 0.754117131469746,
  "Day": 0.00000000471173001711385,
  "Day_Fluctuation": 0.38169191806761155,
  "Week": 0.00000000515251331657169,
  "Week_Fluctuation": 0.47729488650401858,
  "Updated": "2018-07-27T17:50:26.9359793Z"
}
