{
  "Live": 0.0000000442199113260793,
  "Minute": 0.0000000442199113260793,
  "Minute_Fluctuation": 0.0,
  "Minute_5": 0.0000000442199113260793,
  "Minute_5_Fluctuation": 0.030581753646314418,
  "Minute_10": 0.0000000442199113260793,
  "Minute_10_Fluctuation": 0.03088494918352434,
  "Hour": 0.0000000301960898601354,
  "Hour_Fluctuation": 0.818370177498832,
  "Day": 0.0000000402969850598752,
  "Day_Fluctuation": 0.38508513328921035,
  "Week": 0.0000000442199113260793,
  "Week_Fluctuation": 0.47782323197281362,
  "Updated": "2018-07-27T17:50:26.5049818Z"
}
