{
  "Live": 0.00000000000706163542709406,
  "Minute": 0.00000000000706163542709406,
  "Minute_Fluctuation": 0.0,
  "Minute_5": 0.00000000000706163542709406,
  "Minute_5_Fluctuation": 0.045714096114237469,
  "Minute_10": 0.00000000000706163542709406,
  "Minute_10_Fluctuation": 0.045578022048388539,
  "Hour": 0.00000000000510954080147588,
  "Hour_Fluctuation": 0.71930485579173375,
  "Day": 0.00000000000646082865592063,
  "Day_Fluctuation": 0.38066905417790819,
  "Week": 0.00000000000706163542709406,
  "Week_Fluctuation": 0.47716604091641174,
  "Updated": "2018-07-27T17:50:26.7112289Z"
}
