{
  "Live": 0.000000296667923269337,
  "Minute": 0.000000296667923269337,
  "Minute_Fluctuation": 0.0,
  "Minute_5": 0.000000296667923269337,
  "Minute_5_Fluctuation": 0.015889476954319488,
  "Minute_10": 0.000000296667923269337,
  "Minute_10_Fluctuation": 0.014416015523725593,
  "Hour": 0.000000202294818158618,
  "Hour_Fluctuation": 0.81864966356631264,
  "Day": 0.000000270892969149979,
  "Day_Fluctuation": 0.38217199562514431,
  "Week": 0.000000296667923269337,
  "Week_Fluctuation": 0.47739705162409163,
  "Updated": "2018-07-27T17:50:26.2040845Z"
}
