{
  "Live": 0.000000000000567251093757903,
  "Minute": 0.000000000000567251093757903,
  "Minute_Fluctuation": 0.0,
  "Minute_5": 0.000000000000567251093757903,
  "Minute_5_Fluctuation": 0.0,
  "Minute_10": 0.000000000000567251093757903,
  "Minute_10_Fluctuation": 0.0,
  "Hour": 0.000000000000567312900945801,
  "Hour_Fluctuation": 0.0050621029988734611,
  "Day": 0.000000000000567759871241208,
  "Day_Fluctuation": 0.42364992571371551,
  "Week": 0.000000000000567251093757903,
  "Week_Fluctuation": 0.48834111368439653,
  "Updated": "2018-07-27T17:50:26.9494073Z"
}
