{
  "Live": 0.000000525907800460861,
  "Minute": 0.000000525907800460861,
  "Minute_Fluctuation": 0.0,
  "Minute_5": 0.000000525907800460861,
  "Minute_5_Fluctuation": 0.0676463523715264,
  "Minute_10": 0.000000525907800460861,
  "Minute_10_Fluctuation": 0.065777713406118307,
  "Hour": 0.000000374609123156917,
  "Hour_Fluctuation": 0.75390662620242987,
  "Day": 0.000000480929851764969,
  "Day_Fluctuation": 0.38166788994864609,
  "Week": 0.000000525907800460861,
  "Week_Fluctuation": 0.4772906351236107,
  "Updated": "2018-07-27T17:50:26.9303094Z"
}
