{
  "Live": 0.00000000104114314969876,
  "Minute": 0.00000000104114314969876,
  "Minute_Fluctuation": 0.0,
  "Minute_5": 0.00000000104114314969876,
  "Minute_5_Fluctuation": 0.049611308634055246,
  "Minute_10": 0.00000000104114314969876,
  "Minute_10_Fluctuation": 0.049170360967711053,
  "Hour": 0.000000000763804268680903,
  "Hour_Fluctuation": 0.67726369972883871,
  "Day": 0.00000000095492468745536,
  "Day_Fluctuation": 0.37744084396312966,
  "Week": 0.00000000104114314969876,
  "Week_Fluctuation": 0.47671691247715176,
  "Updated": "2018-07-27T17:50:26.7963903Z"
}
