{
  "Live": 0.00000000093094666392457,
  "Minute": 0.00000000093094666392457,
  "Minute_Fluctuation": 0.0,
  "Minute_5": 0.00000000093094666392457,
  "Minute_5_Fluctuation": 0.068985462292371041,
  "Minute_10": 0.00000000093094666392457,
  "Minute_10_Fluctuation": 0.06695696476712984,
  "Hour": 0.000000000663593807503173,
  "Hour_Fluctuation": 0.751015169146091,
  "Day": 0.000000000851498772388236,
  "Day_Fluctuation": 0.38138894682130875,
  "Week": 0.00000000093094666392457,
  "Week_Fluctuation": 0.47725223552196117,
  "Updated": "2018-07-27T17:50:26.9428278Z"
}
