{
  "Live": 0.00000000707782149334351,
  "Minute": 0.00000000707782149334351,
  "Minute_Fluctuation": 0.0,
  "Minute_5": 0.00000000707782149334351,
  "Minute_5_Fluctuation": 0.038909043997587968,
  "Minute_10": 0.00000000707782149334351,
  "Minute_10_Fluctuation": 0.038940003136712018,
  "Hour": 0.00000000511194331168718,
  "Hour_Fluctuation": 0.72925776168433321,
  "Day": 0.00000000646825412439378,
  "Day_Fluctuation": 0.38227967145845282,
  "Week": 0.00000000707782149334351,
  "Week_Fluctuation": 0.47739201938837073,
  "Updated": "2018-07-27T17:50:26.6281622Z"
}
