{
  "Live": 0.00000000186393171461397,
  "Minute": 0.00000000186393171461397,
  "Minute_Fluctuation": 0.0,
  "Minute_5": 0.00000000186393171461397,
  "Minute_5_Fluctuation": 0.024983740533503492,
  "Minute_10": 0.00000000186393171461397,
  "Minute_10_Fluctuation": 0.024072794922338613,
  "Hour": 0.00000000126096995379527,
  "Hour_Fluctuation": 0.83372427157145235,
  "Day": 0.0000000016998313912568,
  "Day_Fluctuation": 0.3835889909683467,
  "Week": 0.00000000186393171461397,
  "Week_Fluctuation": 0.477621905977106,
  "Updated": "2018-07-27T17:50:26.4042691Z"
}
