{
  "Live": 0.0000000000102039620295224,
  "Minute": 0.0000000000102039620295224,
  "Minute_Fluctuation": 0.0,
  "Minute_5": 0.0000000000102039620295224,
  "Minute_5_Fluctuation": 0.098659013065322237,
  "Minute_10": 0.0000000000102039620295224,
  "Minute_10_Fluctuation": 0.097601123897446865,
  "Hour": 0.0000000000166747885018565,
  "Hour_Fluctuation": 0.567480833667425,
  "Day": 0.0000000000130519999257893,
  "Day_Fluctuation": 0.58765584243393532,
  "Week": 0.0000000000102039620295224,
  "Week_Fluctuation": 0.51902582975309119,
  "Updated": "2018-07-27T17:50:26.7055368Z"
}
