{
  "Live": 0.00000000542497901721524,
  "Minute": 0.00000000542497901721524,
  "Minute_Fluctuation": 0.0,
  "Minute_5": 0.00000000542497901721524,
  "Minute_5_Fluctuation": 0.027824853415464885,
  "Minute_10": 0.00000000542497901721524,
  "Minute_10_Fluctuation": 0.0275561859225453,
  "Hour": 0.00000000363936860809542,
  "Hour_Fluctuation": 0.85804719693604148,
  "Day": 0.00000000493849326862699,
  "Day_Fluctuation": 0.38594428979717355,
  "Week": 0.00000000542497901721524,
  "Week_Fluctuation": 0.47796879941073944,
  "Updated": "2018-07-27T17:50:26.4671839Z"
}
