{
  "Live": 0.00000000364185221177692,
  "Minute": 0.00000000364185221177692,
  "Minute_Fluctuation": 0.0,
  "Minute_5": 0.00000000364185221177692,
  "Minute_5_Fluctuation": 0.037503867158520519,
  "Minute_10": 0.00000000364185221177692,
  "Minute_10_Fluctuation": 0.037543129640554423,
  "Hour": 0.00000000263632900143859,
  "Hour_Fluctuation": 0.72332244866226625,
  "Day": 0.00000000332973016052294,
  "Day_Fluctuation": 0.38169370573805506,
  "Week": 0.00000000364185221177692,
  "Week_Fluctuation": 0.47730635051222292,
  "Updated": "2018-07-27T17:50:26.6167593Z"
}
