{
  "Live": 0.00000000000704887714476948,
  "Minute": 0.00000000000704887714476948,
  "Minute_Fluctuation": 0.0,
  "Minute_5": 0.00000000000704887714476948,
  "Minute_5_Fluctuation": 0.031266044488992825,
  "Minute_10": 0.00000000000704887714476948,
  "Minute_10_Fluctuation": 0.028606247165277435,
  "Hour": 0.0000000000064851621331993,
  "Hour_Fluctuation": 0.14896030193973431,
  "Day": 0.00000000000695831552672142,
  "Day_Fluctuation": 0.28249062354254167,
  "Week": 0.00000000000704887714476948,
  "Week_Fluctuation": 0.46232116697900966,
  "Updated": "2018-07-27T17:50:26.2506132Z"
}
