{
  "Live": 0.00000000477121578402437,
  "Minute": 0.00000000477121578402437,
  "Minute_Fluctuation": 0.0,
  "Minute_5": 0.00000000477121578402437,
  "Minute_5_Fluctuation": 0.060267144728624718,
  "Minute_10": 0.00000000477121578402437,
  "Minute_10_Fluctuation": 0.05909237362693,
  "Hour": 0.00000000342590961430664,
  "Hour_Fluctuation": 0.7363499207567904,
  "Day": 0.00000000435685216638215,
  "Day_Fluctuation": 0.38307854998910407,
  "Week": 0.00000000477121578402437,
  "Week_Fluctuation": 0.47753202794307659,
  "Updated": "2018-07-27T17:50:26.8791556Z"
}
