{
  "Live": 0.0000000933578742615911,
  "Minute": 0.0000000933578742615911,
  "Minute_Fluctuation": 0.0,
  "Minute_5": 0.0000000933578742615911,
  "Minute_5_Fluctuation": 0.031271575492974622,
  "Minute_10": 0.0000000933578742615911,
  "Minute_10_Fluctuation": 0.030765589772739247,
  "Hour": 0.0000000675561296962326,
  "Hour_Fluctuation": 0.7284088796396474,
  "Day": 0.0000000853313619303834,
  "Day_Fluctuation": 0.38218965250488945,
  "Week": 0.0000000933578742615911,
  "Week_Fluctuation": 0.47736764363674444,
  "Updated": "2018-07-27T17:50:26.5194555Z"
}
