{
  "Live": 0.00000000344597285814133,
  "Minute": 0.00000000344597285814133,
  "Minute_Fluctuation": 0.0,
  "Minute_5": 0.00000000344597285814133,
  "Minute_5_Fluctuation": 0.03285505716190263,
  "Minute_10": 0.00000000344597285814133,
  "Minute_10_Fluctuation": 0.032591774245503809,
  "Hour": 0.00000000249235248135092,
  "Hour_Fluctuation": 0.7288128819670443,
  "Day": 0.00000000314950758019078,
  "Day_Fluctuation": 0.38224018723092573,
  "Week": 0.00000000344597285814133,
  "Week_Fluctuation": 0.47737795812972061,
  "Updated": "2018-07-27T17:50:26.5456563Z"
}
