{
  "Live": 0.000000338094896817951,
  "Minute": 0.000000338094896817951,
  "Minute_Fluctuation": 0.0,
  "Minute_5": 0.000000338094896817951,
  "Minute_5_Fluctuation": 0.025630502633632722,
  "Minute_10": 0.000000338094896817951,
  "Minute_10_Fluctuation": 0.024980758726256352,
  "Hour": 0.000000232128945294042,
  "Hour_Fluctuation": 0.78828850691462715,
  "Day": 0.000000309165889083338,
  "Day_Fluctuation": 0.38004941931652281,
  "Week": 0.000000338094896817951,
  "Week_Fluctuation": 0.47711344095742558,
  "Updated": "2018-07-27T17:50:26.4235891Z"
}
