{
  "Live": 0.000000813659869843501,
  "Minute": 0.000000813659869843501,
  "Minute_Fluctuation": 0.0,
  "Minute_5": 0.000000813659869843501,
  "Minute_5_Fluctuation": 0.023489211499861277,
  "Minute_10": 0.000000813659869843501,
  "Minute_10_Fluctuation": 0.022498744066446544,
  "Hour": 0.000000548785228330812,
  "Hour_Fluctuation": 0.84595912875884161,
  "Day": 0.00000074105228114679,
  "Day_Fluctuation": 0.38535024924462996,
  "Week": 0.000000813659869843501,
  "Week_Fluctuation": 0.47787608869449533,
  "Updated": "2018-07-27T17:50:26.3903075Z"
}
