{
  "Live": 0.0000000000336504666237641,
  "Minute": 0.0000000000336504666237641,
  "Minute_Fluctuation": 0.0,
  "Minute_5": 0.0000000000336504666237641,
  "Minute_5_Fluctuation": 0.0084336088599758861,
  "Minute_10": 0.0000000000336504666237641,
  "Minute_10_Fluctuation": 0.0075996530457999173,
  "Hour": 0.0000000000350731669558775,
  "Hour_Fluctuation": 0.094372018953634854,
  "Day": 0.0000000000337798024336993,
  "Day_Fluctuation": 0.28261158349648352,
  "Week": 0.0000000000336504666237641,
  "Week_Fluctuation": 0.4626529901328944,
  "Updated": "2018-07-27T17:50:26.2631368Z"
}
