{
  "Live": 0.0000229330650359464,
  "Minute": 0.0000229330650359464,
  "Minute_Fluctuation": 0.0,
  "Minute_5": 0.0000229330650359464,
  "Minute_5_Fluctuation": 0.082016196119513107,
  "Minute_10": 0.0000229330650359464,
  "Minute_10_Fluctuation": 0.076592190291833756,
  "Hour": 0.0000172164545686045,
  "Hour_Fluctuation": 0.59306224100167082,
  "Day": 0.0000212603389044325,
  "Day_Fluctuation": 0.3632490454588016,
  "Week": 0.0000229330650359464,
  "Week_Fluctuation": 0.4746326385327031,
  "Updated": "2018-07-27T17:50:27.2440953Z"
}
