{
  "Live": 0.00000000288721150424255,
  "Minute": 0.00000000288721150424255,
  "Minute_Fluctuation": 0.0,
  "Minute_5": 0.00000000288721150424255,
  "Minute_5_Fluctuation": 0.025747548523429222,
  "Minute_10": 0.00000000288721150424255,
  "Minute_10_Fluctuation": 0.024935734211736095,
  "Hour": 0.00000000193698197206039,
  "Hour_Fluctuation": 0.86091318314962106,
  "Day": 0.00000000262722265218384,
  "Day_Fluctuation": 0.38647247874907203,
  "Week": 0.00000000288721150424255,
  "Week_Fluctuation": 0.47803940479595647,
  "Updated": "2018-07-27T17:50:26.4108088Z"
}
