{
  "Live": 0.00000000349109964620665,
  "Minute": 0.00000000349109964620665,
  "Minute_Fluctuation": 0.0,
  "Minute_5": 0.00000000349109964620665,
  "Minute_5_Fluctuation": 0.50545397511281953,
  "Minute_10": 0.00000000349109964620665,
  "Minute_10_Fluctuation": 0.47867186581582566,
  "Hour": 0.0000000686894068264023,
  "Hour_Fluctuation": 1.2742037782160431,
  "Day": 0.0000000199590847784957,
  "Day_Fluctuation": 29510194093.658676,
  "Week": 0.00000000349109964620665,
  "Week_Fluctuation": 7332635838.4247513,
  "Updated": "2018-07-27T17:50:26.2822954Z"
}
