{
  "Live": 0.0000000279132913315092,
  "Minute": 0.0000000279132913315092,
  "Minute_Fluctuation": 0.0,
  "Minute_5": 0.0000000279132913315092,
  "Minute_5_Fluctuation": 0.047979434927515392,
  "Minute_10": 0.0000000279132913315092,
  "Minute_10_Fluctuation": 0.04775916491056293,
  "Hour": 0.0000000200362751667749,
  "Hour_Fluctuation": 0.74372671819674119,
  "Day": 0.0000000254789314284846,
  "Day_Fluctuation": 0.38373281694709732,
  "Week": 0.0000000279132913315092,
  "Week_Fluctuation": 0.47761076134212904,
  "Updated": "2018-07-27T17:50:26.7432223Z"
}
