{
  "Live": 0.000000765795705603944,
  "Minute": 0.000000765795705603944,
  "Minute_Fluctuation": 0.0,
  "Minute_5": 0.000000765795705603944,
  "Minute_5_Fluctuation": 0.018228112479555952,
  "Minute_10": 0.000000765795705603944,
  "Minute_10_Fluctuation": 0.016365344153055229,
  "Hour": 0.000000518640797260492,
  "Hour_Fluctuation": 0.83827042360574366,
  "Day": 0.000000698064597312968,
  "Day_Fluctuation": 0.38433417142047566,
  "Week": 0.000000765795705603944,
  "Week_Fluctuation": 0.47771513863655884,
  "Updated": "2018-07-27T17:50:26.2765138Z"
}
