{
  "Live": 0.000000000588074293276052,
  "Minute": 0.000000000588074293276052,
  "Minute_Fluctuation": 0.0,
  "Minute_5": 0.000000000588074293276052,
  "Minute_5_Fluctuation": 0.05094847933646951,
  "Minute_10": 0.000000000588074293276052,
  "Minute_10_Fluctuation": 0.050710156054120957,
  "Hour": 0.000000000432681069976235,
  "Hour_Fluctuation": 0.66419909508888608,
  "Day": 0.000000000540223315531991,
  "Day_Fluctuation": 0.37544737762172042,
  "Week": 0.000000000588074293276052,
  "Week_Fluctuation": 0.47643550688106795,
  "Updated": "2018-07-27T17:50:26.8401051Z"
}
