{
  "Live": 0.00000000000263493437323686,
  "Minute": 0.00000000000263493437323686,
  "Minute_Fluctuation": 0.0,
  "Minute_5": 0.00000000000263493437323686,
  "Minute_5_Fluctuation": 0.015126905443119867,
  "Minute_10": 0.00000000000263493437323686,
  "Minute_10_Fluctuation": 0.0077735805928283493,
  "Hour": 0.00000000000257227970162947,
  "Hour_Fluctuation": 0.057551242733402411,
  "Day": 0.00000000000262655315163495,
  "Day_Fluctuation": 0.27409700102669826,
  "Week": 0.00000000000263493437323686,
  "Week_Fluctuation": 0.46122496594523132,
  "Updated": "2018-07-27T17:50:26.718153Z"
}
