{
  "Live": 0.000000000000014149109296495,
  "Minute": 0.000000000000014149109296495,
  "Minute_Fluctuation": 0.0,
  "Minute_5": 0.000000000000014149109296495,
  "Minute_5_Fluctuation": 0.82626547983516385,
  "Minute_10": 0.000000000000014149109296495,
  "Minute_10_Fluctuation": 0.8189161664515624,
  "Hour": 0.000000000000300901820107292,
  "Hour_Fluctuation": 1.3257696373329857,
  "Day": 0.0000000000000835189283099522,
  "Day_Fluctuation": 62119.661642999308,
  "Week": 0.000000000000014149109296495,
  "Week_Fluctuation": 15436.328144649204,
  "Updated": "2018-07-27T17:50:26.8158224Z"
}
