{
  "Live": 0.000000283449733274759,
  "Minute": 0.000000283449733274759,
  "Minute_Fluctuation": 0.0,
  "Minute_5": 0.000000283449733274759,
  "Minute_5_Fluctuation": 0.036080577355676054,
  "Minute_10": 0.000000283449733274759,
  "Minute_10_Fluctuation": 0.036104095778248975,
  "Hour": 0.000000204464225223763,
  "Hour_Fluctuation": 0.73498655605469232,
  "Day": 0.000000258931683280604,
  "Day_Fluctuation": 0.38286104215583266,
  "Week": 0.000000283449733274759,
  "Week_Fluctuation": 0.4774716114092542,
  "Updated": "2018-07-27T17:50:26.5960295Z"
}
