{
  "Live": 0.00000000000376837884235484,
  "Minute": 0.00000000000376837884235484,
  "Minute_Fluctuation": 0.0,
  "Minute_5": 0.00000000000376837884235484,
  "Minute_5_Fluctuation": 0.070100305921469708,
  "Minute_10": 0.00000000000376837884235484,
  "Minute_10_Fluctuation": 0.063792057219992565,
  "Hour": 0.00000000000446654096565819,
  "Hour_Fluctuation": 0.25843709436377049,
  "Day": 0.00000000000398453768097056,
  "Day_Fluctuation": 0.3374906532693957,
  "Week": 0.00000000000376837884235484,
  "Week_Fluctuation": 0.47145388719285025,
  "Updated": "2018-07-27T17:50:26.3076312Z"
}
