{
  "Live": 0.00000000751376863819212,
  "Minute": 0.00000000751376863819212,
  "Minute_Fluctuation": 0.0,
  "Minute_5": 0.00000000751376863819212,
  "Minute_5_Fluctuation": 0.0047251208169896922,
  "Minute_10": 0.00000000751376863819212,
  "Minute_10_Fluctuation": 0.0048029913234041988,
  "Hour": 0.00000000737866495197356,
  "Hour_Fluctuation": 0.041233611033766764,
  "Day": 0.00000000752219449924866,
  "Day_Fluctuation": 0.2734468352143492,
  "Week": 0.00000000751376863819212,
  "Week_Fluctuation": 0.46112656989774437,
  "Updated": "2018-07-27T17:50:27.2189395Z"
}
