{
  "Live": 0.000000000000512664744422355,
  "Minute": 0.000000000000512664744422355,
  "Minute_Fluctuation": 0.0,
  "Minute_5": 0.000000000000512664744422355,
  "Minute_5_Fluctuation": 0.022732174213998736,
  "Minute_10": 0.000000000000512664744422355,
  "Minute_10_Fluctuation": 0.021691024520106864,
  "Hour": 0.000000000000345795309996493,
  "Hour_Fluctuation": 0.84564658077262944,
  "Day": 0.000000000000467308522051007,
  "Day_Fluctuation": 0.38403158099609708,
  "Week": 0.000000000000512664744422355,
  "Week_Fluctuation": 0.47767090955071773,
  "Updated": "2018-07-27T17:50:26.3846345Z"
}
