{
  "Live": 0.0000000000294808657418064,
  "Minute": 0.0000000000294808657418064,
  "Minute_Fluctuation": 0.0,
  "Minute_5": 0.0000000000294808657418064,
  "Minute_5_Fluctuation": 0.068573697063641317,
  "Minute_10": 0.0000000000294808657418064,
  "Minute_10_Fluctuation": 0.067262544175243466,
  "Hour": 0.000000000040003319997659,
  "Hour_Fluctuation": 0.40872296799158114,
  "Day": 0.0000000000311534275826673,
  "Day_Fluctuation": 0.3347948232017281,
  "Week": 0.0000000000294808657418064,
  "Week_Fluctuation": 0.47082124299204142,
  "Updated": "2018-07-27T17:50:26.5708773Z"
}
