{
  "Live": 0.000000000000706421658881555,
  "Minute": 0.000000000000706421658881555,
  "Minute_Fluctuation": 0.0,
  "Minute_5": 0.000000000000706421658881555,
  "Minute_5_Fluctuation": 0.82137350557007849,
  "Minute_10": 0.000000000000706421658881555,
  "Minute_10_Fluctuation": 0.81134746248044654,
  "Hour": 0.0000000000117625463250175,
  "Hour_Fluctuation": 1.2601480774070017,
  "Day": 0.00000000000393597643503147,
  "Day_Fluctuation": 7108124.5412036991,
  "Week": 0.000000000000706421658881555,
  "Week_Fluctuation": 1765613.8090230934,
  "Updated": "2018-07-27T17:50:27.206371Z"
}
