{
  "Live": 0.0000000283155201932474,
  "Minute": 0.0000000283155201932474,
  "Minute_Fluctuation": 0.0,
  "Minute_5": 0.0000000283155201932474,
  "Minute_5_Fluctuation": 0.019779013475336192,
  "Minute_10": 0.0000000283155201932474,
  "Minute_10_Fluctuation": 0.017646111193194924,
  "Hour": 0.0000000190844023676916,
  "Hour_Fluctuation": 0.85170249345352422,
  "Day": 0.0000000257859194375006,
  "Day_Fluctuation": 0.3855699385205193,
  "Week": 0.0000000283155201932474,
  "Week_Fluctuation": 0.47789797795278649,
  "Updated": "2018-07-27T17:50:26.3203917Z"
}
