{
  "Live": 0.00000000000000079447911386,
  "Minute": 0.00000000000000079447911386,
  "Minute_Fluctuation": 0.0,
  "Minute_5": 0.00000000000000079447911386,
  "Minute_5_Fluctuation": 0.0,
  "Minute_10": 0.00000000000000079447911386,
  "Minute_10_Fluctuation": 0.0,
  "Hour": 0.0000000000000025823293669301,
  "Hour_Fluctuation": 110015.42640304494,
  "Day": 0.0000000000000048671616865955,
  "Day_Fluctuation": 456928.60668212653,
  "Week": 0.00000000000000079447911386,
  "Week_Fluctuation": 74927.203064799789,
  "Updated": "2018-07-27T17:50:26.9552542Z"
}
