{
  "Live": 0.000000000432043317173202,
  "Minute": 0.000000000432043317173202,
  "Minute_Fluctuation": 0.0,
  "Minute_5": 0.000000000432043317173202,
  "Minute_5_Fluctuation": 0.020314207669812546,
  "Minute_10": 0.000000000432043317173202,
  "Minute_10_Fluctuation": 0.018140138473297894,
  "Hour": 0.000000000291641030052575,
  "Hour_Fluctuation": 0.84619411634738162,
  "Day": 0.000000000393602229188222,
  "Day_Fluctuation": 0.38506052858633971,
  "Week": 0.000000000432043317173202,
  "Week_Fluctuation": 0.47782383118769861,
  "Updated": "2018-07-27T17:50:26.3329246Z"
}
