{
  "Live": 0.0000000000273896139018648,
  "Minute": 0.0000000000273896139018648,
  "Minute_Fluctuation": 0.0,
  "Minute_5": 0.0000000000273896139018648,
  "Minute_5_Fluctuation": 0.045998382514552322,
  "Minute_10": 0.0000000000273896139018648,
  "Minute_10_Fluctuation": 0.038936414031598608,
  "Hour": 0.0000000000258059463889444,
  "Hour_Fluctuation": 0.13784865990535505,
  "Day": 0.0000000000275933113416706,
  "Day_Fluctuation": 0.32220123385559285,
  "Week": 0.0000000000273896139018648,
  "Week_Fluctuation": 0.47022881435199237,
  "Updated": "2018-07-27T17:50:26.583468Z"
}
