{
  "Live": 0.00000670057783007536,
  "Minute": 0.00000670057783007536,
  "Minute_Fluctuation": 0.0,
  "Minute_5": 0.00000670057783007536,
  "Minute_5_Fluctuation": 0.0030442170660756177,
  "Minute_10": 0.00000670057783007536,
  "Minute_10_Fluctuation": 0.0043025759246041288,
  "Hour": 0.00000653958069644052,
  "Hour_Fluctuation": 0.0414388064521837,
  "Day": 0.00000666857312681213,
  "Day_Fluctuation": 0.27456565012403733,
  "Week": 0.00000670057783007536,
  "Week_Fluctuation": 0.46118678878632424,
  "Updated": "2018-07-27T17:50:26.461477Z"
}
