{
  "Live": 0.00000000289827239921161,
  "Minute": 0.00000000289827239921161,
  "Minute_Fluctuation": 0.0,
  "Minute_5": 0.00000000289827239921161,
  "Minute_5_Fluctuation": 0.086094572977359646,
  "Minute_10": 0.00000000289827239921161,
  "Minute_10_Fluctuation": 0.081681193028227767,
  "Hour": 0.00000000205286962254304,
  "Hour_Fluctuation": 0.76342254729911863,
  "Day": 0.00000000264806626689747,
  "Day_Fluctuation": 0.38263024986116512,
  "Week": 0.00000000289827239921161,
  "Week_Fluctuation": 0.47744570293536409,
  "Updated": "2018-07-27T17:50:27.1348354Z"
}
