{
  "Live": 0.0000000000000131823754144589,
  "Minute": 0.0000000000000131823754144589,
  "Minute_Fluctuation": 0.0,
  "Minute_5": 0.0000000000000131823754144589,
  "Minute_5_Fluctuation": 0.3718365644141946,
  "Minute_10": 0.0000000000000131823754144589,
  "Minute_10_Fluctuation": 0.34998086589557537,
  "Hour": 0.000000000000037306419738507,
  "Hour_Fluctuation": 0.89039686418370789,
  "Day": 0.0000000000000201626005527022,
  "Day_Fluctuation": 0.83374860032918086,
  "Week": 0.0000000000000131823754144589,
  "Week_Fluctuation": 0.57591224150998388,
  "Updated": "2018-07-27T17:50:27.0648124Z"
}
