{
  "Live": 0.0000000000277006565082816,
  "Minute": 0.0000000000277006565082816,
  "Minute_Fluctuation": 0.0,
  "Minute_5": 0.0000000000277006565082816,
  "Minute_5_Fluctuation": 0.027679230559806409,
  "Minute_10": 0.0000000000277006565082816,
  "Minute_10_Fluctuation": 0.019680763293183336,
  "Hour": 0.0000000000276169982810854,
  "Hour_Fluctuation": 0.084767472582373618,
  "Day": 0.0000000000275527603239996,
  "Day_Fluctuation": 0.29405115748682786,
  "Week": 0.0000000000277006565082816,
  "Week_Fluctuation": 0.46431927997238603,
  "Updated": "2018-07-27T17:50:27.1222328Z"
}
