{
  "Live": 0.000000000152186515131823,
  "Minute": 0.000000000152186515131823,
  "Minute_Fluctuation": 0.0,
  "Minute_5": 0.000000000152186515131823,
  "Minute_5_Fluctuation": 0.047927892184689305,
  "Minute_10": 0.000000000152186515131823,
  "Minute_10_Fluctuation": 0.042795479317610782,
  "Hour": 0.000000000146770852399078,
  "Hour_Fluctuation": 0.17207301437727793,
  "Day": 0.000000000156135919772851,
  "Day_Fluctuation": 0.31569469065185357,
  "Week": 0.000000000152186515131823,
  "Week_Fluctuation": 0.46762566030951519,
  "Updated": "2018-07-27T17:50:26.7306945Z"
}
