{
  "Live": 0.0000000000000517005632843883,
  "Minute": 0.0000000000000517005632843883,
  "Minute_Fluctuation": 0.0,
  "Minute_5": 0.0000000000000517005632843883,
  "Minute_5_Fluctuation": 0.028342460702232838,
  "Minute_10": 0.0000000000000517005632843883,
  "Minute_10_Fluctuation": 0.028746235731059055,
  "Hour": 0.0000000000000365913395948029,
  "Hour_Fluctuation": 0.71251145124418513,
  "Day": 0.000000000000047539387456303,
  "Day_Fluctuation": 0.37292278478957169,
  "Week": 0.0000000000000517005632843883,
  "Week_Fluctuation": 0.476041932215984,
  "Updated": "2018-07-27T17:50:26.5137702Z"
}
