{
  "Live": 0.00000000304382326037982,
  "Minute": 0.00000000304382326037982,
  "Minute_Fluctuation": 0.0,
  "Minute_5": 0.00000000304382326037982,
  "Minute_5_Fluctuation": 0.047284427681783842,
  "Minute_10": 0.00000000304382326037982,
  "Minute_10_Fluctuation": 0.047106219734576411,
  "Hour": 0.0000000021850495525756,
  "Hour_Fluctuation": 0.74382557380706427,
  "Day": 0.00000000277833712493005,
  "Day_Fluctuation": 0.38375874187767844,
  "Week": 0.00000000304382326037982,
  "Week_Fluctuation": 0.47761385789897826,
  "Updated": "2018-07-27T17:50:26.736372Z"
}
