{
  "Live": 0.0000000000498767664167954,
  "Minute": 0.0000000000498767664167954,
  "Minute_Fluctuation": 0.0,
  "Minute_5": 0.0000000000498767664167954,
  "Minute_5_Fluctuation": 0.00023012929038692488,
  "Minute_10": 0.0000000000498767664167954,
  "Minute_10_Fluctuation": 0.0020175708341001008,
  "Hour": 0.0000000000491099133458416,
  "Hour_Fluctuation": 0.034670333101585037,
  "Day": 0.0000000000495803353098096,
  "Day_Fluctuation": 0.27464937872979728,
  "Week": 0.0000000000498767664167954,
  "Week_Fluctuation": 0.46126478415357147,
  "Updated": "2018-07-27T17:50:26.7238399Z"
}
