{
  "Live": 0.0000000000000563436769860737,
  "Minute": 0.0000000000000563436769860737,
  "Minute_Fluctuation": 0.0,
  "Minute_5": 0.0000000000000563436769860737,
  "Minute_5_Fluctuation": 0.012683013070154119,
  "Minute_10": 0.0000000000000563436769860737,
  "Minute_10_Fluctuation": 0.011560469457219526,
  "Hour": 0.0000000000000412833509712428,
  "Hour_Fluctuation": 0.61749218905010739,
  "Day": 0.0000000000000522608955705692,
  "Day_Fluctuation": 0.36162977921542167,
  "Week": 0.0000000000000563436769860737,
  "Week_Fluctuation": 0.47439621859541192,
  "Updated": "2018-07-27T17:50:26.1778299Z"
}
