{
  "Live": 0.000000008434529085822,
  "Minute": 0.000000008434529085822,
  "Minute_Fluctuation": 0.0,
  "Minute_5": 0.000000008434529085822,
  "Minute_5_Fluctuation": 0.018873204860937718,
  "Minute_10": 0.000000008434529085822,
  "Minute_10_Fluctuation": 0.016903913029250994,
  "Hour": 0.00000000569069382378123,
  "Hour_Fluctuation": 0.84939984057782913,
  "Day": 0.0000000076825457063325,
  "Day_Fluctuation": 0.38533172158507639,
  "Week": 0.000000008434529085822,
  "Week_Fluctuation": 0.47786129750571549,
  "Updated": "2018-07-27T17:50:26.2949833Z"
}
