{
  "Live": 0.0000000000187672720765178,
  "Minute": 0.0000000000187672720765178,
  "Minute_Fluctuation": 0.0,
  "Minute_5": 0.0000000000187672720765178,
  "Minute_5_Fluctuation": 0.021631651031652318,
  "Minute_10": 0.0000000000187672720765178,
  "Minute_10_Fluctuation": 0.021158959570506029,
  "Hour": 0.0000000000237173975301219,
  "Hour_Fluctuation": 0.29686098508069947,
  "Day": 0.0000000000202101113972407,
  "Day_Fluctuation": 0.36155781375509771,
  "Week": 0.0000000000187672720765178,
  "Week_Fluctuation": 0.47584797578564708,
  "Updated": "2018-07-27T17:50:26.4362214Z"
}
