{
  "Live": 0.000000011293579586222,
  "Minute": 0.000000011293579586222,
  "Minute_Fluctuation": 0.0,
  "Minute_5": 0.000000011293579586222,
  "Minute_5_Fluctuation": 0.098134226526934265,
  "Minute_10": 0.000000011293579586222,
  "Minute_10_Fluctuation": 0.09150654071102414,
  "Hour": 0.00000000797897304331563,
  "Hour_Fluctuation": 0.76674320313811206,
  "Day": 0.0000000103138150629796,
  "Day_Fluctuation": 0.38314450558498808,
  "Week": 0.000000011293579586222,
  "Week_Fluctuation": 0.47753105659377204,
  "Updated": "2018-07-27T17:50:27.2383686Z"
}
