{
  "Live": 0.0000000000212810217853486,
  "Minute": 0.0000000000212810217853486,
  "Minute_Fluctuation": 0.0,
  "Minute_5": 0.0000000000212810217853486,
  "Minute_5_Fluctuation": 0.03780784532657238,
  "Minute_10": 0.0000000000212810217853486,
  "Minute_10_Fluctuation": 0.030019291705721235,
  "Hour": 0.0000000000218868930374788,
  "Hour_Fluctuation": 0.069430356572899865,
  "Day": 0.0000000000214434269334726,
  "Day_Fluctuation": 0.28175528781630682,
  "Week": 0.0000000000212810217853486,
  "Week_Fluctuation": 0.46238864650099021,
  "Updated": "2018-07-27T17:50:26.1834795Z"
}
