{
  "Live": 0.00000000844326908134763,
  "Minute": 0.00000000844326908134763,
  "Minute_Fluctuation": 0.0,
  "Minute_5": 0.00000000844326908134763,
  "Minute_5_Fluctuation": 0.016702644438901633,
  "Minute_10": 0.00000000844326908134763,
  "Minute_10_Fluctuation": 0.015113519801980209,
  "Hour": 0.00000000571011457750181,
  "Hour_Fluctuation": 0.84440872393775879,
  "Day": 0.00000000769377992183733,
  "Day_Fluctuation": 0.38484158577028971,
  "Week": 0.00000000844326908134763,
  "Week_Fluctuation": 0.477784766213366,
  "Updated": "2018-07-27T17:50:26.2254711Z"
}
