{
  "Live": 0.00000000157802050180124,
  "Minute": 0.00000000157802050180124,
  "Minute_Fluctuation": 0.0,
  "Minute_5": 0.00000000157802050180124,
  "Minute_5_Fluctuation": 0.090956286678487153,
  "Minute_10": 0.00000000157802050180124,
  "Minute_10_Fluctuation": 0.08571691100283696,
  "Hour": 0.00000000111538705037093,
  "Hour_Fluctuation": 0.76800126323532059,
  "Day": 0.00000000144122366773057,
  "Day_Fluctuation": 0.38310380025563184,
  "Week": 0.00000000157802050180124,
  "Week_Fluctuation": 0.47751794385906671,
  "Updated": "2018-07-27T17:50:27.1698016Z"
}
