{
  "Live": 0.0000000059603783065515,
  "Minute": 0.0000000059603783065515,
  "Minute_Fluctuation": 0.0,
  "Minute_5": 0.0000000059603783065515,
  "Minute_5_Fluctuation": 0.0958827257415912,
  "Minute_10": 0.0000000059603783065515,
  "Minute_10_Fluctuation": 0.089552044585438015,
  "Hour": 0.00000000422478198558092,
  "Hour_Fluctuation": 0.7577396798281486,
  "Day": 0.00000000544579460569542,
  "Day_Fluctuation": 0.38260051016344609,
  "Week": 0.0000000059603783065515,
  "Week_Fluctuation": 0.47745432771270307,
  "Updated": "2018-07-27T17:50:27.2120653Z"
}
