{
  "Live": 0.00000000026117547871078,
  "Minute": 0.00000000026117547871078,
  "Minute_Fluctuation": 0.0,
  "Minute_5": 0.00000000026117547871078,
  "Minute_5_Fluctuation": 0.065139741999389031,
  "Minute_10": 0.00000000026117547871078,
  "Minute_10_Fluctuation": 0.06341626465136152,
  "Hour": 0.000000000187236288592604,
  "Hour_Fluctuation": 0.73507779508302551,
  "Day": 0.00000000023919483437941,
  "Day_Fluctuation": 0.37973090713063579,
  "Week": 0.00000000026117547871078,
  "Week_Fluctuation": 0.47701050317684929,
  "Updated": "2018-07-27T17:50:26.917196Z"
}
