{
  "Live": 0.00000000000468575886403166,
  "Minute": 0.00000000000468575886403166,
  "Minute_Fluctuation": 0.0,
  "Minute_5": 0.00000000000468575886403166,
  "Minute_5_Fluctuation": 0.087540612870593129,
  "Minute_10": 0.00000000000468575886403166,
  "Minute_10_Fluctuation": 0.08272299167935597,
  "Hour": 0.00000000000333544054702481,
  "Hour_Fluctuation": 0.74750126203292488,
  "Day": 0.00000000000428586649953636,
  "Day_Fluctuation": 0.38119024893447367,
  "Week": 0.00000000000468575886403166,
  "Week_Fluctuation": 0.47724154577652894,
  "Updated": "2018-07-27T17:50:27.1531199Z"
}
