{
  "Live": 0.00000285673369923788,
  "Minute": 0.00000285673369923788,
  "Minute_Fluctuation": 0.0,
  "Minute_5": 0.00000285673369923788,
  "Minute_5_Fluctuation": 0.040187005320065833,
  "Minute_10": 0.00000285673369923788,
  "Minute_10_Fluctuation": 0.040204513973226046,
  "Hour": 0.00000209244457861937,
  "Hour_Fluctuation": 0.68536642572276851,
  "Day": 0.00000262167949648373,
  "Day_Fluctuation": 0.37660408603006967,
  "Week": 0.00000285673369923788,
  "Week_Fluctuation": 0.47656883547376333,
  "Updated": "2018-07-27T17:50:26.6732803Z"
}
