{
  "Live": 0.000000000000104515439119081,
  "Minute": 0.000000000000104515439119081,
  "Minute_Fluctuation": 0.0,
  "Minute_5": 0.000000000000104515439119081,
  "Minute_5_Fluctuation": 0.060125760914004622,
  "Minute_10": 0.000000000000104515439119081,
  "Minute_10_Fluctuation": 0.050737328625443369,
  "Hour": 0.0000000000000972331668310566,
  "Hour_Fluctuation": 0.16271172664891964,
  "Day": 0.000000000000102627799538224,
  "Day_Fluctuation": 0.30200472536185508,
  "Week": 0.000000000000104515439119081,
  "Week_Fluctuation": 0.46569991436715763,
  "Updated": "2018-07-27T17:50:26.6663908Z"
}
