{
  "Live": 0.00000000103109022975792,
  "Minute": 0.00000000103109022975792,
  "Minute_Fluctuation": 0.0,
  "Minute_5": 0.00000000103109022975792,
  "Minute_5_Fluctuation": 0.014935661596455513,
  "Minute_10": 0.00000000103109022975792,
  "Minute_10_Fluctuation": 0.013592467326274175,
  "Hour": 0.000000000709386403886384,
  "Hour_Fluctuation": 0.79371365424855189,
  "Day": 0.000000000942545565188784,
  "Day_Fluctuation": 0.38079875547838549,
  "Week": 0.00000000103109022975792,
  "Week_Fluctuation": 0.4772010911460996,
  "Updated": "2018-07-27T17:50:26.1892427Z"
}
