{
  "Live": 0.0000000000000001166995493484,
  "Minute": 0.0000000000000001166995493484,
  "Minute_Fluctuation": 0.0,
  "Minute_5": 0.0000000000000001166995493484,
  "Minute_5_Fluctuation": 0.72007930551558486,
  "Minute_10": 0.0000000000000001166995493484,
  "Minute_10_Fluctuation": 0.71788251060204311,
  "Hour": 0.0000000000000018839379726437,
  "Hour_Fluctuation": 1.2929472011645804,
  "Day": 0.0000000000000006527920384491,
  "Day_Fluctuation": 1133.1837759208063,
  "Week": 0.0000000000000001166995493484,
  "Week_Fluctuation": 285.03944550237946,
  "Updated": "2018-07-27T17:50:26.8285846Z"
}
