{
  "Live": 0.00000000157674590371712,
  "Minute": 0.00000000157674590371712,
  "Minute_Fluctuation": 0.0,
  "Minute_5": 0.00000000157674590371712,
  "Minute_5_Fluctuation": 0.036515933817725062,
  "Minute_10": 0.00000000157674590371712,
  "Minute_10_Fluctuation": 0.036551302412095449,
  "Hour": 0.00000000113883434825598,
  "Hour_Fluctuation": 0.7306522862167858,
  "Day": 0.00000000144085609638657,
  "Day_Fluctuation": 0.38240320616827511,
  "Week": 0.00000000157674590371712,
  "Week_Fluctuation": 0.4774066724551263,
  "Updated": "2018-07-27T17:50:26.6039631Z"
}
