{
  "Live": 0.0000000000261211046491372,
  "Minute": 0.0000000000261211046491372,
  "Minute_Fluctuation": 0.0,
  "Minute_5": 0.0000000000261211046491372,
  "Minute_5_Fluctuation": 0.078386082672284987,
  "Minute_10": 0.0000000000261211046491372,
  "Minute_10_Fluctuation": 0.076654228606460845,
  "Hour": 0.0000000000376187105694631,
  "Hour_Fluctuation": 0.4583825834375827,
  "Day": 0.0000000000285723650064874,
  "Day_Fluctuation": 0.3780820886898178,
  "Week": 0.0000000000261211046491372,
  "Week_Fluctuation": 0.47811284008812888,
  "Updated": "2018-07-27T17:50:26.9820802Z"
}
