{
  "Live": 0.00000343018659887694,
  "Minute": 0.00000343018659887694,
  "Minute_Fluctuation": 0.0,
  "Minute_5": 0.00000343018659887694,
  "Minute_5_Fluctuation": 0.0070024501681953807,
  "Minute_10": 0.00000343018659887694,
  "Minute_10_Fluctuation": 0.00591523789603406,
  "Hour": 0.0000034070056122795,
  "Hour_Fluctuation": 0.016328891969930082,
  "Day": 0.00000344979200570952,
  "Day_Fluctuation": 0.27372549440905808,
  "Week": 0.00000343018659887694,
  "Week_Fluctuation": 0.461033993685744,
  "Updated": "2018-07-27T17:50:26.4488361Z"
}
