{
  "Live": 0.000000000597035269866422,
  "Minute": 0.000000000597035269866422,
  "Minute_Fluctuation": 0.0,
  "Minute_5": 0.000000000597035269866422,
  "Minute_5_Fluctuation": 0.026365980727403943,
  "Minute_10": 0.000000000597035269866422,
  "Minute_10_Fluctuation": 0.025842671139787502,
  "Hour": 0.000000000405723156639458,
  "Hour_Fluctuation": 0.81897158009975446,
  "Day": 0.000000000544833819936473,
  "Day_Fluctuation": 0.38271319957615962,
  "Week": 0.000000000597035269866422,
  "Week_Fluctuation": 0.4774995984856632,
  "Updated": "2018-07-27T17:50:26.4293026Z"
}
