{
  "Live": 0.000000232489384911892,
  "Minute": 0.000000232489384911892,
  "Minute_Fluctuation": 0.0,
  "Minute_5": 0.000000232489384911892,
  "Minute_5_Fluctuation": 0.0085503763966355856,
  "Minute_10": 0.000000232489384911892,
  "Minute_10_Fluctuation": 0.0087486308121160119,
  "Hour": 0.000000227420601155892,
  "Hour_Fluctuation": 0.038416439751407232,
  "Day": 0.00000023052174063845,
  "Day_Fluctuation": 0.2754220181096822,
  "Week": 0.000000232489384911892,
  "Week_Fluctuation": 0.46131672200547114,
  "Updated": "2018-07-27T17:50:26.4418937Z"
}
