{
  "Live": 0.0000000444439153623334,
  "Minute": 0.0000000444439153623334,
  "Minute_Fluctuation": 0.0,
  "Minute_5": 0.0000000444439153623334,
  "Minute_5_Fluctuation": 0.0939048938807091,
  "Minute_10": 0.0000000444439153623334,
  "Minute_10_Fluctuation": 0.088149885593523769,
  "Hour": 0.0000000313694006720159,
  "Hour_Fluctuation": 0.77133496329788154,
  "Day": 0.0000000405796395628698,
  "Day_Fluctuation": 0.38344782736144978,
  "Week": 0.0000000444439153623334,
  "Week_Fluctuation": 0.477569891003877,
  "Updated": "2018-07-27T17:50:27.1923659Z"
}
