{
  "Live": 0.000000000160623939663753,
  "Minute": 0.000000000160623939663753,
  "Minute_Fluctuation": 0.0,
  "Minute_5": 0.000000000160623939663753,
  "Minute_5_Fluctuation": 0.017130431849633691,
  "Minute_10": 0.000000000160623939663753,
  "Minute_10_Fluctuation": 0.015439296535839624,
  "Hour": 0.000000000109609794889157,
  "Hour_Fluctuation": 0.81484111645478485,
  "Day": 0.000000000146711127257379,
  "Day_Fluctuation": 0.38173035187001192,
  "Week": 0.000000000160623939663753,
  "Week_Fluctuation": 0.4773353549926922,
  "Updated": "2018-07-27T17:50:26.2449266Z"
}
