{
  "Live": 0.00000000996472169300656,
  "Minute": 0.00000000996472169300656,
  "Minute_Fluctuation": 0.0,
  "Minute_5": 0.00000000996472169300656,
  "Minute_5_Fluctuation": 0.032526802359683374,
  "Minute_10": 0.00000000996472169300656,
  "Minute_10_Fluctuation": 0.032186279919733794,
  "Hour": 0.0000000072085760973497,
  "Hour_Fluctuation": 0.728390065531884,
  "Day": 0.00000000910792141860427,
  "Day_Fluctuation": 0.38217901963041129,
  "Week": 0.00000000996472169300656,
  "Week_Fluctuation": 0.47736841448957529,
  "Updated": "2018-07-27T17:50:26.5386556Z"
}
