{
  "Live": 0.000000000270573724770573,
  "Minute": 0.000000000270573724770573,
  "Minute_Fluctuation": 0.0,
  "Minute_5": 0.000000000270573724770573,
  "Minute_5_Fluctuation": 0.064086181679019,
  "Minute_10": 0.000000000270573724770573,
  "Minute_10_Fluctuation": 0.06259135970986715,
  "Hour": 0.000000000193189340797856,
  "Hour_Fluctuation": 0.75220279002722,
  "Day": 0.000000000246786661345063,
  "Day_Fluctuation": 0.38454088759409838,
  "Week": 0.000000000270573724770573,
  "Week_Fluctuation": 0.47774340692160366,
  "Updated": "2018-07-27T17:50:26.9046084Z"
}
