{
  "Live": 0.0000000000000000880294832027,
  "Minute": 0.0000000000000000880294832027,
  "Minute_Fluctuation": 0.0,
  "Minute_5": 0.0000000000000000880294832027,
  "Minute_5_Fluctuation": 0.73316808340156725,
  "Minute_10": 0.0000000000000000880294832027,
  "Minute_10_Fluctuation": 0.72489199469188648,
  "Hour": 0.0000000000000010813466715386,
  "Hour_Fluctuation": 1.2438993836911665,
  "Day": 0.0000000000000004598482999131,
  "Day_Fluctuation": 1053.8230726508168,
  "Week": 0.0000000000000000880294832027,
  "Week_Fluctuation": 265.19799302444835,
  "Updated": "2018-07-27T17:50:27.0141955Z"
}
