{
  "Live": 0.0000000205568210617868,
  "Minute": 0.0000000205568210617868,
  "Minute_Fluctuation": 0.0,
  "Minute_5": 0.0000000205568210617868,
  "Minute_5_Fluctuation": 0.039852951085694269,
  "Minute_10": 0.0000000205568210617868,
  "Minute_10_Fluctuation": 0.039862045413656351,
  "Hour": 0.0000000148151839773393,
  "Hour_Fluctuation": 0.73570077933218336,
  "Day": 0.0000000187769047674648,
  "Day_Fluctuation": 0.38293010921374432,
  "Week": 0.0000000205568210617868,
  "Week_Fluctuation": 0.47748596701075108,
  "Updated": "2018-07-27T17:50:26.6351865Z"
}
