{
  "Live": 0.000000000843506295083872,
  "Minute": 0.000000000843506295083872,
  "Minute_Fluctuation": 0.0,
  "Minute_5": 0.000000000843506295083872,
  "Minute_5_Fluctuation": 0.015761671291790715,
  "Minute_10": 0.000000000843506295083872,
  "Minute_10_Fluctuation": 0.014323658584840984,
  "Hour": 0.000000000571479323837942,
  "Hour_Fluctuation": 0.83995890386737582,
  "Day": 0.000000000768918725373078,
  "Day_Fluctuation": 0.3843870228269306,
  "Week": 0.000000000843506295083872,
  "Week_Fluctuation": 0.47771591378767619,
  "Updated": "2018-07-27T17:50:26.1961561Z"
}
