{
  "Live": 0.00000000286358537055596,
  "Minute": 0.00000000286358537055596,
  "Minute_Fluctuation": 0.0,
  "Minute_5": 0.00000000286358537055596,
  "Minute_5_Fluctuation": 0.017984546841271629,
  "Minute_10": 0.00000000286358537055596,
  "Minute_10_Fluctuation": 0.016164817557899558,
  "Hour": 0.00000000194134621908233,
  "Hour_Fluctuation": 0.83537611485857588,
  "Day": 0.00000000261069376673451,
  "Day_Fluctuation": 0.38418327748199066,
  "Week": 0.00000000286358537055596,
  "Week_Fluctuation": 0.47769428797550062,
  "Updated": "2018-07-27T17:50:26.2700187Z"
}
