{
  "Live": 0.000000000000874961114082413,
  "Minute": 0.000000000000874961114082413,
  "Minute_Fluctuation": 0.0,
  "Minute_5": 0.000000000000874961114082413,
  "Minute_5_Fluctuation": 0.02851273726107019,
  "Minute_10": 0.000000000000874961114082413,
  "Minute_10_Fluctuation": 0.028497863162251759,
  "Hour": 0.00000000000066269901511992,
  "Hour_Fluctuation": 0.59091178582781445,
  "Day": 0.000000000000809926375698674,
  "Day_Fluctuation": 0.3653424060885655,
  "Week": 0.000000000000874961114082413,
  "Week_Fluctuation": 0.47492980883434233,
  "Updated": "2018-07-27T17:50:26.5583413Z"
}
