{
  "Live": 0.00000243230949911117,
  "Minute": 0.00000243230949911117,
  "Minute_Fluctuation": 0.0,
  "Minute_5": 0.00000243230949911117,
  "Minute_5_Fluctuation": 0.0,
  "Minute_10": 0.00000243230949911117,
  "Minute_10_Fluctuation": 0.0,
  "Hour": 0.00000269035669706052,
  "Hour_Fluctuation": 0.14330915950043371,
  "Day": 0.00000253003740220959,
  "Day_Fluctuation": 0.316137899865115,
  "Week": 0.00000243230949911117,
  "Week_Fluctuation": 0.46812054757278126,
  "Updated": "2018-07-27T17:50:26.2892643Z"
}
