{
  "Live": 0.000000000847037439982666,
  "Minute": 0.000000000847037439982666,
  "Minute_Fluctuation": 0.0,
  "Minute_5": 0.000000000847037439982666,
  "Minute_5_Fluctuation": 0.079769764127604989,
  "Minute_10": 0.000000000847037439982666,
  "Minute_10_Fluctuation": 0.075943192463255788,
  "Hour": 0.000000000610846233454298,
  "Hour_Fluctuation": 0.71024220309040775,
  "Day": 0.000000000777113990266099,
  "Day_Fluctuation": 0.3772332404766105,
  "Week": 0.000000000847037439982666,
  "Week_Fluctuation": 0.47666627186608679,
  "Updated": "2018-07-27T17:50:27.0898847Z"
}
