{
  "Live": 0.0000000205255235259515,
  "Minute": 0.0000000205255235259515,
  "Minute_Fluctuation": 0.0,
  "Minute_5": 0.0000000205255235259515,
  "Minute_5_Fluctuation": 0.078095537263002709,
  "Minute_10": 0.0000000205255235259515,
  "Minute_10_Fluctuation": 0.074760934120030528,
  "Hour": 0.0000000145957637495484,
  "Hour_Fluctuation": 0.7548382325251235,
  "Day": 0.0000000187657512658549,
  "Day_Fluctuation": 0.38185949626981136,
  "Week": 0.0000000205255235259515,
  "Week_Fluctuation": 0.47732879786714505,
  "Updated": "2018-07-27T17:50:27.0522379Z"
}
