{
  "Live": 0.0000000000020224969744501,
  "Minute": 0.0000000000020224969744501,
  "Minute_Fluctuation": 0.0,
  "Minute_5": 0.0000000000020224969744501,
  "Minute_5_Fluctuation": 0.09432310494332255,
  "Minute_10": 0.0000000000020224969744501,
  "Minute_10_Fluctuation": 0.088469830879250325,
  "Hour": 0.00000000000142937524038912,
  "Hour_Fluctuation": 0.76712229788529751,
  "Day": 0.00000000000184715225967709,
  "Day_Fluctuation": 0.38308741079963743,
  "Week": 0.0000000000020224969744501,
  "Week_Fluctuation": 0.47751917366827251,
  "Updated": "2018-07-27T17:50:27.1980316Z"
}
