{
  "Live": 0.000000000000844966513071827,
  "Minute": 0.000000000000844966513071827,
  "Minute_Fluctuation": 0.0,
  "Minute_5": 0.000000000000844966513071827,
  "Minute_5_Fluctuation": 0.013589652426999088,
  "Minute_10": 0.000000000000844966513071827,
  "Minute_10_Fluctuation": 0.012315902936020725,
  "Hour": 0.000000000000608181292372436,
  "Hour_Fluctuation": 0.65927777330471693,
  "Day": 0.000000000000780978675580358,
  "Day_Fluctuation": 0.3664224948131457,
  "Week": 0.000000000000844966513071827,
  "Week_Fluctuation": 0.4751161139024504,
  "Updated": "2018-07-27T17:50:26.2113026Z"
}
