{
  "Live": 0.000000000265478133029258,
  "Minute": 0.000000000265478133029258,
  "Minute_Fluctuation": 0.0,
  "Minute_5": 0.000000000265478133029258,
  "Minute_5_Fluctuation": 0.076692190252501027,
  "Minute_10": 0.000000000265478133029258,
  "Minute_10_Fluctuation": 0.073102803175720016,
  "Hour": 0.000000000193283870704458,
  "Hour_Fluctuation": 0.68299185292273412,
  "Day": 0.00000000025055418249471,
  "Day_Fluctuation": 0.469004640736041,
  "Week": 0.000000000265478133029258,
  "Week_Fluctuation": 0.49454138044887469,
  "Updated": "2018-07-27T17:50:27.0704654Z"
}
