{
  "Live": 0.000000000327880129091316,
  "Minute": 0.000000000327880129091316,
  "Minute_Fluctuation": 0.0,
  "Minute_5": 0.000000000327880129091316,
  "Minute_5_Fluctuation": 0.040503890392738925,
  "Minute_10": 0.000000000327880129091316,
  "Minute_10_Fluctuation": 0.040611197312886649,
  "Hour": 0.000000000240309273512742,
  "Hour_Fluctuation": 0.68203576924469955,
  "Day": 0.000000000300894381104269,
  "Day_Fluctuation": 0.3767510402111946,
  "Week": 0.000000000327880129091316,
  "Week_Fluctuation": 0.47659895262848651,
  "Updated": "2018-07-27T17:50:26.6798059Z"
}
