{
  "Live": 0.0000000226174898715857,
  "Minute": 0.0000000226174898715857,
  "Minute_Fluctuation": 0.0,
  "Minute_5": 0.0000000226174898715857,
  "Minute_5_Fluctuation": 0.081635415310638629,
  "Minute_10": 0.0000000226174898715857,
  "Minute_10_Fluctuation": 0.077844685637425123,
  "Hour": 0.0000000160481109350069,
  "Hour_Fluctuation": 0.75999468791861269,
  "Day": 0.0000000206697311466796,
  "Day_Fluctuation": 0.38237556583907634,
  "Week": 0.0000000226174898715857,
  "Week_Fluctuation": 0.47740601104063041,
  "Updated": "2018-07-27T17:50:27.0774035Z"
}
