{
  "Live": 0.00000000000611019000529143,
  "Minute": 0.00000000000611019000529143,
  "Minute_Fluctuation": 0.0,
  "Minute_5": 0.00000000000611019000529143,
  "Minute_5_Fluctuation": 0.0,
  "Minute_10": 0.00000000000611019000529143,
  "Minute_10_Fluctuation": 0.0,
  "Hour": 0.00000000000418408506596001,
  "Hour_Fluctuation": 0.80986904662615344,
  "Day": 0.00000000000573306734940251,
  "Day_Fluctuation": 0.475592330206387,
  "Week": 0.00000000000611019000529143,
  "Week_Fluctuation": 0.49551292737631114,
  "Updated": "2018-07-27T17:50:26.2182995Z"
}
