{
  "Live": 0.000000000276792553298568,
  "Minute": 0.000000000276792553298568,
  "Minute_Fluctuation": 0.0,
  "Minute_5": 0.000000000276792553298568,
  "Minute_5_Fluctuation": 0.016916770905435082,
  "Minute_10": 0.000000000276792553298568,
  "Minute_10_Fluctuation": 0.015888985623313871,
  "Hour": 0.000000000206949016272513,
  "Hour_Fluctuation": 0.564269292775987,
  "Day": 0.000000000257205256501888,
  "Day_Fluctuation": 0.35925477524642413,
  "Week": 0.000000000276792553298568,
  "Week_Fluctuation": 0.47408282799486645,
  "Updated": "2018-07-27T17:50:26.3719911Z"
}
