{
  "Live": 0.0000000000000608487457522717,
  "Minute": 0.0000000000000608487457522717,
  "Minute_Fluctuation": 0.0,
  "Minute_5": 0.0000000000000608487457522717,
  "Minute_5_Fluctuation": 0.70296379128203534,
  "Minute_10": 0.0000000000000608487457522717,
  "Minute_10_Fluctuation": 0.69767183735738059,
  "Hour": 0.000000000000821631834859577,
  "Hour_Fluctuation": 1.2224621039674892,
  "Day": 0.000000000000324061047100486,
  "Day_Fluctuation": 569234.88787054271,
  "Week": 0.0000000000000608487457522717,
  "Week_Fluctuation": 141409.09768723868,
  "Updated": "2018-07-27T17:50:26.8976781Z"
}
