{
  "Live": 0.00000000478366482376229,
  "Minute": 0.00000000478366482376229,
  "Minute_Fluctuation": 0.0,
  "Minute_5": 0.00000000478366482376229,
  "Minute_5_Fluctuation": 0.092799031353493641,
  "Minute_10": 0.00000000478366482376229,
  "Minute_10_Fluctuation": 0.087229614137575226,
  "Hour": 0.00000000337987026605351,
  "Hour_Fluctuation": 0.76854417051737611,
  "Day": 0.0000000043686877654822,
  "Day_Fluctuation": 0.383171276683507,
  "Week": 0.00000000478366482376229,
  "Week_Fluctuation": 0.47752931417128974,
  "Updated": "2018-07-27T17:50:27.1840666Z"
}
