{
  "Live": 0.000000697473820233249,
  "Minute": 0.000000697473820233249,
  "Minute_Fluctuation": 0.0,
  "Minute_5": 0.000000697473820233249,
  "Minute_5_Fluctuation": 0.095697198490994742,
  "Minute_10": 0.000000697473820233249,
  "Minute_10_Fluctuation": 0.089148876699801788,
  "Hour": 0.000000499440787107004,
  "Hour_Fluctuation": 0.72504336495692323,
  "Day": 0.000000638977764942716,
  "Day_Fluctuation": 0.3791432452736887,
  "Week": 0.000000697473820233249,
  "Week_Fluctuation": 0.47696049935647239,
  "Updated": "2018-07-27T17:50:27.2313523Z"
}
