{
  "Live": 0.0000000000000081554358924242,
  "Minute": 0.0000000000000081554358924242,
  "Minute_Fluctuation": 0.0,
  "Minute_5": 0.0000000000000081554358924242,
  "Minute_5_Fluctuation": 0.027678107708589902,
  "Minute_10": 0.0000000000000081554358924242,
  "Minute_10_Fluctuation": 0.019825462986648258,
  "Hour": 0.0000000000000091030517904015,
  "Hour_Fluctuation": 0.35874052772295306,
  "Day": 0.0000000000000122215101560814,
  "Day_Fluctuation": 0.97768380868469451,
  "Week": 0.0000000000000081554358924242,
  "Week_Fluctuation": 0.57114088464227208,
  "Updated": "2018-07-27T17:50:26.2574889Z"
}
