{
  "Live": 0.000000000982447023737185,
  "Minute": 0.000000000982447023737185,
  "Minute_Fluctuation": 0.0,
  "Minute_5": 0.000000000982447023737185,
  "Minute_5_Fluctuation": 0.052157945243844539,
  "Minute_10": 0.000000000982447023737185,
  "Minute_10_Fluctuation": 0.051695449327674746,
  "Hour": 0.000000000704217790412244,
  "Hour_Fluctuation": 0.74574321012641032,
  "Day": 0.00000000089678031092902,
  "Day_Fluctuation": 0.38369090111237647,
  "Week": 0.000000000982447023737185,
  "Week_Fluctuation": 0.47760484801919512,
  "Updated": "2018-07-27T17:50:26.7838011Z"
}
