{
  "Live": 0.000000000000213659253212489,
  "Minute": 0.000000000000213659253212489,
  "Minute_Fluctuation": 0.0,
  "Minute_5": 0.000000000000213659253212489,
  "Minute_5_Fluctuation": 0.047054967755765308,
  "Minute_10": 0.000000000000213659253212489,
  "Minute_10_Fluctuation": 0.030618257045944945,
  "Hour": 0.000000000000205835419696118,
  "Hour_Fluctuation": 0.12168878521131393,
  "Day": 0.000000000000213499335461143,
  "Day_Fluctuation": 0.29777599483281209,
  "Week": 0.000000000000213659253212489,
  "Week_Fluctuation": 0.46548250200331287,
  "Updated": "2018-07-27T17:50:26.9694727Z"
}
