{
  "Live": 0.0000000000118283961128003,
  "Minute": 0.0000000000118283961128003,
  "Minute_Fluctuation": 0.0,
  "Minute_5": 0.0000000000118283961128003,
  "Minute_5_Fluctuation": 0.065183498723101488,
  "Minute_10": 0.0000000000118283961128003,
  "Minute_10_Fluctuation": 0.059907870573703538,
  "Hour": 0.0000000000294349781247362,
  "Hour_Fluctuation": 0.81129008989719664,
  "Day": 0.0000000000162783042344321,
  "Day_Fluctuation": 0.682700317175471,
  "Week": 0.0000000000118283961128003,
  "Week_Fluctuation": 0.53884701364860466,
  "Updated": "2018-07-27T17:50:26.1709506Z"
}
