{
  "Live": 0.0000000196805929770079,
  "Minute": 0.0000000196805929770079,
  "Minute_Fluctuation": 0.0,
  "Minute_5": 0.0000000196805929770079,
  "Minute_5_Fluctuation": 0.092038595993183564,
  "Minute_10": 0.0000000196805929770079,
  "Minute_10_Fluctuation": 0.086623533730568331,
  "Hour": 0.000000013900033901716,
  "Hour_Fluctuation": 0.76999834084712859,
  "Day": 0.0000000179717773665896,
  "Day_Fluctuation": 0.38329240787359015,
  "Week": 0.0000000196805929770079,
  "Week_Fluctuation": 0.47754584594556043,
  "Updated": "2018-07-27T17:50:27.1769944Z"
}
