{
  "Live": 0.0000000000000001982897856552,
  "Minute": 0.0000000000000001982897856552,
  "Minute_Fluctuation": 0.0,
  "Minute_5": 0.0000000000000001982897856552,
  "Minute_5_Fluctuation": 0.7979884518007101,
  "Minute_10": 0.0000000000000001982897856552,
  "Minute_10_Fluctuation": 0.79336162244368014,
  "Hour": 0.0000000000000038439946880902,
  "Hour_Fluctuation": 1.3882266162115831,
  "Day": 0.0000000000000011134289179717,
  "Day_Fluctuation": 1950.8231309525086,
  "Week": 0.0000000000000001982897856552,
  "Week_Fluctuation": 488.09756673223467,
  "Updated": "2018-07-27T17:50:27.1405034Z"
}
