{
  "Live": 0.00000792753267480586,
  "Minute": 0.00000792753267480586,
  "Minute_Fluctuation": 0.0,
  "Minute_5": 0.00000792753267480586,
  "Minute_5_Fluctuation": 0.036447739004220041,
  "Minute_10": 0.00000792753267480586,
  "Minute_10_Fluctuation": 0.036484360758084616,
  "Hour": 0.00000576839187141446,
  "Hour_Fluctuation": 0.70772380157774051,
  "Day": 0.00000725801077996611,
  "Day_Fluctuation": 0.37990934990585717,
  "Week": 0.00000792753267480586,
  "Week_Fluctuation": 0.47704849541418692,
  "Updated": "2018-07-27T17:50:26.609756Z"
}
