{
  "Live": 0.00000000000321396904745044,
  "Minute": 0.00000000000321396904745044,
  "Minute_Fluctuation": 0.0,
  "Minute_5": 0.00000000000321396904745044,
  "Minute_5_Fluctuation": 0.012076608121568402,
  "Minute_10": 0.00000000000321396904745044,
  "Minute_10_Fluctuation": 0.0035340430623153987,
  "Hour": 0.00000000000310715139929199,
  "Hour_Fluctuation": 0.1719175454085963,
  "Day": 0.00000000000317295410288898,
  "Day_Fluctuation": 0.30783014277322179,
  "Week": 0.00000000000321396904745044,
  "Week_Fluctuation": 0.46695604541508196,
  "Updated": "2018-07-27T17:50:27.0211211Z"
}
