{
  "Live": 0.000000000123913117967295,
  "Minute": 0.000000000123913117967295,
  "Minute_Fluctuation": 0.0,
  "Minute_5": 0.000000000123913117967295,
  "Minute_5_Fluctuation": 0.72270115482543684,
  "Minute_10": 0.000000000123913117967295,
  "Minute_10_Fluctuation": 0.72071413734909451,
  "Hour": 0.00000000194239571737311,
  "Hour_Fluctuation": 1.2835068556768081,
  "Day": 0.000000000691344619935712,
  "Day_Fluctuation": 1219907847.3004715,
  "Week": 0.000000000123913117967295,
  "Week_Fluctuation": 303057515.3318066,
  "Updated": "2018-07-27T17:50:26.7570455Z"
}
