{
  "Live": 0.00000000405864453802203,
  "Minute": 0.00000000405864453802203,
  "Minute_Fluctuation": 0.0,
  "Minute_5": 0.00000000405864453802203,
  "Minute_5_Fluctuation": 0.050422768389017658,
  "Minute_10": 0.00000000405864453802203,
  "Minute_10_Fluctuation": 0.049909389481954947,
  "Hour": 0.00000000292968095382681,
  "Hour_Fluctuation": 0.72621053682675762,
  "Day": 0.00000000370817563560506,
  "Day_Fluctuation": 0.38250085567468828,
  "Week": 0.00000000405864453802203,
  "Week_Fluctuation": 0.47743986266156691,
  "Updated": "2018-07-27T17:50:26.7711576Z"
}
