{
  "Live": 0.0000000000000431269373331961,
  "Minute": 0.0000000000000431269373331961,
  "Minute_Fluctuation": 0.0,
  "Minute_5": 0.0000000000000431269373331961,
  "Minute_5_Fluctuation": 0.81376033486810428,
  "Minute_10": 0.0000000000000431269373331961,
  "Minute_10_Fluctuation": 0.79964690790959,
  "Hour": 0.000000000000695193028050308,
  "Hour_Fluctuation": 1.324491006204378,
  "Day": 0.000000000000239315488168454,
  "Day_Fluctuation": 541507.23463528033,
  "Week": 0.0000000000000431269373331961,
  "Week_Fluctuation": 134524.95476204361,
  "Updated": "2018-07-27T17:50:26.8090556Z"
}
