{
  "Live": 0.000000000128941514540796,
  "Minute": 0.000000000128941514540796,
  "Minute_Fluctuation": 0.0,
  "Minute_5": 0.000000000128941514540796,
  "Minute_5_Fluctuation": 0.011104951670381736,
  "Minute_10": 0.000000000128941514540796,
  "Minute_10_Fluctuation": 0.010334144337964006,
  "Hour": 0.000000000104487997281876,
  "Hour_Fluctuation": 0.37545980638134224,
  "Day": 0.000000000121959528705396,
  "Day_Fluctuation": 0.33668486043814122,
  "Week": 0.000000000128941514540796,
  "Week_Fluctuation": 0.47076376501333966,
  "Updated": "2018-07-27T17:50:26.3593519Z"
}
