{
  "Live": 0.00000402932108467479,
  "Minute": 0.00000402932108467479,
  "Minute_Fluctuation": 0.0,
  "Minute_5": 0.00000402932108467479,
  "Minute_5_Fluctuation": 0.0035398877683887275,
  "Minute_10": 0.00000402932108467479,
  "Minute_10_Fluctuation": 0.0038665499768938795,
  "Hour": 0.00000394424553860191,
  "Hour_Fluctuation": 0.037360196559065029,
  "Day": 0.00000401863974177588,
  "Day_Fluctuation": 0.2702992817689272,
  "Week": 0.00000402932108467479,
  "Week_Fluctuation": 0.46055446016502744,
  "Updated": "2018-07-27T17:50:26.4545465Z"
}
