{
  "Live": 0.0000000000782444554390718,
  "Minute": 0.0000000000782444554390718,
  "Minute_Fluctuation": 0.0,
  "Minute_5": 0.0000000000782444554390718,
  "Minute_5_Fluctuation": 0.017244390288821382,
  "Minute_10": 0.0000000000782444554390718,
  "Minute_10_Fluctuation": 0.015426912398932213,
  "Hour": 0.0000000000552721714713943,
  "Hour_Fluctuation": 0.7126754368633933,
  "Day": 0.0000000000718768822636584,
  "Day_Fluctuation": 0.37459517452113439,
  "Week": 0.0000000000782444554390718,
  "Week_Fluctuation": 0.47633010615759275,
  "Updated": "2018-07-27T17:50:26.301922Z"
}
