{
  "Live": 0.0000000000725343372058778,
  "Minute": 0.0000000000725343372058778,
  "Minute_Fluctuation": 0.0,
  "Minute_5": 0.0000000000725343372058778,
  "Minute_5_Fluctuation": 0.02447047233177347,
  "Minute_10": 0.0000000000725343372058778,
  "Minute_10_Fluctuation": 0.023519628804005845,
  "Hour": 0.0000000000487502994448213,
  "Hour_Fluctuation": 0.85608224724369708,
  "Day": 0.0000000000660258527047411,
  "Day_Fluctuation": 0.38603316556237516,
  "Week": 0.0000000000725343372058778,
  "Week_Fluctuation": 0.47797446010434896,
  "Updated": "2018-07-27T17:50:26.3959575Z"
}
