{
  "Live": 0.0000202099036417027,
  "Minute": 0.0000202099036417027,
  "Minute_Fluctuation": 0.0,
  "Minute_5": 0.0000202099036417027,
  "Minute_5_Fluctuation": 0.067248832858085889,
  "Minute_10": 0.0000202099036417027,
  "Minute_10_Fluctuation": 0.063233449746058837,
  "Hour": 0.0000159677237528754,
  "Hour_Fluctuation": 0.46086703323001321,
  "Day": 0.0000189788351047709,
  "Day_Fluctuation": 0.34665828749947897,
  "Week": 0.0000202099036417027,
  "Week_Fluctuation": 0.472205528142177,
  "Updated": "2018-07-27T17:50:27.2497528Z"
}
