{
  "Live": 0.0000000000138540250254013,
  "Minute": 0.0000000000138540250254013,
  "Minute_Fluctuation": 0.0,
  "Minute_5": 0.0000000000138540250254013,
  "Minute_5_Fluctuation": 0.028006684857037202,
  "Minute_10": 0.0000000000138540250254013,
  "Minute_10_Fluctuation": 0.025416020876121045,
  "Hour": 0.0000000000214393465241445,
  "Hour_Fluctuation": 0.49480719418692781,
  "Day": 0.0000000000159011879920823,
  "Day_Fluctuation": 0.44418864272028419,
  "Week": 0.0000000000138540250254013,
  "Week_Fluctuation": 0.49053432058492108,
  "Updated": "2018-07-27T17:50:26.2380228Z"
}
