{
  "Live": 0.0000000051883756817232,
  "Minute": 0.0000000051883756817232,
  "Minute_Fluctuation": 0.0,
  "Minute_5": 0.0000000051883756817232,
  "Minute_5_Fluctuation": 0.029962048318879435,
  "Minute_10": 0.0000000051883756817232,
  "Minute_10_Fluctuation": 0.030020259821056151,
  "Hour": 0.00000000354430502621182,
  "Hour_Fluctuation": 0.81773015420921313,
  "Day": 0.00000000472852026027203,
  "Day_Fluctuation": 0.38497821139417204,
  "Week": 0.0000000051883756817232,
  "Week_Fluctuation": 0.47780600234880538,
  "Updated": "2018-07-27T17:50:26.4923886Z"
}
