{
  "Live": 0.000000000227620926271946,
  "Minute": 0.000000000227620926271946,
  "Minute_Fluctuation": 0.0,
  "Minute_5": 0.000000000227620926271946,
  "Minute_5_Fluctuation": 0.040947726461396716,
  "Minute_10": 0.000000000227620926271946,
  "Minute_10_Fluctuation": 0.040914374072762029,
  "Hour": 0.00000000016471403377403,
  "Hour_Fluctuation": 0.72264757046574046,
  "Day": 0.000000000208122267954242,
  "Day_Fluctuation": 0.3815925563066706,
  "Week": 0.000000000227620926271946,
  "Week_Fluctuation": 0.4772958190030131,
  "Updated": "2018-07-27T17:50:26.6480822Z"
}
