{
  "Live": 0.0000000034999913922019,
  "Minute": 0.0000000034999913922019,
  "Minute_Fluctuation": 0.0,
  "Minute_5": 0.0000000034999913922019,
  "Minute_5_Fluctuation": 0.056706125323837536,
  "Minute_10": 0.0000000034999913922019,
  "Minute_10_Fluctuation": 0.055841259122159946,
  "Hour": 0.00000000252012983931669,
  "Hour_Fluctuation": 0.72960308810853647,
  "Day": 0.00000000319704809765347,
  "Day_Fluctuation": 0.38272660945734516,
  "Week": 0.0000000034999913922019,
  "Week_Fluctuation": 0.47748064675902979,
  "Updated": "2018-07-27T17:50:26.847006Z"
}
