{
  "Live": 0.000000432800114249687,
  "Minute": 0.000000432800114249687,
  "Minute_Fluctuation": 0.0,
  "Minute_5": 0.000000432800114249687,
  "Minute_5_Fluctuation": 0.013000354714732834,
  "Minute_10": 0.000000432800114249687,
  "Minute_10_Fluctuation": 0.011590669882405678,
  "Hour": 0.000000344365740572271,
  "Hour_Fluctuation": 0.41494360703295025,
  "Day": 0.000000408518817210214,
  "Day_Fluctuation": 0.33932697229124492,
  "Week": 0.000000432800114249687,
  "Week_Fluctuation": 0.47113976024907744,
  "Updated": "2018-07-27T17:50:26.3272412Z"
}
