{
  "Live": 0.00000000421073263001724,
  "Minute": 0.00000000421073263001724,
  "Minute_Fluctuation": 0.0,
  "Minute_5": 0.00000000421073263001724,
  "Minute_5_Fluctuation": 0.066772099681492267,
  "Minute_10": 0.00000000421073263001724,
  "Minute_10_Fluctuation": 0.065002935554674027,
  "Hour": 0.00000000300160554790128,
  "Hour_Fluctuation": 0.75185903233541351,
  "Day": 0.00000000385136341788609,
  "Day_Fluctuation": 0.38141728442891759,
  "Week": 0.00000000421073263001724,
  "Week_Fluctuation": 0.47725362326919185,
  "Updated": "2018-07-27T17:50:26.922861Z"
}
