{
  "Live": 0.0000000114265709518928,
  "Minute": 0.0000000114265709518928,
  "Minute_Fluctuation": 0.0,
  "Minute_5": 0.0000000114265709518928,
  "Minute_5_Fluctuation": 0.053052294526052278,
  "Minute_10": 0.0000000114265709518928,
  "Minute_10_Fluctuation": 0.052528351265906312,
  "Hour": 0.00000000818182003496143,
  "Hour_Fluctuation": 0.74875908698292415,
  "Day": 0.0000000104256787513916,
  "Day_Fluctuation": 0.38422150284812495,
  "Week": 0.0000000114265709518928,
  "Week_Fluctuation": 0.47768633481503325,
  "Updated": "2018-07-27T17:50:26.7906945Z"
}
