{
  "Live": 0.000000000291875056182613,
  "Minute": 0.000000000291875056182613,
  "Minute_Fluctuation": 0.0,
  "Minute_5": 0.000000000291875056182613,
  "Minute_5_Fluctuation": 0.015528712507345759,
  "Minute_10": 0.000000000291875056182613,
  "Minute_10_Fluctuation": 0.013877152904728889,
  "Hour": 0.000000000213459204525589,
  "Hour_Fluctuation": 0.61667151989610836,
  "Day": 0.000000000270869956378305,
  "Day_Fluctuation": 0.3603934975902528,
  "Week": 0.000000000291875056182613,
  "Week_Fluctuation": 0.47419131571310785,
  "Updated": "2018-07-27T17:50:26.3144942Z"
}
