{
  "Live": 0.00000000657658284914119,
  "Minute": 0.00000000657658284914119,
  "Minute_Fluctuation": 0.0,
  "Minute_5": 0.00000000657658284914119,
  "Minute_5_Fluctuation": 0.026191905366732871,
  "Minute_10": 0.00000000657658284914119,
  "Minute_10_Fluctuation": 0.02544842853389321,
  "Hour": 0.00000000442457119501874,
  "Hour_Fluctuation": 0.85115232814933939,
  "Day": 0.00000000598829579982074,
  "Day_Fluctuation": 0.38563676498702243,
  "Week": 0.00000000657658284914119,
  "Week_Fluctuation": 0.4779209996529632,
  "Updated": "2018-07-27T17:50:26.4166254Z"
}
