{
  "Live": 0.000000000000200930843817476,
  "Minute": 0.000000000000200930843817476,
  "Minute_Fluctuation": 0.0,
  "Minute_5": 0.000000000000200930843817476,
  "Minute_5_Fluctuation": 0.6098046921007978,
  "Minute_10": 0.000000000000200930843817476,
  "Minute_10_Fluctuation": 0.60443472396922715,
  "Hour": 0.00000000000202212735901807,
  "Hour_Fluctuation": 1.0283568155581022,
  "Day": 0.00000000000115511771179743,
  "Day_Fluctuation": 1254522.1025111931,
  "Week": 0.000000000000200930843817476,
  "Week_Fluctuation": 311648.15004178142,
  "Updated": "2018-07-27T17:50:26.8595056Z"
}
