{
  "Live": 0.0000000000066468544810917,
  "Minute": 0.0000000000066468544810917,
  "Minute_Fluctuation": 0.0,
  "Minute_5": 0.0000000000066468544810917,
  "Minute_5_Fluctuation": 0.020873952965327028,
  "Minute_10": 0.0000000000066468544810917,
  "Minute_10_Fluctuation": 0.018976240461927366,
  "Hour": 0.00000000000459304457552369,
  "Hour_Fluctuation": 0.78934372397235719,
  "Day": 0.00000000000607113043198594,
  "Day_Fluctuation": 0.38222788466134106,
  "Week": 0.0000000000066468544810917,
  "Week_Fluctuation": 0.47739594477080488,
  "Updated": "2018-07-27T17:50:26.3463667Z"
}
