{
  "Live": 0.000000000011234203237006,
  "Minute": 0.000000000011234203237006,
  "Minute_Fluctuation": 0.0,
  "Minute_5": 0.000000000011234203237006,
  "Minute_5_Fluctuation": 0.057086322144535566,
  "Minute_10": 0.000000000011234203237006,
  "Minute_10_Fluctuation": 0.05024681651848565,
  "Hour": 0.0000000000100094770192747,
  "Hour_Fluctuation": 0.21283831507875461,
  "Day": 0.0000000000112324576614556,
  "Day_Fluctuation": 0.29977189783587832,
  "Week": 0.000000000011234203237006,
  "Week_Fluctuation": 0.465043196334999,
  "Updated": "2018-07-27T17:50:27.1025434Z"
}
