{
  "Live": 0.000000000000404233714262789,
  "Minute": 0.000000000000404233714262789,
  "Minute_Fluctuation": 0.0,
  "Minute_5": 0.000000000000404233714262789,
  "Minute_5_Fluctuation": 0.37155061047575827,
  "Minute_10": 0.000000000000404233714262789,
  "Minute_10_Fluctuation": 0.37006109507245349,
  "Hour": 0.00000000000304562599713317,
  "Hour_Fluctuation": 1.1954267351056385,
  "Day": 0.000000000001365863702734,
  "Day_Fluctuation": 2.1097547966747472,
  "Week": 0.000000000000404233714262789,
  "Week_Fluctuation": 1.19345362528488,
  "Updated": "2018-07-27T17:50:26.4867138Z"
}
