{
  "Live": 0.0000000016457831979879,
  "Minute": 0.0000000016457831979879,
  "Minute_Fluctuation": 0.0,
  "Minute_5": 0.0000000016457831979879,
  "Minute_5_Fluctuation": 0.061718002748361811,
  "Minute_10": 0.0000000016457831979879,
  "Minute_10_Fluctuation": 0.060293351112178505,
  "Hour": 0.00000000120217354388717,
  "Hour_Fluctuation": 0.68880851303141666,
  "Day": 0.00000000150623442761447,
  "Day_Fluctuation": 0.3802242219678123,
  "Week": 0.0000000016457831979879,
  "Week_Fluctuation": 0.47713528901445534,
  "Updated": "2018-07-27T17:50:26.9102891Z"
}
