{
  "Live": 0.00000000519992283232936,
  "Minute": 0.00000000519992283232936,
  "Minute_Fluctuation": 0.0,
  "Minute_5": 0.00000000519992283232936,
  "Minute_5_Fluctuation": 0.078373852268780214,
  "Minute_10": 0.00000000519992283232936,
  "Minute_10_Fluctuation": 0.07498672255260877,
  "Hour": 0.00000000370810574626607,
  "Hour_Fluctuation": 0.74610005918668276,
  "Day": 0.00000000475693441927018,
  "Day_Fluctuation": 0.38107299557232521,
  "Week": 0.00000000519992283232936,
  "Week_Fluctuation": 0.47721690797998551,
  "Updated": "2018-07-27T17:50:27.0578967Z"
}
