{
  "Live": 0.000000000000104076730089795,
  "Minute": 0.000000000000104076730089795,
  "Minute_Fluctuation": 0.0,
  "Minute_5": 0.000000000000104076730089795,
  "Minute_5_Fluctuation": 0.022695501676460176,
  "Minute_10": 0.000000000000104076730089795,
  "Minute_10_Fluctuation": 0.015940939042302541,
  "Hour": 0.000000000000103254523377027,
  "Hour_Fluctuation": 0.053907619455155431,
  "Day": 0.000000000000104759713797957,
  "Day_Fluctuation": 0.28218188723958326,
  "Week": 0.000000000000104076730089795,
  "Week_Fluctuation": 0.46265762366424273,
  "Updated": "2018-07-27T17:50:26.6607063Z"
}
