{
  "Live": 0.000000000868282002870221,
  "Minute": 0.000000000868282002870221,
  "Minute_Fluctuation": 0.0,
  "Minute_5": 0.000000000868282002870221,
  "Minute_5_Fluctuation": 0.059587339879506762,
  "Minute_10": 0.000000000868282002870221,
  "Minute_10_Fluctuation": 0.058487328909199117,
  "Hour": 0.00000000062318123459365,
  "Hour_Fluctuation": 0.73801851127156093,
  "Day": 0.000000000792857197760285,
  "Day_Fluctuation": 0.383096845798568,
  "Week": 0.000000000868282002870221,
  "Week_Fluctuation": 0.47753242556708264,
  "Updated": "2018-07-27T17:50:26.8722357Z"
}
