{
  "Live": 0.000000000053121028357284,
  "Minute": 0.000000000053121028357284,
  "Minute_Fluctuation": 0.0,
  "Minute_5": 0.000000000053121028357284,
  "Minute_5_Fluctuation": 0.034896907234238266,
  "Minute_10": 0.000000000053121028357284,
  "Minute_10_Fluctuation": 0.032150384282904385,
  "Hour": 0.0000000000470146139733896,
  "Hour_Fluctuation": 0.22201174056009634,
  "Day": 0.0000000000510156237310751,
  "Day_Fluctuation": 0.31882987913228933,
  "Week": 0.000000000053121028357284,
  "Week_Fluctuation": 0.46810273520711221,
  "Updated": "2018-07-27T17:50:27.0015799Z"
}
