{
  "Live": 0.0000000000000343948748931326,
  "Minute": 0.0000000000000343948748931326,
  "Minute_Fluctuation": 0.0,
  "Minute_5": 0.0000000000000343948748931326,
  "Minute_5_Fluctuation": 0.034905714977389146,
  "Minute_10": 0.0000000000000343948748931326,
  "Minute_10_Fluctuation": 0.03713111445385843,
  "Hour": 0.0000000000000332655972126902,
  "Hour_Fluctuation": 0.14013501174520368,
  "Day": 0.0000000000000344367850631821,
  "Day_Fluctuation": 0.3197087418292538,
  "Week": 0.0000000000000343948748931326,
  "Week_Fluctuation": 0.46866792887733527,
  "Updated": "2018-07-27T17:50:26.8342925Z"
}
