{
  "Live": 0.000000000598598815638692,
  "Minute": 0.000000000598598815638692,
  "Minute_Fluctuation": 0.0,
  "Minute_5": 0.000000000598598815638692,
  "Minute_5_Fluctuation": 0.03449679773640954,
  "Minute_10": 0.000000000598598815638692,
  "Minute_10_Fluctuation": 0.034513926361591868,
  "Hour": 0.000000000436913266923583,
  "Hour_Fluctuation": 0.69934287747282819,
  "Day": 0.000000000548338438335101,
  "Day_Fluctuation": 0.37926515016581586,
  "Week": 0.000000000598598815638692,
  "Week_Fluctuation": 0.47695570632677314,
  "Updated": "2018-07-27T17:50:26.5765866Z"
}
