{
  "Live": 0.00000000190307344284276,
  "Minute": 0.00000000190307344284276,
  "Minute_Fluctuation": 0.0,
  "Minute_5": 0.00000000190307344284276,
  "Minute_5_Fluctuation": 0.061053001745758451,
  "Minute_10": 0.00000000190307344284276,
  "Minute_10_Fluctuation": 0.059666839358834371,
  "Hour": 0.00000000137476660986189,
  "Hour_Fluctuation": 0.71814197497898247,
  "Day": 0.00000000173967073431899,
  "Day_Fluctuation": 0.38164406979455151,
  "Week": 0.00000000190307344284276,
  "Week_Fluctuation": 0.47732836168713555,
  "Updated": "2018-07-27T17:50:26.8919616Z"
}
