{
  "Live": 0.000000000344951310503999,
  "Minute": 0.000000000344951310503999,
  "Minute_Fluctuation": 0.0,
  "Minute_5": 0.000000000344951310503999,
  "Minute_5_Fluctuation": 0.014471960305506695,
  "Minute_10": 0.000000000344951310503999,
  "Minute_10_Fluctuation": 0.013226679702184866,
  "Hour": 0.000000000234339750146843,
  "Hour_Fluctuation": 0.83284648551289442,
  "Day": 0.00000000031460535252105,
  "Day_Fluctuation": 0.38377607360547983,
  "Week": 0.000000000344951310503999,
  "Week_Fluctuation": 0.47762497622091377,
  "Updated": "2018-07-27T17:50:26.1652651Z"
}
