{
  "Live": 0.00000000165930016733368,
  "Minute": 0.00000000165930016733368,
  "Minute_Fluctuation": 0.0,
  "Minute_5": 0.00000000165930016733368,
  "Minute_5_Fluctuation": 0.021147387078973328,
  "Minute_10": 0.00000000165930016733368,
  "Minute_10_Fluctuation": 0.019386791581045244,
  "Hour": 0.00000000112296742305523,
  "Hour_Fluctuation": 0.837198190805141,
  "Day": 0.00000000151246531018898,
  "Day_Fluctuation": 0.3843102281729453,
  "Week": 0.00000000165930016733368,
  "Week_Fluctuation": 0.47771951532707241,
  "Updated": "2018-07-27T17:50:26.3523895Z"
}
