{
  "Live": 0.00000000000538401038699507,
  "Minute": 0.00000000000538401038699507,
  "Minute_Fluctuation": 0.0,
  "Minute_5": 0.00000000000538401038699507,
  "Minute_5_Fluctuation": 0.083244069231453152,
  "Minute_10": 0.00000000000538401038699507,
  "Minute_10_Fluctuation": 0.079047107591843746,
  "Hour": 0.00000000000384192400548059,
  "Hour_Fluctuation": 0.7411470295511452,
  "Day": 0.00000000000492816346549739,
  "Day_Fluctuation": 0.38025978324045079,
  "Week": 0.00000000000538401038699507,
  "Week_Fluctuation": 0.47710244631950077,
  "Updated": "2018-07-27T17:50:27.1152355Z"
}
