{
  "Live": 0.000000000268158005111209,
  "Minute": 0.000000000268158005111209,
  "Minute_Fluctuation": 0.0,
  "Minute_5": 0.000000000268158005111209,
  "Minute_5_Fluctuation": 0.056866713196026326,
  "Minute_10": 0.000000000268158005111209,
  "Minute_10_Fluctuation": 0.054270253392323393,
  "Hour": 0.000000000226893590984252,
  "Hour_Fluctuation": 0.30206423225894785,
  "Day": 0.000000000262457061672701,
  "Day_Fluctuation": 0.30958680654759124,
  "Week": 0.000000000268158005111209,
  "Week_Fluctuation": 0.46678695811153326,
  "Updated": "2018-07-27T17:50:27.1279095Z"
}
