{
  "Live": 0.0000000000140284653218138,
  "Minute": 0.0000000000140284653218138,
  "Minute_Fluctuation": 0.0,
  "Minute_5": 0.0000000000140284653218138,
  "Minute_5_Fluctuation": 0.045336555662469372,
  "Minute_10": 0.0000000000140284653218138,
  "Minute_10_Fluctuation": 0.029560293790802626,
  "Hour": 0.000000000013393776665812,
  "Hour_Fluctuation": 0.10180004028561762,
  "Day": 0.0000000000139393740583622,
  "Day_Fluctuation": 0.29306414740954645,
  "Week": 0.0000000000140284653218138,
  "Week_Fluctuation": 0.46442056853043606,
  "Updated": "2018-07-27T17:50:26.5891913Z"
}
