{
  "Live": 0.0000000000124995405353366,
  "Minute": 0.0000000000124995405353366,
  "Minute_Fluctuation": 0.0,
  "Minute_5": 0.0000000000124995405353366,
  "Minute_5_Fluctuation": 0.036425122111671808,
  "Minute_10": 0.0000000000124995405353366,
  "Minute_10_Fluctuation": 0.022891931706810968,
  "Hour": 0.0000000000121664980796549,
  "Hour_Fluctuation": 0.08188202103369685,
  "Day": 0.0000000000123699925304528,
  "Day_Fluctuation": 0.28087581982258836,
  "Week": 0.0000000000124995405353366,
  "Week_Fluctuation": 0.462233238153602,
  "Updated": "2018-07-27T17:50:27.1095277Z"
}
