{
  "Live": 0.000000000000597632417710129,
  "Minute": 0.000000000000597632417710129,
  "Minute_Fluctuation": 0.0,
  "Minute_5": 0.000000000000597632417710129,
  "Minute_5_Fluctuation": 0.0576925818114864,
  "Minute_10": 0.000000000000597632417710129,
  "Minute_10_Fluctuation": 0.056011534819390169,
  "Hour": 0.000000000000455662797458139,
  "Hour_Fluctuation": 0.558485717776733,
  "Day": 0.000000000000555643017649149,
  "Day_Fluctuation": 0.36008480716346175,
  "Week": 0.000000000000597632417710129,
  "Week_Fluctuation": 0.47416845334176039,
  "Updated": "2018-07-27T17:50:26.963726Z"
}
