{
  "Live": 0.0000000034487031042796,
  "Minute": 0.0000000034487031042796,
  "Minute_Fluctuation": 0.0,
  "Minute_5": 0.0000000034487031042796,
  "Minute_5_Fluctuation": 0.0589353338252846,
  "Minute_10": 0.0000000034487031042796,
  "Minute_10_Fluctuation": 0.057954358160774912,
  "Hour": 0.000000002463219773849,
  "Hour_Fluctuation": 0.753611692006656,
  "Day": 0.00000000314529058607364,
  "Day_Fluctuation": 0.38470805876463365,
  "Week": 0.0000000034487031042796,
  "Week_Fluctuation": 0.47776235672795675,
  "Updated": "2018-07-27T17:50:26.8526896Z"
}
