{
  "Live": 0.00000000000443780634035563,
  "Minute": 0.00000000000443780634035563,
  "Minute_Fluctuation": 0.0,
  "Minute_5": 0.00000000000443780634035563,
  "Minute_5_Fluctuation": 0.017399351379395443,
  "Minute_10": 0.00000000000443780634035563,
  "Minute_10_Fluctuation": 0.014113574289553217,
  "Hour": 0.00000000000437350064310302,
  "Hour_Fluctuation": 0.032268677027003465,
  "Day": 0.00000000000443967836845302,
  "Day_Fluctuation": 0.27609283167594784,
  "Week": 0.00000000000443780634035563,
  "Week_Fluctuation": 0.46159489741812504,
  "Updated": "2018-07-27T17:50:26.866433Z"
}
