{
  "Live": 0.0000000192992725668697,
  "Minute": 0.0000000192992725668697,
  "Minute_Fluctuation": 0.0,
  "Minute_5": 0.0000000192992725668697,
  "Minute_5_Fluctuation": 0.031558222939654865,
  "Minute_10": 0.0000000192992725668697,
  "Minute_10_Fluctuation": 0.031132771173438167,
  "Hour": 0.0000000139688439469934,
  "Hour_Fluctuation": 0.72736473614418,
  "Day": 0.0000000176417001100127,
  "Day_Fluctuation": 0.38205244894911888,
  "Week": 0.0000000192992725668697,
  "Week_Fluctuation": 0.47734848598066038,
  "Updated": "2018-07-27T17:50:26.5262521Z"
}
