{
  "Live": 0.00000000382806087704785,
  "Minute": 0.00000000382806087704785,
  "Minute_Fluctuation": 0.0,
  "Minute_5": 0.00000000382806087704785,
  "Minute_5_Fluctuation": 0.082802908402803729,
  "Minute_10": 0.00000000382806087704785,
  "Minute_10_Fluctuation": 0.078866881947200415,
  "Hour": 0.00000000271241949936841,
  "Hour_Fluctuation": 0.76374287798043516,
  "Day": 0.0000000034975639921248,
  "Day_Fluctuation": 0.38267487388846616,
  "Week": 0.00000000382806087704785,
  "Week_Fluctuation": 0.47744929932524555,
  "Updated": "2018-07-27T17:50:27.0830512Z"
}
