{
  "Live": 0.000000000800356687782405,
  "Minute": 0.000000000800356687782405,
  "Minute_Fluctuation": 0.0,
  "Minute_5": 0.000000000800356687782405,
  "Minute_5_Fluctuation": 0.043844459278211477,
  "Minute_10": 0.000000000800356687782405,
  "Minute_10_Fluctuation": 0.043787585773190252,
  "Hour": 0.00000000057573016371363,
  "Hour_Fluctuation": 0.73922452212019185,
  "Day": 0.000000000730840255571618,
  "Day_Fluctuation": 0.38327768741599871,
  "Week": 0.000000000800356687782405,
  "Week_Fluctuation": 0.477540660490518,
  "Updated": "2018-07-27T17:50:26.6856Z"
}
