{
  "Live": 0.0000000000000000822599823612,
  "Minute": 0.0000000000000000822599823612,
  "Minute_Fluctuation": 0.0,
  "Minute_5": 0.0000000000000000822599823612,
  "Minute_5_Fluctuation": 0.61868186466742037,
  "Minute_10": 0.0000000000000000822599823612,
  "Minute_10_Fluctuation": 0.61768616574696422,
  "Hour": 0.0000000000000011106856401475,
  "Hour_Fluctuation": 1.2353698300527782,
  "Day": 0.0000000000000004507281097055,
  "Day_Fluctuation": 924.636020701061,
  "Week": 0.0000000000000000822599823612,
  "Week_Fluctuation": 233.17488373881181,
  "Updated": "2018-07-27T17:50:26.6224702Z"
}
