{
  "Live": 0.000000000151570906210799,
  "Minute": 0.000000000151570906210799,
  "Minute_Fluctuation": 0.0,
  "Minute_5": 0.000000000151570906210799,
  "Minute_5_Fluctuation": 0.0752172370535233,
  "Minute_10": 0.000000000151570906210799,
  "Minute_10_Fluctuation": 0.072359014025986754,
  "Hour": 0.000000000107892689569487,
  "Hour_Fluctuation": 0.75237480584271188,
  "Day": 0.000000000138623345522624,
  "Day_Fluctuation": 0.38141583533667162,
  "Week": 0.000000000151570906210799,
  "Week_Fluctuation": 0.47726118755032093,
  "Updated": "2018-07-27T17:50:27.0269148Z"
}
