{
  "Live": 0.000000000048246239198423,
  "Minute": 0.000000000048246239198423,
  "Minute_Fluctuation": 0.0,
  "Minute_5": 0.000000000048246239198423,
  "Minute_5_Fluctuation": 0.032195527472316771,
  "Minute_10": 0.000000000048246239198423,
  "Minute_10_Fluctuation": 0.0291260361893668,
  "Hour": 0.0000000000439868477784494,
  "Hour_Fluctuation": 0.16060447230256256,
  "Day": 0.0000000000469155987176289,
  "Day_Fluctuation": 0.30078221808981742,
  "Week": 0.000000000048246239198423,
  "Week_Fluctuation": 0.46528700219348518,
  "Updated": "2018-07-27T17:50:26.8849396Z"
}
