{
  "Live": 0.00000000369425396713671,
  "Minute": 0.00000000369425396713671,
  "Minute_Fluctuation": 0.0,
  "Minute_5": 0.00000000369425396713671,
  "Minute_5_Fluctuation": 0.072938547518818883,
  "Minute_10": 0.00000000369425396713671,
  "Minute_10_Fluctuation": 0.070308099601272128,
  "Hour": 0.00000000264010067068132,
  "Hour_Fluctuation": 0.7413748369435601,
  "Day": 0.00000000338145892769058,
  "Day_Fluctuation": 0.38036573903974175,
  "Week": 0.00000000369425396713671,
  "Week_Fluctuation": 0.47710896195132613,
  "Updated": "2018-07-27T17:50:27.0072357Z"
}
