{
  "Live": 0.000000000000690627246301757,
  "Minute": 0.000000000000690627246301757,
  "Minute_Fluctuation": 0.0,
  "Minute_5": 0.000000000000690627246301757,
  "Minute_5_Fluctuation": 0.041169779473614172,
  "Minute_10": 0.000000000000690627246301757,
  "Minute_10_Fluctuation": 0.041056286220922479,
  "Hour": 0.000000000000506502502200587,
  "Hour_Fluctuation": 0.67911421808918837,
  "Day": 0.000000000000633955799092006,
  "Day_Fluctuation": 0.37670955517442134,
  "Week": 0.000000000000690627246301757,
  "Week_Fluctuation": 0.47660639406435945,
  "Updated": "2018-07-27T17:50:26.6538238Z"
}
