{
  "Live": 0.00000000000169099950070775,
  "Minute": 0.00000000000169099950070775,
  "Minute_Fluctuation": 0.0,
  "Minute_5": 0.00000000000169099950070775,
  "Minute_5_Fluctuation": 0.016281793044479052,
  "Minute_10": 0.00000000000169099950070775,
  "Minute_10_Fluctuation": 0.005739471778520573,
  "Hour": 0.00000000000169669801817873,
  "Hour_Fluctuation": 0.084007100503838944,
  "Day": 0.00000000000169053029776574,
  "Day_Fluctuation": 0.2872372157863794,
  "Week": 0.00000000000169099950070775,
  "Week_Fluctuation": 0.46350066969121889,
  "Updated": "2018-07-27T17:50:27.0396035Z"
}
