{
  "Live": 0.000000000107069680019145,
  "Minute": 0.000000000107069680019145,
  "Minute_Fluctuation": 0.0,
  "Minute_5": 0.000000000107069680019145,
  "Minute_5_Fluctuation": 0.050294691200953555,
  "Minute_10": 0.000000000107069680019145,
  "Minute_10_Fluctuation": 0.037015981096785569,
  "Hour": 0.000000000105045198051159,
  "Hour_Fluctuation": 0.076513691614801024,
  "Day": 0.000000000107455156737112,
  "Day_Fluctuation": 0.30010841299074903,
  "Week": 0.000000000107069680019145,
  "Week_Fluctuation": 0.46598721464125026,
  "Updated": "2018-07-27T17:50:26.8227817Z"
}
