{
  "Live": 0.0000000000977954995683708,
  "Minute": 0.0000000000977954995683708,
  "Minute_Fluctuation": 0.0,
  "Minute_5": 0.0000000000977954995683708,
  "Minute_5_Fluctuation": 0.012404031367078489,
  "Minute_10": 0.0000000000977954995683708,
  "Minute_10_Fluctuation": 0.011925423334752607,
  "Hour": 0.0000000000881687009119693,
  "Hour_Fluctuation": 0.19959962402520254,
  "Day": 0.0000000000938891922725637,
  "Day_Fluctuation": 0.3195378959576573,
  "Week": 0.0000000000977954995683708,
  "Week_Fluctuation": 0.46836122423860449,
  "Updated": "2018-07-27T17:50:26.5328275Z"
}
