{
  "Live": 0.00000000118014171456697,
  "Minute": 0.00000000118014171456697,
  "Minute_Fluctuation": 0.0,
  "Minute_5": 0.00000000118014171456697,
  "Minute_5_Fluctuation": 0.067106239518349431,
  "Minute_10": 0.00000000118014171456697,
  "Minute_10_Fluctuation": 0.065047434660309433,
  "Hour": 0.000000000853747109588358,
  "Hour_Fluctuation": 0.70620888205889909,
  "Day": 0.00000000108322560258173,
  "Day_Fluctuation": 0.37674209231153905,
  "Week": 0.00000000118014171456697,
  "Week_Fluctuation": 0.47658502474773407,
  "Updated": "2018-07-27T17:50:26.9890166Z"
}
