{
  "Live": 0.000000000000111713791263744,
  "Minute": 0.000000000000111713791263744,
  "Minute_Fluctuation": 0.0,
  "Minute_5": 0.000000000000111713791263744,
  "Minute_5_Fluctuation": 0.016260221653601765,
  "Minute_10": 0.000000000000111713791263744,
  "Minute_10_Fluctuation": 0.015389470705918156,
  "Hour": 0.0000000000000858888160055963,
  "Hour_Fluctuation": 0.47131610983574773,
  "Day": 0.000000000000107164234044178,
  "Day_Fluctuation": 0.315916599989999,
  "Week": 0.000000000000111713791263744,
  "Week_Fluctuation": 0.46739220644983226,
  "Updated": "2018-07-27T17:50:26.3777167Z"
}
