{
  "Live": 0.00000000437095994502186,
  "Minute": 0.00000000437095994502186,
  "Minute_Fluctuation": 0.0,
  "Minute_5": 0.00000000437095994502186,
  "Minute_5_Fluctuation": 0.075974597199779462,
  "Minute_10": 0.00000000437095994502186,
  "Minute_10_Fluctuation": 0.072985916802198181,
  "Hour": 0.00000000311332609814449,
  "Hour_Fluctuation": 0.75034175929031366,
  "Day": 0.00000000399783552925103,
  "Day_Fluctuation": 0.38133491492823063,
  "Week": 0.00000000437095994502186,
  "Week_Fluctuation": 0.47725137508851367,
  "Updated": "2018-07-27T17:50:27.0325812Z"
}
