{
  "Live": 0.0000000000133816408601197,
  "Minute": 0.0000000000133816408601197,
  "Minute_Fluctuation": 0.0,
  "Minute_5": 0.0000000000133816408601197,
  "Minute_5_Fluctuation": 0.024396108009572072,
  "Minute_10": 0.0000000000133816408601197,
  "Minute_10_Fluctuation": 0.024265233247676134,
  "Hour": 0.00000000000980739122147824,
  "Hour_Fluctuation": 0.59984006753949248,
  "Day": 0.0000000000124287256833888,
  "Day_Fluctuation": 0.36051427554204518,
  "Week": 0.0000000000133816408601197,
  "Week_Fluctuation": 0.47430252498702191,
  "Updated": "2018-07-27T17:50:26.4809116Z"
}
