{
  "Live": 0.0000000000000000465130713683,
  "Minute": 0.0000000000000000465130713683,
  "Minute_Fluctuation": 0.0,
  "Minute_5": 0.0000000000000000465130713683,
  "Minute_5_Fluctuation": 0.60265749126465507,
  "Minute_10": 0.0000000000000000465130713683,
  "Minute_10_Fluctuation": 0.60299572808465507,
  "Hour": 0.0000000000000007985211734495,
  "Hour_Fluctuation": 1.27675877459207,
  "Day": 0.0000000000000002589808719762,
  "Day_Fluctuation": 478.50737236217839,
  "Week": 0.0000000000000000465130713683,
  "Week_Fluctuation": 122.3952686192404,
  "Updated": "2018-07-27T17:50:26.4992915Z"
}
