{
  "Live": 0.00000096591132209254,
  "Minute": 0.00000096591132209254,
  "Minute_Fluctuation": 0.0,
  "Minute_5": 0.00000096591132209254,
  "Minute_5_Fluctuation": 0.087710128772161278,
  "Minute_10": 0.00000096591132209254,
  "Minute_10_Fluctuation": 0.082976360831141557,
  "Hour": 0.000000684803576160716,
  "Hour_Fluctuation": 0.7595471169726975,
  "Day": 0.000000882819341706491,
  "Day_Fluctuation": 0.38217521058133708,
  "Week": 0.00000096591132209254,
  "Week_Fluctuation": 0.47738184326775146,
  "Updated": "2018-07-27T17:50:27.1474145Z"
}
