{
  "Live": 0.00000000000170405299282943,
  "Minute": 0.00000000000170405299282943,
  "Minute_Fluctuation": 0.0,
  "Minute_5": 0.00000000000170405299282943,
  "Minute_5_Fluctuation": 0.047901087577692056,
  "Minute_10": 0.00000000000170405299282943,
  "Minute_10_Fluctuation": 0.047590069965889138,
  "Hour": 0.00000000000124099909135362,
  "Hour_Fluctuation": 0.69879474719359169,
  "Day": 0.00000000000156099653290319,
  "Day_Fluctuation": 0.37901770700443743,
  "Week": 0.00000000000170405299282943,
  "Week_Fluctuation": 0.47693446027461339,
  "Updated": "2018-07-27T17:50:26.7654391Z"
}
