{
  "Live": 0.0000000000000624316388325815,
  "Minute": 0.0000000000000624316388325815,
  "Minute_Fluctuation": 0.0,
  "Minute_5": 0.0000000000000624316388325815,
  "Minute_5_Fluctuation": 0.5227896690686733,
  "Minute_10": 0.0000000000000624316388325815,
  "Minute_10_Fluctuation": 0.5050794468532247,
  "Hour": 0.00000000000109100907324133,
  "Hour_Fluctuation": 1.2474454336411336,
  "Day": 0.00000000000034810339412323,
  "Day_Fluctuation": 637494.59353487287,
  "Week": 0.0000000000000624316388325815,
  "Week_Fluctuation": 158399.06357595269,
  "Updated": "2018-07-27T17:50:26.3650898Z"
}
