{
  "Live": 0.00000000000217947250970372,
  "Minute": 0.00000000000217947250970372,
  "Minute_Fluctuation": 0.0,
  "Minute_5": 0.00000000000217947250970372,
  "Minute_5_Fluctuation": 0.10692129563859776,
  "Minute_10": 0.00000000000217947250970372,
  "Minute_10_Fluctuation": 0.08001594028745361,
  "Hour": 0.00000000000234441055933165,
  "Hour_Fluctuation": 0.150287387967869,
  "Day": 0.00000000000222488518862131,
  "Day_Fluctuation": 0.30308206727625714,
  "Week": 0.00000000000217947250970372,
  "Week_Fluctuation": 0.46567312487568646,
  "Updated": "2018-07-27T17:50:26.9764052Z"
}
