{
  "Live": 0.0000000000486387,
  "Minute": 0.0000000000404527219734541,
  "Minute_Fluctuation": 0.11756636034390475,
  "Minute_5": 0.0000000000386087424571516,
  "Minute_5_Fluctuation": 0.026953399197909157,
  "Minute_10": 0.0000000000383782450176138,
  "Minute_10_Fluctuation": 0.013703380045187079,
  "Hour": 0.0000000000382248814255134,
  "Hour_Fluctuation": 0.066690348531287677,
  "Day": 0.0000000000399169274937169,
  "Day_Fluctuation": 0.065731242504479093,
  "Week": 0.0000000000381479762461708,
  "Week_Fluctuation": 0.23547110844824032,
  "Updated": "2018-04-22T11:00:41.0129665Z"
}
