{
  "Live": 0.000000000025542,
  "Minute": 0.0000000000217102145533419,
  "Minute_Fluctuation": 0.036076741493605027,
  "Minute_5": 0.0000000000211054456076883,
  "Minute_5_Fluctuation": 0.0072153482987210053,
  "Minute_10": 0.0000000000210298494894816,
  "Minute_10_Fluctuation": 0.0036076741493605026,
  "Hour": 0.0000000000209668527243094,
  "Hour_Fluctuation": 0.036311785813579307,
  "Day": 0.0000000000214552963578179,
  "Day_Fluctuation": 0.039782199223819446,
  "Week": 0.0000000000209543283674239,
  "Week_Fluctuation": 0.23220199124191304,
  "Updated": "2018-04-22T11:00:37.261251Z"
}
