{
  "Live": 0.0000000017641305,
  "Minute": 0.0000000013765971040019,
  "Minute_Fluctuation": 0.12554650237992673,
  "Minute_5": 0.00000000130060721032444,
  "Minute_5_Fluctuation": 0.027785514017206477,
  "Minute_10": 0.00000000129110847361476,
  "Minute_10_Fluctuation": 0.014067216967948408,
  "Hour": 0.00000000128431853769028,
  "Hour_Fluctuation": 0.049262504197609441,
  "Day": 0.00000000129144938555503,
  "Day_Fluctuation": 0.026259743381084524,
  "Week": 0.00000000128161916025499,
  "Week_Fluctuation": 0.22928881219772937,
  "Updated": "2018-04-22T11:00:39.4589661Z"
}
