{
  "Live": 0.0000000000068607,
  "Minute": 0.00000000000891437399044195,
  "Minute_Fluctuation": 0.066326906344159858,
  "Minute_5": 0.00000000000929965346118098,
  "Minute_5_Fluctuation": 0.013776955350392145,
  "Minute_10": 0.00000000000934781339502335,
  "Minute_10_Fluctuation": 0.00691910744586198,
  "Hour": 0.00000000000938574379152566,
  "Hour_Fluctuation": 0.02611204409372701,
  "Day": 0.00000000000938337153198894,
  "Day_Fluctuation": 0.030206603129694622,
  "Week": 0.00000000000939592555115359,
  "Week_Fluctuation": 0.22990294608460546,
  "Updated": "2018-04-22T11:00:38.9960806Z"
}
