{
  "Live": 0.0000000002348181,
  "Minute": 0.0000000000453376237436749,
  "Minute_Fluctuation": 193.02695991472706,
  "Minute_5": 0.00000000000925523632170752,
  "Minute_5_Fluctuation": 39.386888024504479,
  "Minute_10": 0.0000000000047449378939616,
  "Minute_10_Fluctuation": 20.164686249815727,
  "Hour": 0.0000000000017274406408251,
  "Hour_Fluctuation": 4.2403638282891176,
  "Day": 0.000000000000301782645174273,
  "Day_Fluctuation": 0.33462576011764211,
  "Week": 0.000000000000239113968624147,
  "Week_Fluctuation": 0.276741117725261,
  "Updated": "2018-04-22T11:00:39.1503898Z"
}
