{
  "Live": 0.0000000000002376,
  "Minute": 0.000000000000212933922728342,
  "Minute_Fluctuation": 0.027975784221983102,
  "Minute_5": 0.000000000000208379093859697,
  "Minute_5_Fluctuation": 0.0056137335987908182,
  "Minute_10": 0.000000000000207809740251117,
  "Minute_10_Fluctuation": 0.0028080008541651645,
  "Hour": 0.00000000000020733692566868,
  "Hour_Fluctuation": 0.025808004527001084,
  "Day": 0.000000000000204320102560592,
  "Day_Fluctuation": 0.021014903631837282,
  "Week": 0.000000000000207240951477465,
  "Week_Fluctuation": 0.22710858337979814,
  "Updated": "2018-04-22T11:00:38.8333755Z"
}
