{
  "Live": 0.0000000000003861,
  "Minute": 0.00000000000209545335491803,
  "Minute_Fluctuation": 0.49788646596163255,
  "Minute_5": 0.00000000000245453752696328,
  "Minute_5_Fluctuation": 0.15045308539969401,
  "Minute_10": 0.00000000000249942304846893,
  "Minute_10_Fluctuation": 0.080208077813919129,
  "Hour": 0.00000000000255914754533607,
  "Hour_Fluctuation": 0.20493785263450526,
  "Day": 0.00000000000250662831247087,
  "Day_Fluctuation": 0.059580722707578075,
  "Week": 0.00000000000254426404068738,
  "Week_Fluctuation": 0.23644360568438294,
  "Updated": "2018-04-22T11:00:40.2183252Z"
}
