{
  "Live": 0.0000000000196614,
  "Minute": 0.0000000000108389492666627,
  "Minute_Fluctuation": 0.47099177320534608,
  "Minute_5": 0.00000000000893393601021667,
  "Minute_5_Fluctuation": 0.11333772290181771,
  "Minute_10": 0.00000000000869580935316092,
  "Minute_10_Fluctuation": 0.058181976889056873,
  "Hour": 0.0000000000085317769926921,
  "Hour_Fluctuation": 0.2748481307255996,
  "Day": 0.00000000000958237932393189,
  "Day_Fluctuation": 0.17377307572614123,
  "Week": 0.00000000000845791893286812,
  "Week_Fluctuation": 0.25807894729476383,
  "Updated": "2018-04-22T11:00:40.5263703Z"
}
