{
  "Live": 0.0000000000003861,
  "Minute": 0.000000000000436267165171991,
  "Minute_Fluctuation": 0.069158899850959826,
  "Minute_5": 0.000000000000446243331466109,
  "Minute_5_Fluctuation": 0.015079674122580412,
  "Minute_10": 0.000000000000447490352252874,
  "Minute_10_Fluctuation": 0.00761216177346259,
  "Hour": 0.00000000000044824657897632,
  "Hour_Fluctuation": 0.052736084047224657,
  "Day": 0.000000000000455881534461016,
  "Day_Fluctuation": 0.03226293920226752,
  "Week": 0.000000000000448736135915843,
  "Week_Fluctuation": 0.2302937986318464,
  "Updated": "2018-04-22T11:00:39.6099277Z"
}
