{
  "Live": 0.0000000000139293,
  "Minute": 0.00000000000320526752666079,
  "Minute_Fluctuation": 11.514646941480366,
  "Minute_5": 0.000000000000858565219087452,
  "Minute_5_Fluctuation": 2.8367452055074924,
  "Minute_10": 0.000000000000565227430640784,
  "Minute_10_Fluctuation": 1.6166846448029735,
  "Hour": 0.000000000000363425899574396,
  "Hour_Fluctuation": 1.0858016615976165,
  "Day": 0.00000000000147264165939991,
  "Day_Fluctuation": 101634.266519767,
  "Week": 0.000000000000272180651904877,
  "Week_Fluctuation": 27454.176617575096,
  "Updated": "2018-04-22T11:00:40.6787119Z"
}
