{
  "Live": 0.0000000000001287,
  "Minute": 0.000000000000169140427876694,
  "Minute_Fluctuation": 0.050270582467291096,
  "Minute_5": 0.000000000000176302710245681,
  "Minute_5_Fluctuation": 0.010054116493458219,
  "Minute_10": 0.000000000000177197995541805,
  "Minute_10_Fluctuation": 0.0050270582467291094,
  "Hour": 0.000000000000177944066621907,
  "Hour_Fluctuation": 0.048843224408636712,
  "Day": 0.000000000000179887557705174,
  "Day_Fluctuation": 0.048891258002585543,
  "Week": 0.000000000000178092392658071,
  "Week_Fluctuation": 0.23352722730552558,
  "Updated": "2018-04-22T11:00:38.3909147Z"
}
