{
  "Live": 0.000000001239777,
  "Minute": 0.000000000338727142619541,
  "Minute_Fluctuation": 294.48912030448071,
  "Minute_5": 0.0000000000686647471981811,
  "Minute_5_Fluctuation": 59.685531233791316,
  "Minute_10": 0.0000000000349069477705112,
  "Minute_10_Fluctuation": 30.323336343417118,
  "Hour": 0.0000000000122078379516454,
  "Hour_Fluctuation": 6.0172727599711626,
  "Day": 0.0000000000016550887632716,
  "Day_Fluctuation": 0.45405877579013609,
  "Week": 0.00000000000118263822322583,
  "Week_Fluctuation": 0.29550686590950664,
  "Updated": "2018-04-22T11:00:44.6790873Z"
}
