{
  "Live": 0.0000000000098802,
  "Minute": 0.0000000000104740838133356,
  "Minute_Fluctuation": 0.018841789918734902,
  "Minute_5": 0.0000000000106273084164724,
  "Minute_5_Fluctuation": 0.0038136776546618938,
  "Minute_10": 0.0000000000106464614918645,
  "Minute_10_Fluctuation": 0.0019096161866107712,
  "Hour": 0.0000000000106622623604538,
  "Hour_Fluctuation": 0.015694178138355452,
  "Day": 0.0000000000107807895366792,
  "Day_Fluctuation": 0.032326578200696676,
  "Week": 0.0000000000106655955661897,
  "Week_Fluctuation": 0.2305369227855133,
  "Updated": "2018-04-22T11:00:42.7276451Z"
}
