{
  "Live": 0.0000000000199782,
  "Minute": 0.0000000000123732499317489,
  "Minute_Fluctuation": 0.54886063608979452,
  "Minute_5": 0.00000000000987041301162609,
  "Minute_5_Fluctuation": 0.14103241544876854,
  "Minute_10": 0.00000000000955755839661073,
  "Minute_10_Fluctuation": 0.073164799798919974,
  "Hour": 0.00000000000934707008497029,
  "Hour_Fluctuation": 0.25825476260314467,
  "Day": 0.0000000000103501991884576,
  "Day_Fluctuation": 0.15773815486455695,
  "Week": 0.00000000000924501415323726,
  "Week_Fluctuation": 0.25457945548097033,
  "Updated": "2018-04-22T11:00:45.919911Z"
}
