{
  "Live": 0.000000000000031581,
  "Minute": 0.000000000000031589023241302,
  "Minute_Fluctuation": 0.012299120150965062,
  "Minute_5": 0.0000000000000315909450125762,
  "Minute_5_Fluctuation": 0.0030061620150108165,
  "Minute_10": 0.0000000000000315911852339855,
  "Minute_10_Fluctuation": 0.001536046734971376,
  "Hour": 0.0000000000000315850405392284,
  "Hour_Fluctuation": 0.11556215591444831,
  "Day": 0.0000000000000310627999731233,
  "Day_Fluctuation": 0.034532225339191945,
  "Week": 0.0000000000000315914252170799,
  "Week_Fluctuation": 0.23126487250062089,
  "Updated": "2018-04-22T11:00:41.7581666Z"
}
