{
  "Live": 0.000000000000396,
  "Minute": 0.00000000000188676374269676,
  "Minute_Fluctuation": 0.25019139977837923,
  "Minute_5": 0.00000000000236180273566187,
  "Minute_5_Fluctuation": 0.050692068039123045,
  "Minute_10": 0.00000000000242118260978251,
  "Minute_10_Fluctuation": 0.025385681387925626,
  "Hour": 0.00000000000247019089174983,
  "Hour_Fluctuation": 0.26405711107634283,
  "Day": 0.00000000000245631341857052,
  "Day_Fluctuation": 0.080348481921634338,
  "Week": 0.00000000000248050357529787,
  "Week_Fluctuation": 0.24295620537958487,
  "Updated": "2018-04-22T11:00:45.4927379Z"
}
