{
  "Live": 0.0000000000033957,
  "Minute": 0.00000000000365032436896845,
  "Minute_Fluctuation": 0.022851282987475303,
  "Minute_5": 0.00000000000371861661042492,
  "Minute_5_Fluctuation": 0.00457025659749506,
  "Minute_10": 0.00000000000372715314060698,
  "Minute_10_Fluctuation": 0.00228512829874753,
  "Hour": 0.0000000000037342669157587,
  "Hour_Fluctuation": 0.037494752144874244,
  "Day": 0.00000000000384912465051927,
  "Day_Fluctuation": 0.052606291664378711,
  "Week": 0.0000000000037356812020091,
  "Week_Fluctuation": 0.23390757927119538,
  "Updated": "2018-04-22T11:00:43.2087282Z"
}
