{
  "Live": 0.0000000000000693,
  "Minute": 0.000000000000121000651830285,
  "Minute_Fluctuation": 0.22811355142497669,
  "Minute_5": 0.000000000000135813052975512,
  "Minute_5_Fluctuation": 0.048774824716210766,
  "Minute_10": 0.000000000000137664603118666,
  "Minute_10_Fluctuation": 0.024558663061589943,
  "Hour": 0.000000000000139001887774658,
  "Hour_Fluctuation": 0.160243846036736,
  "Day": 0.000000000000138374597176125,
  "Day_Fluctuation": 0.049702199380371029,
  "Week": 0.000000000000139514316406518,
  "Week_Fluctuation": 0.23457831425011091,
  "Updated": "2018-04-22T11:00:44.0880567Z"
}
