{
  "Live": 0.0000000000168597,
  "Minute": 0.00000000000485972286056644,
  "Minute_Fluctuation": 195.57102760457227,
  "Minute_5": 0.00000000000099179413376648,
  "Minute_5_Fluctuation": 39.889436054289405,
  "Minute_10": 0.000000000000508303042916485,
  "Minute_10_Fluctuation": 20.406187848368926,
  "Hour": 0.000000000000162645696270372,
  "Hour_Fluctuation": 4.0207331722153743,
  "Day": 0.0000000000000329636868480803,
  "Day_Fluctuation": 0.37665297875737119,
  "Week": 0.0000000000000252916059264606,
  "Week_Fluctuation": 0.28479344678631113,
  "Updated": "2018-04-22T11:00:45.6474043Z"
}
