{
  "Live": 0.0000000000033462,
  "Minute": 0.000000000004598529133339,
  "Minute_Fluctuation": 0.25488510443008905,
  "Minute_5": 0.00000000000498650351774807,
  "Minute_5_Fluctuation": 0.05456147929480025,
  "Minute_10": 0.0000000000050350003157992,
  "Minute_10_Fluctuation": 0.0274593263927069,
  "Hour": 0.00000000000506357434826518,
  "Hour_Fluctuation": 0.096353678299664181,
  "Day": 0.00000000000502556374886372,
  "Day_Fluctuation": 0.0535306693316834,
  "Week": 0.00000000000508344900194751,
  "Week_Fluctuation": 0.23541440548025797,
  "Updated": "2018-04-22T11:00:45.1207309Z"
}
