{
  "Live": 0.0000000000000891,
  "Minute": 0.000000000000142141930772407,
  "Minute_Fluctuation": 0.11429728491666279,
  "Minute_5": 0.000000000000156816323417637,
  "Minute_5_Fluctuation": 0.022859456983332558,
  "Minute_10": 0.00000000000015865062249829,
  "Minute_10_Fluctuation": 0.011429728491666279,
  "Hour": 0.000000000000160179205065502,
  "Hour_Fluctuation": 0.013629135387999218,
  "Day": 0.000000000000163320173543659,
  "Day_Fluctuation": 0.041036378348590474,
  "Week": 0.000000000000160483101837793,
  "Week_Fluctuation": 0.23202657601436716,
  "Updated": "2018-04-22T11:00:43.63978Z"
}
