{
  "Live": 0.00000000166717,
  "Minute": 0.000000000573706789196168,
  "Minute_Fluctuation": 1.545792477506257,
  "Minute_5": 0.000000000295025271556551,
  "Minute_5_Fluctuation": 0.30915849550125135,
  "Minute_10": 0.000000000260190081851599,
  "Minute_10_Fluctuation": 0.15457924775062568,
  "Hour": 0.000000000231160757097472,
  "Hour_Fluctuation": 0.48108387242519041,
  "Day": 0.00000000117228065646969,
  "Day_Fluctuation": 48.493933440323211,
  "Week": 0.000000000225389450866592,
  "Week_Fluctuation": 9.5346812656355251,
  "Updated": "2018-04-22T11:00:42.5593274Z"
}
