{
  "Live": 0.0000000002534895,
  "Minute": 0.0000000000686661551321027,
  "Minute_Fluctuation": 371.86621642623237,
  "Minute_5": 0.000000000013880844826567,
  "Minute_5_Fluctuation": 75.155192199388651,
  "Minute_10": 0.00000000000703268103837499,
  "Minute_10_Fluctuation": 38.049301030347422,
  "Hour": 0.00000000000191621550087359,
  "Hour_Fluctuation": 4.9999152855282443,
  "Day": 0.000000000000266263650755954,
  "Day_Fluctuation": 0.4525977681830371,
  "Week": 0.000000000000191311063464954,
  "Week_Fluctuation": 0.30309199554031963,
  "Updated": "2018-04-22T11:00:44.5335014Z"
}
