{
  "Live": 0.0000000004238,
  "Minute": 0.000000000542003356944581,
  "Minute_Fluctuation": 0.069400467272225833,
  "Minute_5": 0.000000000574339746476015,
  "Minute_5_Fluctuation": 0.013880093454445165,
  "Minute_10": 0.000000000578381795167444,
  "Minute_10_Fluctuation": 0.0069400467272225826,
  "Hour": 0.000000000581750169076968,
  "Hour_Fluctuation": 0.43754709528101676,
  "Day": 0.000000000523213042202687,
  "Day_Fluctuation": 0.1505485403730602,
  "Week": 0.000000000582419833889933,
  "Week_Fluctuation": 0.25276464802639986,
  "Updated": "2018-04-22T11:00:43.4810536Z"
}
