{
  "Live": 0.0000000001707552,
  "Minute": 0.0000000000459482961774665,
  "Minute_Fluctuation": 205.92041876841012,
  "Minute_5": 0.0000000000093679334165181,
  "Minute_5_Fluctuation": 41.965361295017139,
  "Minute_10": 0.00000000000479538807139955,
  "Minute_10_Fluctuation": 21.453367349839187,
  "Hour": 0.00000000000167203453489196,
  "Hour_Fluctuation": 4.2352222491652451,
  "Day": 0.000000000000279560095133401,
  "Day_Fluctuation": 0.34917066035266736,
  "Week": 0.000000000000227378981583703,
  "Week_Fluctuation": 0.2764495949960728,
  "Updated": "2018-04-22T11:00:44.3840519Z"
}
