{
  "Live": 0.0000000000035937,
  "Minute": 0.00000000000434887939606483,
  "Minute_Fluctuation": 0.18354519884862408,
  "Minute_5": 0.00000000000458624460926762,
  "Minute_5_Fluctuation": 0.049059265031141538,
  "Minute_10": 0.00000000000461591526091797,
  "Minute_10_Fluctuation": 0.025429026122876494,
  "Hour": 0.0000000000046525889055271,
  "Hour_Fluctuation": 0.037552876547116823,
  "Day": 0.00000000000481679620442521,
  "Day_Fluctuation": 0.088562329184843858,
  "Week": 0.00000000000464555647739803,
  "Week_Fluctuation": 0.2425027638322419,
  "Updated": "2018-04-22T11:00:45.3100805Z"
}
