{
  "Live": 0.0000000000064548,
  "Minute": 0.00000000000969908118507476,
  "Minute_Fluctuation": 0.12817590093898262,
  "Minute_5": 0.0000000000104973568862835,
  "Minute_5_Fluctuation": 0.027042719149843363,
  "Minute_10": 0.0000000000105971413489346,
  "Minute_10_Fluctuation": 0.013603903969327339,
  "Hour": 0.0000000000106742984032071,
  "Hour_Fluctuation": 0.10117689480087598,
  "Day": 0.0000000000106469095025347,
  "Day_Fluctuation": 0.036836707722944992,
  "Week": 0.0000000000106968268190632,
  "Week_Fluctuation": 0.23170356728835106,
  "Updated": "2018-04-22T11:00:42.1075947Z"
}
