{
  "Live": 0.0000000000068409,
  "Minute": 0.000000000008841484027044,
  "Minute_Fluctuation": 0.17976784069814872,
  "Minute_5": 0.00000000000942105734114747,
  "Minute_5_Fluctuation": 0.0392391601933535,
  "Minute_10": 0.00000000000949350400541041,
  "Minute_10_Fluctuation": 0.019796089120879008,
  "Hour": 0.00000000000953861610959897,
  "Hour_Fluctuation": 0.086782112482456139,
  "Day": 0.00000000000941237038451807,
  "Day_Fluctuation": 0.030094639440452126,
  "Week": 0.0000000000095658787979826,
  "Week_Fluctuation": 0.2295134694749657,
  "Updated": "2018-04-22T11:00:44.2333828Z"
}
