{
  "Live": 0.0000000000004455,
  "Minute": 0.000000000000530597977510327,
  "Minute_Fluctuation": 0.11326252002267009,
  "Minute_5": 0.000000000000551769524521268,
  "Minute_5_Fluctuation": 0.027133971336549843,
  "Minute_10": 0.000000000000554415967897636,
  "Minute_10_Fluctuation": 0.013866465768604428,
  "Hour": 0.000000000000557296536291346,
  "Hour_Fluctuation": 0.06939943638857729,
  "Day": 0.000000000000561421909675248,
  "Day_Fluctuation": 0.031911674014634656,
  "Week": 0.000000000000557059785834146,
  "Week_Fluctuation": 0.23423001706943478,
  "Updated": "2018-04-22T11:00:42.262098Z"
}
