{
  "Live": 0.0000000000004158,
  "Minute": 0.000000000000450262227004946,
  "Minute_Fluctuation": 0.095607666162818281,
  "Minute_5": 0.00000000000046070503304526,
  "Minute_5_Fluctuation": 0.021985063701984827,
  "Minute_10": 0.0000000000004620103838003,
  "Minute_10_Fluctuation": 0.011153851128275693,
  "Hour": 0.00000000000046259152053766,
  "Hour_Fluctuation": 0.055165473499335212,
  "Day": 0.000000000000470367283560015,
  "Day_Fluctuation": 0.031889105683561847,
  "Week": 0.000000000000463314439564511,
  "Week_Fluctuation": 0.23036843469295704,
  "Updated": "2018-04-22T11:00:44.8254001Z"
}
