{
  "Live": 0.0000000000000287679,
  "Minute": 0.0000000000000286980825527385,
  "Minute_Fluctuation": 0.012174140571155208,
  "Minute_5": 0.0000000000000286724411610307,
  "Minute_5_Fluctuation": 0.0032072154029170741,
  "Minute_10": 0.0000000000000286692359870673,
  "Minute_10_Fluctuation": 0.0016504810767398652,
  "Hour": 0.0000000000000286607116253037,
  "Hour_Fluctuation": 0.13660206345186629,
  "Day": 0.0000000000000280986471324411,
  "Day_Fluctuation": 0.040040560140730708,
  "Week": 0.0000000000000286660339928399,
  "Week_Fluctuation": 0.22993103888181318,
  "Updated": "2018-04-22T11:00:47.3990841Z"
}
