{
  "Live": 0.000000000002636625,
  "Minute": 0.00000000000307587441072357,
  "Minute_Fluctuation": 0.0623132806786469,
  "Minute_5": 0.00000000000323939838651489,
  "Minute_5_Fluctuation": 0.01246265613572938,
  "Minute_10": 0.0000000000032598388834888,
  "Minute_10_Fluctuation": 0.00623132806786469,
  "Hour": 0.00000000000327687263096707,
  "Hour_Fluctuation": 0.070365881277461878,
  "Day": 0.00000000000327884168409594,
  "Day_Fluctuation": 0.027710217945720435,
  "Week": 0.00000000000328025910219191,
  "Week_Fluctuation": 0.22976263436602629,
  "Updated": "2018-04-22T11:00:47.591376Z"
}
