{
  "Live": 0.00000000000025675,
  "Minute": 0.000000000000294711301654051,
  "Minute_Fluctuation": 0.11338900598537362,
  "Minute_5": 0.000000000000311374378540983,
  "Minute_5_Fluctuation": 0.026075995179503639,
  "Minute_10": 0.00000000000031345726315185,
  "Minute_10_Fluctuation": 0.01323415376663617,
  "Hour": 0.000000000000314915476155379,
  "Hour_Fluctuation": 0.043865102445537964,
  "Day": 0.000000000000312808569918058,
  "Day_Fluctuation": 0.023652044923552246,
  "Week": 0.000000000000315538081408935,
  "Week_Fluctuation": 0.22794210152110508,
  "Updated": "2018-04-22T11:00:50.0391995Z"
}
