{
  "Live": 0.000000000000878875,
  "Minute": 0.000000000000995370413377808,
  "Minute_Fluctuation": 0.11096536452420327,
  "Minute_5": 0.00000000000104244441426803,
  "Minute_5_Fluctuation": 0.027745089903838182,
  "Minute_10": 0.00000000000104832866437931,
  "Minute_10_Fluctuation": 0.014243559202640848,
  "Hour": 0.00000000000105445969232594,
  "Hour_Fluctuation": 0.0028864132605429787,
  "Day": 0.00000000000107746825352005,
  "Day_Fluctuation": 0.037435896721400706,
  "Week": 0.00000000000105420707694088,
  "Week_Fluctuation": 0.23013206400221431,
  "Updated": "2018-04-22T11:00:48.8415167Z"
}
