{
  "Live": 0.0000000000072285,
  "Minute": 0.0000000000155805007265924,
  "Minute_Fluctuation": 0.24924173272080233,
  "Minute_5": 0.0000000000193080053384582,
  "Minute_5_Fluctuation": 0.051417582352577061,
  "Minute_10": 0.0000000000197739434149415,
  "Minute_10_Fluctuation": 0.025803029324863051,
  "Hour": 0.0000000000201547255703047,
  "Hour_Fluctuation": 0.051517607935635805,
  "Day": 0.0000000000200659818217454,
  "Day_Fluctuation": 0.031136061241604507,
  "Week": 0.0000000000202394192512695,
  "Week_Fluctuation": 0.23059615784820459,
  "Updated": "2018-04-22T11:00:50.2822156Z"
}
