{
  "Live": 0.0000000000003555,
  "Minute": 0.00000000000160038461972419,
  "Minute_Fluctuation": 0.39106217208302951,
  "Minute_5": 0.00000000000212463723336605,
  "Minute_5_Fluctuation": 0.08354551537891762,
  "Minute_10": 0.00000000000219016881007128,
  "Minute_10_Fluctuation": 0.042059598413248106,
  "Hour": 0.0000000000022409170780072,
  "Hour_Fluctuation": 0.14778745016450009,
  "Day": 0.00000000000219977534642377,
  "Day_Fluctuation": 0.059922835456596484,
  "Week": 0.00000000000225563537529168,
  "Week_Fluctuation": 0.23879492982967163,
  "Updated": "2018-04-22T11:00:49.4432338Z"
}
