{
  "Live": 0.000000027304928,
  "Minute": 0.0000000741712374403078,
  "Minute_Fluctuation": 0.23361276595406955,
  "Minute_5": 0.0000000922585407386067,
  "Minute_5_Fluctuation": 0.046722553190813913,
  "Minute_10": 0.000000094519453650894,
  "Minute_10_Fluctuation": 0.023361276595406957,
  "Hour": 0.0000000964035477444668,
  "Hour_Fluctuation": 0.47332339008621654,
  "Day": 0.0000000866845574214203,
  "Day_Fluctuation": 0.15509059118699242,
  "Week": 0.0000000967781235940224,
  "Week_Fluctuation": 0.25375347611425692,
  "Updated": "2018-04-22T11:00:48.0930238Z"
}
