{
  "Live": 0.0000000000043055,
  "Minute": 0.00000000000431232202959086,
  "Minute_Fluctuation": 0.12278561431323275,
  "Minute_5": 0.00000000000431516148004824,
  "Minute_5_Fluctuation": 0.0407111012019102,
  "Minute_10": 0.00000000000431551641135542,
  "Minute_10_Fluctuation": 0.021557490131071031,
  "Hour": 0.00000000000432845009929091,
  "Hour_Fluctuation": 0.00507432729650374,
  "Day": 0.00000000000444613839801516,
  "Day_Fluctuation": 0.08223780333295759,
  "Week": 0.0000000000043158709905482,
  "Week_Fluctuation": 0.24095350585457317,
  "Updated": "2018-04-22T11:00:49.2692239Z"
}
