{
  "Live": 0.0000000000063595,
  "Minute": 0.00000000000799009163885706,
  "Minute_Fluctuation": 0.18582196256039477,
  "Minute_5": 0.00000000000864001884282926,
  "Minute_5_Fluctuation": 0.041973498527944131,
  "Minute_10": 0.00000000000872125974332579,
  "Minute_10_Fluctuation": 0.021248098681271487,
  "Hour": 0.00000000000877504462270461,
  "Hour_Fluctuation": 0.019036725048988023,
  "Day": 0.00000000000880542472730638,
  "Day_Fluctuation": 0.026954631431029538,
  "Week": 0.00000000000880242004769086,
  "Week_Fluctuation": 0.22927897787419368,
  "Updated": "2018-04-22T11:00:48.6101556Z"
}
