{
  "Live": 0.00000000000012981292050189,
  "Minute": 0.00000000000012981292050189,
  "Minute_Fluctuation": 0.0,
  "Minute_5": 0.00000000000012981292050189,
  "Minute_5_Fluctuation": 0.0,
  "Minute_10": 0.00000000000012981292050189,
  "Minute_10_Fluctuation": 0.0,
  "Hour": 0.00000000000012981292050189,
  "Hour_Fluctuation": 0.0,
  "Day": 0.000000000000133089633243607,
  "Day_Fluctuation": 0.047499583777928886,
  "Week": 0.00000000000012981292050189,
  "Week_Fluctuation": 0.23323990874816569,
  "Updated": "2018-04-22T11:00:28.6713705Z"
}
