{
  "Live": 0.000000000000167875,
  "Minute": 0.000000000000258656747226208,
  "Minute_Fluctuation": 0.19559606949714914,
  "Minute_5": 0.000000000000296030824728731,
  "Minute_5_Fluctuation": 0.043277789852337892,
  "Minute_10": 0.000000000000300702584416547,
  "Minute_10_Fluctuation": 0.021911776524865839,
  "Hour": 0.000000000000304866735883514,
  "Hour_Fluctuation": 0.05571194397720805,
  "Day": 0.000000000000303748900027682,
  "Day_Fluctuation": 0.025174412620371157,
  "Week": 0.000000000000305369709422132,
  "Week_Fluctuation": 0.22975448145150976,
  "Updated": "2018-04-22T11:00:49.1075595Z"
}
