{
  "Live": 0.00000000094880699430984,
  "Minute": 0.00000000094880699430984,
  "Minute_Fluctuation": 0.0,
  "Minute_5": 0.00000000094880699430984,
  "Minute_5_Fluctuation": 0.0,
  "Minute_10": 0.00000000094880699430984,
  "Minute_10_Fluctuation": 0.0,
  "Hour": 0.00000000094880699430984,
  "Hour_Fluctuation": 0.071998960883838475,
  "Day": 0.000000000947275361035551,
  "Day_Fluctuation": 0.013023430938547206,
  "Week": 0.00000000094880699430984,
  "Week_Fluctuation": 0.22564163013295727,
  "Updated": "2018-04-22T11:00:28.9151753Z"
}
