{
  "Live": 0.0000000000000022351543031027,
  "Minute": 0.0000000000000022351543031027,
  "Minute_Fluctuation": 0.0,
  "Minute_5": 0.0000000000000022351543031027,
  "Minute_5_Fluctuation": 0.0,
  "Minute_10": 0.0000000000000022351543031027,
  "Minute_10_Fluctuation": 0.0,
  "Hour": 0.0000000000000022351543031027,
  "Hour_Fluctuation": 0.03850012260978998,
  "Day": 0.0000000000000022553827304322,
  "Day_Fluctuation": 0.017205187041504741,
  "Week": 0.0000000000000022351543031027,
  "Week_Fluctuation": 0.22796716690426527,
  "Updated": "2018-04-22T11:00:28.8566469Z"
}
