{
  "Live": 0.00000000000372822327352897,
  "Minute": 0.00000000000372822327352897,
  "Minute_Fluctuation": 0.0,
  "Minute_5": 0.00000000000372822327352897,
  "Minute_5_Fluctuation": 0.0,
  "Minute_10": 0.00000000000372822327352897,
  "Minute_10_Fluctuation": 0.0,
  "Hour": 0.00000000000372822327352897,
  "Hour_Fluctuation": 0.042960776036927537,
  "Day": 0.00000000000387713024016711,
  "Day_Fluctuation": 0.087060446868767863,
  "Week": 0.00000000000372822327352897,
  "Week_Fluctuation": 0.24293857127399718,
  "Updated": "2018-04-22T11:00:28.9608144Z"
}
