{
  "Live": 0.000000000000142772292659683,
  "Minute": 0.000000000000142772292659683,
  "Minute_Fluctuation": 0.0,
  "Minute_5": 0.000000000000142772292659683,
  "Minute_5_Fluctuation": 0.0,
  "Minute_10": 0.000000000000142772292659683,
  "Minute_10_Fluctuation": 0.0,
  "Hour": 0.000000000000142772292659683,
  "Hour_Fluctuation": 0.020549288114843564,
  "Day": 0.000000000000143216940113076,
  "Day_Fluctuation": 0.011221730579802561,
  "Week": 0.000000000000142772292659683,
  "Week_Fluctuation": 0.22614111088618002,
  "Updated": "2018-04-22T11:00:28.8719318Z"
}
