{
  "Live": 0.00000000000239077988279454,
  "Minute": 0.00000000000239077988279454,
  "Minute_Fluctuation": 0.0,
  "Minute_5": 0.00000000000239077988279454,
  "Minute_5_Fluctuation": 0.0,
  "Minute_10": 0.00000000000239077988279454,
  "Minute_10_Fluctuation": 0.0,
  "Hour": 0.00000000000239077988279454,
  "Hour_Fluctuation": 0.025887123107503466,
  "Day": 0.00000000000238283607114449,
  "Day_Fluctuation": 0.071637562072849867,
  "Week": 0.00000000000239077988279454,
  "Week_Fluctuation": 0.24359626787531014,
  "Updated": "2018-04-22T11:00:28.9745895Z"
}
