{
  "Live": 0.00000000000015376,
  "Minute": 0.000000000000143854090757744,
  "Minute_Fluctuation": 0.076278214128342819,
  "Minute_5": 0.00000000000013463035188491,
  "Minute_5_Fluctuation": 0.019475941573732562,
  "Minute_10": 0.000000000000133322125021203,
  "Minute_10_Fluctuation": 0.01002667521821957,
  "Hour": 0.000000000000132204540001893,
  "Hour_Fluctuation": 0.0017119736664977479,
  "Day": 0.000000000000131987469027652,
  "Day_Fluctuation": 0.00011515204858706915,
  "Week": 0.000000000000131979362634277,
  "Week_Fluctuation": 0.22280002706101076,
  "Updated": "2018-04-22T11:01:06.6015446Z"
}
