{
  "Live": 0.00000000000028242,
  "Minute": 0.000000000000290998240929659,
  "Minute_Fluctuation": 0.076331070806601092,
  "Minute_5": 0.000000000000298094854648962,
  "Minute_5_Fluctuation": 0.023519478490409734,
  "Minute_10": 0.000000000000299102074825291,
  "Minute_10_Fluctuation": 0.012302647574090223,
  "Hour": 0.000000000000299601821369568,
  "Hour_Fluctuation": 0.0021137037888860686,
  "Day": 0.000000000000300113223775331,
  "Day_Fluctuation": 0.00013293798278088284,
  "Week": 0.000000000000300136044595393,
  "Week_Fluctuation": 0.22281047934005296,
  "Updated": "2018-04-22T11:01:04.7225115Z"
}
