{
  "Live": 0.000000000076315,
  "Minute": 0.0000000000869566072183693,
  "Minute_Fluctuation": 0.16749370501011493,
  "Minute_5": 0.0000000000961370262868813,
  "Minute_5_Fluctuation": 0.047171219317134756,
  "Minute_10": 0.0000000000974388784008423,
  "Minute_10_Fluctuation": 0.024461556571670769,
  "Hour": 0.0000000000984035135438336,
  "Hour_Fluctuation": 0.0041848678562930435,
  "Day": 0.0000000000987602137850427,
  "Day_Fluctuation": 0.00021925727244531272,
  "Week": 0.0000000000987750588751313,
  "Week_Fluctuation": 0.22280924650535322,
  "Updated": "2018-04-22T11:01:05.3471895Z"
}
