{
  "Live": 0.0000000000732795,
  "Minute": 0.0000000000698373285491262,
  "Minute_Fluctuation": 0.062280636601903756,
  "Minute_5": 0.0000000000673503514506464,
  "Minute_5_Fluctuation": 0.018155564558821467,
  "Minute_10": 0.0000000000669959911890392,
  "Minute_10_Fluctuation": 0.0094801907933211738,
  "Hour": 0.0000000000667302107316932,
  "Hour_Fluctuation": 0.0016321141416140955,
  "Day": 0.0000000000666358279356102,
  "Day_Fluctuation": 0.00011202782268197765,
  "Week": 0.0000000000666319178228198,
  "Week_Fluctuation": 0.22279470174077604,
  "Updated": "2018-04-22T11:01:02.4587656Z"
}
