{
  "Live": 0.00000019504989755,
  "Minute": 0.000000185031864819654,
  "Minute_Fluctuation": 0.078459166412823259,
  "Minute_5": 0.000000177611797003249,
  "Minute_5_Fluctuation": 0.023740724105510459,
  "Minute_10": 0.000000176554190472584,
  "Minute_10_Fluctuation": 0.01244913125158008,
  "Hour": 0.000000175802215243348,
  "Hour_Fluctuation": 0.0021496175844587656,
  "Day": 0.000000175481092512897,
  "Day_Fluctuation": 0.00013385865006006832,
  "Week": 0.000000175467523548072,
  "Week_Fluctuation": 0.22279607800998186,
  "Updated": "2018-04-22T11:01:02.8120009Z"
}
