{
  "Live": 0.00000000000579947,
  "Minute": 0.00000000000541357457462105,
  "Minute_Fluctuation": 0.10136032371140585,
  "Minute_5": 0.00000000000510385556064609,
  "Minute_5_Fluctuation": 0.030235946131400803,
  "Minute_10": 0.00000000000505987210446989,
  "Minute_10_Fluctuation": 0.015834248139748978,
  "Hour": 0.00000000000502708000706859,
  "Hour_Fluctuation": 0.0027319916556384034,
  "Day": 0.00000000000501520790962631,
  "Day_Fluctuation": 0.00015834568428129721,
  "Week": 0.00000000000501471500832869,
  "Week_Fluctuation": 0.22279967994613994,
  "Updated": "2018-04-22T11:01:04.0776523Z"
}
