{
  "Live": 0.00000000998955367,
  "Minute": 0.00000000905158787566666,
  "Minute_Fluctuation": 0.19495022925963071,
  "Minute_5": 0.00000000832043316169559,
  "Minute_5_Fluctuation": 0.066232334962656514,
  "Minute_10": 0.00000000821650581057259,
  "Minute_10_Fluctuation": 0.035292320327718466,
  "Hour": 0.00000000815294589147091,
  "Hour_Fluctuation": 0.006177235560855877,
  "Day": 0.00000000811159013805621,
  "Day_Fluctuation": 0.00030452995456174182,
  "Week": 0.0000000081097844812701,
  "Week_Fluctuation": 0.22282872039608365,
  "Updated": "2018-04-22T11:01:03.7895515Z"
}
