{
  "Live": 0.00000000000071542,
  "Minute": 0.000000000000632856820432499,
  "Minute_Fluctuation": 0.15237892676155262,
  "Minute_5": 0.000000000000557209435937451,
  "Minute_5_Fluctuation": 0.039202998141298143,
  "Minute_10": 0.000000000000546481988768119,
  "Minute_10_Fluctuation": 0.020220894187281308,
  "Hour": 0.000000000000537318082585147,
  "Hour_Fluctuation": 0.0034586146406847119,
  "Day": 0.000000000000535538194608393,
  "Day_Fluctuation": 0.00018813117049022376,
  "Week": 0.000000000000535471716529673,
  "Week_Fluctuation": 0.22280427001988656,
  "Updated": "2018-04-22T11:01:06.3033141Z"
}
