{
  "Live": 0.00000000000446561,
  "Minute": 0.00000000000385954397670401,
  "Minute_Fluctuation": 0.21464341557842445,
  "Minute_5": 0.00000000000336399199224036,
  "Minute_5_Fluctuation": 0.059441488846818491,
  "Minute_10": 0.00000000000329362406971492,
  "Minute_10_Fluctuation": 0.030863661774305572,
  "Hour": 0.00000000000322965531591554,
  "Hour_Fluctuation": 0.0053209279847318972,
  "Day": 0.00000000000322163963092581,
  "Day_Fluctuation": 0.00026575032524562604,
  "Week": 0.00000000000322137990411343,
  "Week_Fluctuation": 0.22281521403084362,
  "Updated": "2018-04-22T11:01:04.4373781Z"
}
