{
  "Live": 0.00000034079527879,
  "Minute": 0.000000348195277452252,
  "Minute_Fluctuation": 0.050651702387686508,
  "Minute_5": 0.000000353782745370424,
  "Minute_5_Fluctuation": 0.015507954903564053,
  "Minute_10": 0.00000035457828952877,
  "Minute_10_Fluctuation": 0.008116029320488832,
  "Hour": 0.000000354977619240125,
  "Hour_Fluctuation": 0.0013958076031726605,
  "Day": 0.000000355377663565242,
  "Day_Fluctuation": 0.00010234908592064891,
  "Week": 0.00000035539550908506,
  "Week_Fluctuation": 0.22279702998291456,
  "Updated": "2018-04-22T11:01:03.1155027Z"
}
