{
  "Live": 0.00000000000000148,
  "Minute": 0.000000000000001590712174136,
  "Minute_Fluctuation": 0.088523902067757634,
  "Minute_5": 0.0000000000000016755078722429,
  "Minute_5_Fluctuation": 0.025068877521179107,
  "Minute_10": 0.0000000000000016875792914604,
  "Minute_10_Fluctuation": 0.013023686010361033,
  "Hour": 0.0000000000000016965632185467,
  "Hour_Fluctuation": 0.0022321541409187884,
  "Day": 0.0000000000000016998429092028,
  "Day_Fluctuation": 0.0001371607018616898,
  "Week": 0.0000000000000016999792094456,
  "Week_Fluctuation": 0.22279691558365086,
  "Updated": "2018-04-22T11:01:03.5036737Z"
}
