{
  "Live": 0.0000000000645912161158984,
  "Minute": 0.0000000000645912161158984,
  "Minute_Fluctuation": 0.0,
  "Minute_5": 0.0000000000645912161158984,
  "Minute_5_Fluctuation": 0.0,
  "Minute_10": 0.0000000000645912161158984,
  "Minute_10_Fluctuation": 0.0,
  "Hour": 0.0000000000645912161158984,
  "Hour_Fluctuation": 0.027031606164976137,
  "Day": 0.0000000000652123089545026,
  "Day_Fluctuation": 0.014067741942379301,
  "Week": 0.0000000000645912161158984,
  "Week_Fluctuation": 0.22568072175407458,
  "Updated": "2018-04-22T11:00:29.3583856Z"
}
