{
  "Live": 0.0000000370675338904075,
  "Minute": 0.0000000370675338904075,
  "Minute_Fluctuation": 0.0,
  "Minute_5": 0.0000000370675338904075,
  "Minute_5_Fluctuation": 0.0,
  "Minute_10": 0.0000000370675338904075,
  "Minute_10_Fluctuation": 0.0,
  "Hour": 0.0000000370675338904075,
  "Hour_Fluctuation": 0.030139702699313677,
  "Day": 0.0000000370014281978118,
  "Day_Fluctuation": 0.025145821756285314,
  "Week": 0.0000000370675338904075,
  "Week_Fluctuation": 0.22995963561226443,
  "Updated": "2018-04-22T11:00:29.4933954Z"
}
