{
  "Live": 0.00000000000858579467052084,
  "Minute": 0.00000000000858579467052084,
  "Minute_Fluctuation": 0.0,
  "Minute_5": 0.00000000000858579467052084,
  "Minute_5_Fluctuation": 0.0,
  "Minute_10": 0.00000000000858579467052084,
  "Minute_10_Fluctuation": 0.0,
  "Hour": 0.00000000000858579467052084,
  "Hour_Fluctuation": 0.013057396712284428,
  "Day": 0.00000000000859816718573612,
  "Day_Fluctuation": 0.028886226171237116,
  "Week": 0.00000000000858579467052084,
  "Week_Fluctuation": 0.22992919716674717,
  "Updated": "2018-04-22T11:00:29.4036064Z"
}
