{
  "Live": 0.0000000000162814763666066,
  "Minute": 0.0000000000162814763666066,
  "Minute_Fluctuation": 0.0,
  "Minute_5": 0.0000000000162814763666066,
  "Minute_5_Fluctuation": 0.0,
  "Minute_10": 0.0000000000162814763666066,
  "Minute_10_Fluctuation": 0.0,
  "Hour": 0.0000000000162814763666066,
  "Hour_Fluctuation": 0.17647773488294247,
  "Day": 0.0000000000154698849048055,
  "Day_Fluctuation": 0.071984022199611072,
  "Week": 0.0000000000162814763666066,
  "Week_Fluctuation": 0.23600840896060976,
  "Updated": "2018-04-22T11:00:29.4338422Z"
}
