{
  "Live": 0.0000000000197711961722349,
  "Minute": 0.0000000000197711961722349,
  "Minute_Fluctuation": 0.0,
  "Minute_5": 0.0000000000197711961722349,
  "Minute_5_Fluctuation": 0.0,
  "Minute_10": 0.0000000000197711961722349,
  "Minute_10_Fluctuation": 0.0,
  "Hour": 0.0000000000197711961722349,
  "Hour_Fluctuation": 0.056552094369648045,
  "Day": 0.0000000000195582625202263,
  "Day_Fluctuation": 0.036696113850574294,
  "Week": 0.0000000000197711961722349,
  "Week_Fluctuation": 0.23191404266475968,
  "Updated": "2018-04-22T11:00:29.463474Z"
}
