{
  "Live": 0.000000000010945,
  "Minute": 0.0000000000124022266280614,
  "Minute_Fluctuation": 0.1927369559945569,
  "Minute_5": 0.0000000000147710876089747,
  "Minute_5_Fluctuation": 0.038547391198911374,
  "Minute_10": 0.0000000000150671952315888,
  "Minute_10_Fluctuation": 0.019273695599455687,
  "Hour": 0.0000000000153139515837673,
  "Hour_Fluctuation": 0.015200308136862808,
  "Day": 0.0000000000155128672742103,
  "Day_Fluctuation": 0.032001483063825352,
  "Week": 0.0000000000153630090966409,
  "Week_Fluctuation": 0.23076600436015057,
  "Updated": "2018-04-22T11:01:09.7930007Z"
}
