{
  "Live": 0.0000000000196413,
  "Minute": 0.000000000019122591023206,
  "Minute_Fluctuation": 0.072073865086379391,
  "Minute_5": 0.0000000000180941252874817,
  "Minute_5_Fluctuation": 0.014414773017275877,
  "Minute_10": 0.0000000000179655670705161,
  "Minute_10_Fluctuation": 0.0072073865086379387,
  "Hour": 0.0000000000178584352230449,
  "Hour_Fluctuation": 0.028917228853625253,
  "Day": 0.0000000000179643305646145,
  "Day_Fluctuation": 0.010953940347432797,
  "Week": 0.0000000000178371363914643,
  "Week_Fluctuation": 0.22592466547443735,
  "Updated": "2018-04-22T11:01:12.6203867Z"
}
