{
  "Live": 0.0000000000047561,
  "Minute": 0.00000000000474838127057858,
  "Minute_Fluctuation": 0.0038766712405785726,
  "Minute_5": 0.00000000000473371180877052,
  "Minute_5_Fluctuation": 0.00077533424811571452,
  "Minute_10": 0.00000000000473187812604452,
  "Minute_10_Fluctuation": 0.00038766712405785726,
  "Hour": 0.00000000000473035005710618,
  "Hour_Fluctuation": 0.25050581331568567,
  "Day": 0.00000000000500574288727155,
  "Day_Fluctuation": 0.10548317158960961,
  "Week": 0.0000000000047300462624482,
  "Week_Fluctuation": 0.24631972941550237,
  "Updated": "2018-04-22T11:01:12.0364863Z"
}
