{
  "Live": 0.00000000000546255,
  "Minute": 0.00000000000532971082098744,
  "Minute_Fluctuation": 0.062241442669461966,
  "Minute_5": 0.0000000000050798776834848,
  "Minute_5_Fluctuation": 0.012448288533892392,
  "Minute_10": 0.00000000000504864854129697,
  "Minute_10_Fluctuation": 0.0062241442669461961,
  "Hour": 0.00000000000502262425614044,
  "Hour_Fluctuation": 0.069159954954186073,
  "Day": 0.00000000000482772236593808,
  "Day_Fluctuation": 0.079792581852446531,
  "Week": 0.00000000000501745038040099,
  "Week_Fluctuation": 0.23873832910410828,
  "Updated": "2018-04-22T11:01:11.889671Z"
}
