{
  "Live": 0.00000000000046765,
  "Minute": 0.000000000000496562864035941,
  "Minute_Fluctuation": 0.1039399412840419,
  "Minute_5": 0.000000000000542642556511636,
  "Minute_5_Fluctuation": 0.02078798825680838,
  "Minute_10": 0.000000000000548402518071098,
  "Minute_10_Fluctuation": 0.01039399412840419,
  "Hour": 0.000000000000553202486037316,
  "Hour_Fluctuation": 0.034632267472114196,
  "Day": 0.000000000000556596939876192,
  "Day_Fluctuation": 0.024904109753881413,
  "Week": 0.000000000000554156765382981,
  "Week_Fluctuation": 0.23371049822518347,
  "Updated": "2018-04-22T11:01:09.500198Z"
}
