{
  "Live": 0.0000000000095719,
  "Minute": 0.00000000000936542288415508,
  "Minute_Fluctuation": 0.044528787817853792,
  "Minute_5": 0.00000000000904602073206754,
  "Minute_5_Fluctuation": 0.00890575756357076,
  "Minute_10": 0.0000000000090060954630566,
  "Minute_10_Fluctuation": 0.00445287878178538,
  "Hour": 0.00000000000897282440554749,
  "Hour_Fluctuation": 0.025367534254368166,
  "Day": 0.00000000000911842692122691,
  "Day_Fluctuation": 0.023277433856555233,
  "Week": 0.00000000000896620980244746,
  "Week_Fluctuation": 0.22770308287960112,
  "Updated": "2018-04-22T11:01:09.0568963Z"
}
