{
  "Live": 0.00000000000026714755,
  "Minute": 0.000000000000253443731508826,
  "Minute_Fluctuation": 0.13901848052515228,
  "Minute_5": 0.000000000000228697258607535,
  "Minute_5_Fluctuation": 0.027803696105030456,
  "Minute_10": 0.000000000000225603949494873,
  "Minute_10_Fluctuation": 0.013901848052515228,
  "Hour": 0.000000000000223026191900989,
  "Hour_Fluctuation": 0.025738441049271029,
  "Day": 0.000000000000223973688265817,
  "Day_Fluctuation": 0.039776747468534907,
  "Week": 0.000000000000222513709141252,
  "Week_Fluctuation": 0.23280469812707424,
  "Updated": "2018-04-22T11:01:11.3160772Z"
}
