{
  "Live": 0.0000000000001791,
  "Minute": 0.000000000000175668435204301,
  "Minute_Fluctuation": 0.044713487527552234,
  "Minute_5": 0.000000000000169653581577719,
  "Minute_5_Fluctuation": 0.0089426975055104472,
  "Minute_10": 0.000000000000168901724874397,
  "Minute_10_Fluctuation": 0.0044713487527552236,
  "Hour": 0.000000000000168275177621628,
  "Hour_Fluctuation": 0.050521728526853327,
  "Day": 0.000000000000164534152589673,
  "Day_Fluctuation": 0.035122134819155257,
  "Week": 0.000000000000168150614060661,
  "Week_Fluctuation": 0.229881406968363,
  "Updated": "2018-04-22T11:01:10.8835944Z"
}
