{
  "Live": 0.0000000000002189,
  "Minute": 0.000000000000263846173705953,
  "Minute_Fluctuation": 0.2838307108737953,
  "Minute_5": 0.00000000000034749974353234,
  "Minute_5_Fluctuation": 0.056766142174759067,
  "Minute_10": 0.000000000000357956439760639,
  "Minute_10_Fluctuation": 0.028383071087379533,
  "Hour": 0.000000000000366670353284221,
  "Hour_Fluctuation": 0.11613415213638488,
  "Day": 0.000000000000371327999918132,
  "Day_Fluctuation": 0.047872930137710212,
  "Week": 0.000000000000368402762282361,
  "Week_Fluctuation": 0.23291601277575705,
  "Updated": "2018-04-22T11:01:11.7445508Z"
}
