{
  "Live": 0.00000000005391905,
  "Minute": 0.0000000000521210176229818,
  "Minute_Fluctuation": 0.096836259235818567,
  "Minute_5": 0.0000000000484397356947639,
  "Minute_5_Fluctuation": 0.019367251847163713,
  "Minute_10": 0.0000000000479795754537366,
  "Minute_10_Fluctuation": 0.0096836259235818564,
  "Hour": 0.0000000000475961085862139,
  "Hour_Fluctuation": 0.011172305259274581,
  "Day": 0.0000000000480293178898293,
  "Day_Fluctuation": 0.030872150053400237,
  "Week": 0.000000000047519871720885,
  "Week_Fluctuation": 0.22970079891217082,
  "Updated": "2018-04-22T11:01:13.0556669Z"
}
