{
  "Live": 0.00000000001356185,
  "Minute": 0.000000000011975632042256,
  "Minute_Fluctuation": 0.49643486435019213,
  "Minute_5": 0.00000000000879734668682261,
  "Minute_5_Fluctuation": 0.099286972870038431,
  "Minute_10": 0.00000000000840006101739344,
  "Minute_10_Fluctuation": 0.049643486435019216,
  "Hour": 0.00000000000806898962620247,
  "Hour_Fluctuation": 0.1893867675271336,
  "Day": 0.00000000000854323436464288,
  "Day_Fluctuation": 0.1022780027711558,
  "Week": 0.00000000000800316948057283,
  "Week_Fluctuation": 0.25048176655461735,
  "Updated": "2018-04-22T11:01:12.7648976Z"
}
