{
  "Live": 0.0000000397308584054856,
  "Minute": 0.0000000397308584054856,
  "Minute_Fluctuation": 0.0,
  "Minute_5": 0.0000000397308584054856,
  "Minute_5_Fluctuation": 0.0,
  "Minute_10": 0.0000000397308584054856,
  "Minute_10_Fluctuation": 0.0,
  "Hour": 0.0000000397308584054856,
  "Hour_Fluctuation": 0.01986394558202239,
  "Day": 0.0000000388148142183136,
  "Day_Fluctuation": 0.035613115893534275,
  "Week": 0.0000000397308584054856,
  "Week_Fluctuation": 0.23095247808372221,
  "Updated": "2018-04-22T11:00:29.9431606Z"
}
