{
  "Live": 0.000000000000398,
  "Minute": 0.000000000000983341943113288,
  "Minute_Fluctuation": 0.58829089804014434,
  "Minute_5": 0.00000000000210741933084335,
  "Minute_5_Fluctuation": 0.11765817960802886,
  "Minute_10": 0.00000000000224792900430961,
  "Minute_10_Fluctuation": 0.058829089804014432,
  "Hour": 0.00000000000236502039886483,
  "Hour_Fluctuation": 0.065291800961118071,
  "Day": 0.00000000000243209917926719,
  "Day_Fluctuation": 0.077980992527690085,
  "Week": 0.00000000000238829928325854,
  "Week_Fluctuation": 0.24202463567272689,
  "Updated": "2018-04-22T11:01:12.1802308Z"
}
