{
  "Live": 0.0000000000070844,
  "Minute": 0.00000000000787688696084,
  "Minute_Fluctuation": 0.18208665101493623,
  "Minute_5": 0.00000000000927975044891227,
  "Minute_5_Fluctuation": 0.03641733020298725,
  "Minute_10": 0.00000000000945510838492131,
  "Minute_10_Fluctuation": 0.018208665101493625,
  "Hour": 0.00000000000960123999826217,
  "Hour_Fluctuation": 0.030887002267435883,
  "Day": 0.000000000009585253801747,
  "Day_Fluctuation": 0.026891071900248979,
  "Week": 0.00000000000963029235472398,
  "Week_Fluctuation": 0.22947187958380694,
  "Updated": "2018-04-22T11:01:11.0261789Z"
}
