{
  "Live": 0.00000000134945764424241,
  "Minute": 0.00000000134945764424241,
  "Minute_Fluctuation": 0.0,
  "Minute_5": 0.00000000134945764424241,
  "Minute_5_Fluctuation": 0.0,
  "Minute_10": 0.00000000134945764424241,
  "Minute_10_Fluctuation": 0.0,
  "Hour": 0.00000000134945764424241,
  "Hour_Fluctuation": 0.043352799163549678,
  "Day": 0.00000000136200797020092,
  "Day_Fluctuation": 0.028681764197935909,
  "Week": 0.00000000134945764424241,
  "Week_Fluctuation": 0.23029981029434171,
  "Updated": "2018-04-22T11:00:30.2123414Z"
}
