{
  "Live": 0.000000000000156961724957304,
  "Minute": 0.000000000000156961724957304,
  "Minute_Fluctuation": 0.0,
  "Minute_5": 0.000000000000156961724957304,
  "Minute_5_Fluctuation": 0.0,
  "Minute_10": 0.000000000000156961724957304,
  "Minute_10_Fluctuation": 0.0,
  "Hour": 0.000000000000156961724957304,
  "Hour_Fluctuation": 0.14063834507515807,
  "Day": 0.000000000000158363584032144,
  "Day_Fluctuation": 0.031364517584017843,
  "Week": 0.000000000000156961724957304,
  "Week_Fluctuation": 0.22965577251805994,
  "Updated": "2018-04-22T11:00:30.1219702Z"
}
