{
  "Live": 0.0000000000019323908026884,
  "Minute": 0.0000000000019323908026884,
  "Minute_Fluctuation": 0.0,
  "Minute_5": 0.0000000000019323908026884,
  "Minute_5_Fluctuation": 0.0,
  "Minute_10": 0.0000000000019323908026884,
  "Minute_10_Fluctuation": 0.0,
  "Hour": 0.0000000000019323908026884,
  "Hour_Fluctuation": 0.32295889653031423,
  "Day": 0.00000000000185100126626236,
  "Day_Fluctuation": 0.10781700474911955,
  "Week": 0.0000000000019323908026884,
  "Week_Fluctuation": 0.24693121501557252,
  "Updated": "2018-04-22T11:00:30.300887Z"
}
