{
  "Live": 0.00000000000108522395560548,
  "Minute": 0.00000000000108522395560548,
  "Minute_Fluctuation": 0.0,
  "Minute_5": 0.00000000000108522395560548,
  "Minute_5_Fluctuation": 0.0,
  "Minute_10": 0.00000000000108522395560548,
  "Minute_10_Fluctuation": 0.0,
  "Hour": 0.00000000000108522395560548,
  "Hour_Fluctuation": 0.0055409056133757881,
  "Day": 0.00000000000109883498464141,
  "Day_Fluctuation": 0.029370355714412513,
  "Week": 0.00000000000108522395560548,
  "Week_Fluctuation": 0.23115363964256877,
  "Updated": "2018-04-22T11:00:30.2560489Z"
}
