{
  "Live": 0.0000000000000004943339818398,
  "Minute": 0.0000000000000004943339818398,
  "Minute_Fluctuation": 0.0,
  "Minute_5": 0.0000000000000004943339818398,
  "Minute_5_Fluctuation": 0.0,
  "Minute_10": 0.0000000000000004943339818398,
  "Minute_10_Fluctuation": 0.0,
  "Hour": 0.0000000000000004943339818398,
  "Hour_Fluctuation": 0.045070081999448737,
  "Day": 0.0000000000000005086513411699,
  "Day_Fluctuation": 0.073840522645553144,
  "Week": 0.0000000000000004943339818398,
  "Week_Fluctuation": 0.23877576497868092,
  "Updated": "2018-04-22T11:00:29.9867335Z"
}
