{
  "Live": 0.0000000000206413537015357,
  "Minute": 0.0000000000206413537015357,
  "Minute_Fluctuation": 0.0,
  "Minute_5": 0.0000000000206413537015357,
  "Minute_5_Fluctuation": 0.0,
  "Minute_10": 0.0000000000206413537015357,
  "Minute_10_Fluctuation": 0.0,
  "Hour": 0.0000000000206413537015357,
  "Hour_Fluctuation": 0.017592901269482018,
  "Day": 0.0000000000204692670032569,
  "Day_Fluctuation": 0.029852504355326121,
  "Week": 0.0000000000206413537015357,
  "Week_Fluctuation": 0.23136723650844293,
  "Updated": "2018-04-22T11:00:30.3765469Z"
}
