{
  "Live": 0.0000000770773851533294,
  "Minute": 0.0000000770773851533294,
  "Minute_Fluctuation": 0.0,
  "Minute_5": 0.0000000770773851533294,
  "Minute_5_Fluctuation": 0.0,
  "Minute_10": 0.0000000770773851533294,
  "Minute_10_Fluctuation": 0.0,
  "Hour": 0.0000000770773851533294,
  "Hour_Fluctuation": 0.023368274399086494,
  "Day": 0.0000000768032788002276,
  "Day_Fluctuation": 0.01630048548079787,
  "Week": 0.0000000770773851533294,
  "Week_Fluctuation": 0.22777299459693917,
  "Updated": "2018-04-22T11:00:30.2263126Z"
}
