{
  "Live": 0.0000000000189189194444571,
  "Minute": 0.0000000000189189194444571,
  "Minute_Fluctuation": 0.0,
  "Minute_5": 0.0000000000189189194444571,
  "Minute_5_Fluctuation": 0.0,
  "Minute_10": 0.0000000000189189194444571,
  "Minute_10_Fluctuation": 0.0,
  "Hour": 0.0000000000189189194444571,
  "Hour_Fluctuation": 0.03135410805811667,
  "Day": 0.0000000000194517181776557,
  "Day_Fluctuation": 0.047773102018896771,
  "Week": 0.0000000000189189194444571,
  "Week_Fluctuation": 0.23463753862611222,
  "Updated": "2018-04-22T11:00:30.0330474Z"
}
