{
  "Live": 0.000000000144082133000781,
  "Minute": 0.000000000144082133000781,
  "Minute_Fluctuation": 0.0,
  "Minute_5": 0.000000000144082133000781,
  "Minute_5_Fluctuation": 0.0,
  "Minute_10": 0.000000000144082133000781,
  "Minute_10_Fluctuation": 0.0,
  "Hour": 0.000000000144082133000781,
  "Hour_Fluctuation": 0.12964253354564712,
  "Day": 0.000000000144480546880858,
  "Day_Fluctuation": 0.027588606999554139,
  "Week": 0.000000000144082133000781,
  "Week_Fluctuation": 0.23084706384212261,
  "Updated": "2018-04-22T11:00:30.1386088Z"
}
