{
  "Live": 0.00000000000742319393777793,
  "Minute": 0.00000000000742319393777793,
  "Minute_Fluctuation": 0.0,
  "Minute_5": 0.00000000000742319393777793,
  "Minute_5_Fluctuation": 0.0,
  "Minute_10": 0.00000000000742319393777793,
  "Minute_10_Fluctuation": 0.0,
  "Hour": 0.00000000000742319393777793,
  "Hour_Fluctuation": 0.042638660339930634,
  "Day": 0.00000000000738796636116155,
  "Day_Fluctuation": 0.030775805753916804,
  "Week": 0.00000000000742319393777793,
  "Week_Fluctuation": 0.23095987329793907,
  "Updated": "2018-04-22T11:00:30.0030019Z"
}
