{
  "Live": 0.000000000000263008163991673,
  "Minute": 0.000000000000263008163991673,
  "Minute_Fluctuation": 0.0,
  "Minute_5": 0.000000000000263008163991673,
  "Minute_5_Fluctuation": 0.0,
  "Minute_10": 0.000000000000263008163991673,
  "Minute_10_Fluctuation": 0.0,
  "Hour": 0.000000000000263008163991673,
  "Hour_Fluctuation": 0.0027333537558262406,
  "Day": 0.000000000000265679442163206,
  "Day_Fluctuation": 0.02695388946334738,
  "Week": 0.000000000000263008163991673,
  "Week_Fluctuation": 0.22950051068535302,
  "Updated": "2018-04-22T11:00:30.3163682Z"
}
