{
  "Live": 0.0000000000103730683743587,
  "Minute": 0.0000000000103730683743587,
  "Minute_Fluctuation": 0.0,
  "Minute_5": 0.0000000000103730683743587,
  "Minute_5_Fluctuation": 0.0,
  "Minute_10": 0.0000000000103730683743587,
  "Minute_10_Fluctuation": 0.0,
  "Hour": 0.0000000000103730683743587,
  "Hour_Fluctuation": 0.025357278243704311,
  "Day": 0.0000000000103612349759407,
  "Day_Fluctuation": 0.019854264764971884,
  "Week": 0.0000000000103730683743587,
  "Week_Fluctuation": 0.2282818866895574,
  "Updated": "2018-04-22T11:00:30.4062399Z"
}
