{
  "Live": 0.000000000000175999132944577,
  "Minute": 0.000000000000175999132944577,
  "Minute_Fluctuation": 0.0,
  "Minute_5": 0.000000000000175999132944577,
  "Minute_5_Fluctuation": 0.0,
  "Minute_10": 0.000000000000175999132944577,
  "Minute_10_Fluctuation": 0.0,
  "Hour": 0.000000000000175999132944577,
  "Hour_Fluctuation": 0.0079442742557495061,
  "Day": 0.000000000000174079001605763,
  "Day_Fluctuation": 0.019371126769613719,
  "Week": 0.000000000000175999132944577,
  "Week_Fluctuation": 0.22794283378819752,
  "Updated": "2018-04-22T11:00:30.1532417Z"
}
