{
  "Live": 0.0000000000000286049843129606,
  "Minute": 0.0000000000000286049843129606,
  "Minute_Fluctuation": 0.0,
  "Minute_5": 0.0000000000000286049843129606,
  "Minute_5_Fluctuation": 0.0,
  "Minute_10": 0.0000000000000286049843129606,
  "Minute_10_Fluctuation": 0.0,
  "Hour": 0.0000000000000286049843129606,
  "Hour_Fluctuation": 0.10883574734635908,
  "Day": 0.0000000000000281542591075132,
  "Day_Fluctuation": 0.030376793557924272,
  "Week": 0.0000000000000286049843129606,
  "Week_Fluctuation": 0.23129611170752123,
  "Updated": "2018-04-22T11:00:29.9728727Z"
}
