{
  "Live": 0.000000000000151924487887552,
  "Minute": 0.000000000000151924487887552,
  "Minute_Fluctuation": 0.0,
  "Minute_5": 0.000000000000151924487887552,
  "Minute_5_Fluctuation": 0.0,
  "Minute_10": 0.000000000000151924487887552,
  "Minute_10_Fluctuation": 0.0,
  "Hour": 0.000000000000151924487887552,
  "Hour_Fluctuation": 0.0014407191106867942,
  "Day": 0.000000000000152375055370119,
  "Day_Fluctuation": 0.011595883948915801,
  "Week": 0.000000000000151924487887552,
  "Week_Fluctuation": 0.22635611920966758,
  "Updated": "2018-04-22T11:00:30.0634199Z"
}
