{
  "Live": 0.00000000000445496041866089,
  "Minute": 0.00000000000445496041866089,
  "Minute_Fluctuation": 0.0,
  "Minute_5": 0.00000000000445496041866089,
  "Minute_5_Fluctuation": 0.0,
  "Minute_10": 0.00000000000445496041866089,
  "Minute_10_Fluctuation": 0.0,
  "Hour": 0.00000000000445496041866089,
  "Hour_Fluctuation": 0.078932786902604857,
  "Day": 0.00000000000444545133367385,
  "Day_Fluctuation": 0.03792066494848978,
  "Week": 0.00000000000445496041866089,
  "Week_Fluctuation": 0.23284372123513494,
  "Updated": "2018-04-22T11:00:30.0925492Z"
}
