{
  "Live": 0.0000000001245816,
  "Minute": 0.0000000000208303628213401,
  "Minute_Fluctuation": 9.2866648787026254,
  "Minute_5": 0.00000000000592135967605297,
  "Minute_5_Fluctuation": 2.419120898626657,
  "Minute_10": 0.00000000000479774444529349,
  "Minute_10_Fluctuation": 1.5321506524832977,
  "Hour": 0.0000000000243897011944593,
  "Hour_Fluctuation": 1.3332440523538582,
  "Day": 0.0000000000128388841879652,
  "Day_Fluctuation": 5.1589700400702805,
  "Week": 0.00000000000219595772444663,
  "Week_Fluctuation": 2.9294757474118769,
  "Updated": "2018-04-23T03:19:53.712587Z"
}
