{
  "Live": 0.0000000000018216,
  "Minute": 0.0000000000018216,
  "Minute_Fluctuation": 0.27123906129543107,
  "Minute_5": 0.0000000000018216,
  "Minute_5_Fluctuation": 0.28186608806018176,
  "Minute_10": 0.000000000002071540106087,
  "Minute_10_Fluctuation": 0.2587171242344487,
  "Hour": 0.00000000000259716904440603,
  "Hour_Fluctuation": 0.34524667604866754,
  "Day": 0.00000000000255139981083002,
  "Day_Fluctuation": 0.4874976608963964,
  "Week": 0.00000000000254534804288407,
  "Week_Fluctuation": 0.49816106019880269,
  "Updated": "2018-04-28T01:27:57.2067598Z"
}
