{
  "Live": 0.0000000000019503,
  "Minute": 0.0000000000019503,
  "Minute_Fluctuation": 0.99509039991210724,
  "Minute_5": 0.0000000000019503,
  "Minute_5_Fluctuation": 0.99539788106248916,
  "Minute_10": 0.000000000150940123778622,
  "Minute_10_Fluctuation": 2.4737793721286194,
  "Hour": 0.000000000255839362165322,
  "Hour_Fluctuation": 0.7472621668273085,
  "Day": 0.000000000418278742708285,
  "Day_Fluctuation": 0.5019957465452517,
  "Week": 0.000000000430138884028398,
  "Week_Fluctuation": 0.500233913580578,
  "Updated": "2018-04-28T01:27:54.4582776Z"
}
