{
  "Live": 0.0000000000110578991457786,
  "Minute": 0.0000000000109688992168959,
  "Minute_Fluctuation": 0.045730207506275558,
  "Minute_5": 0.0000000000109479256233117,
  "Minute_5_Fluctuation": 0.015140903423642606,
  "Minute_10": 0.0000000000109942844606013,
  "Minute_10_Fluctuation": 0.0083036028353314986,
  "Hour": 0.0000000000110460387577957,
  "Hour_Fluctuation": 0.0022288429348596662,
  "Day": 0.0000000000110574635438839,
  "Day_Fluctuation": 0.00018746482612538436,
  "Week": 0.0000000000110578991457786,
  "Week_Fluctuation": 0.3829645457298661,
  "Updated": "2018-04-24T23:41:51.3682891Z"
}
