{
  "Live": 0.0000000000000024354,
  "Minute": 0.0000000000000025185302567019,
  "Minute_Fluctuation": 0.010687075504588573,
  "Minute_5": 0.0000000000000025307607518013,
  "Minute_5_Fluctuation": 0.00226923522452675,
  "Minute_10": 0.0000000000000025322895636887,
  "Minute_10_Fluctuation": 0.0011425709581859222,
  "Hour": 0.0000000000000025333854894756,
  "Hour_Fluctuation": 0.040583702584265517,
  "Day": 0.0000000000000025558677367334,
  "Day_Fluctuation": 0.016288204636072976,
  "Week": 0.0000000000000025338168588976,
  "Week_Fluctuation": 0.22778388889736312,
  "Updated": "2018-04-22T11:00:36.6312486Z"
}
