{
  "Live": 0.0000000000189486,
  "Minute": 0.0000000000189486,
  "Minute_Fluctuation": 1.23977670080404,
  "Minute_5": 0.0000000000189486,
  "Minute_5_Fluctuation": 1.23977670080404,
  "Minute_10": 0.0000000000189486,
  "Minute_10_Fluctuation": 1.2359414894074199,
  "Hour": 0.000000000010447056787724,
  "Hour_Fluctuation": 0.24073219712624624,
  "Day": 0.00000000000911403530504868,
  "Day_Fluctuation": 0.15004730536322122,
  "Week": 0.00000000000847123552587034,
  "Week_Fluctuation": 0.23984797280490641,
  "Updated": "2018-04-23T00:03:43.1057259Z"
}
