{
  "Live": 0.000000000242627343764941,
  "Minute": 0.000000000240944439154393,
  "Minute_Fluctuation": 0.042320214023407854,
  "Minute_5": 0.000000000239203034432353,
  "Minute_5_Fluctuation": 0.030764312045509626,
  "Minute_10": 0.000000000240541684001581,
  "Minute_10_Fluctuation": 0.018795190547895028,
  "Hour": 0.000000000242222511604763,
  "Hour_Fluctuation": 0.0045249676183110876,
  "Day": 0.000000000242612364231949,
  "Day_Fluctuation": 0.00011165448447862394,
  "Week": 0.000000000242627343764941,
  "Week_Fluctuation": 0.38298546716495463,
  "Updated": "2018-04-24T23:41:51.6123311Z"
}
