{
  "Live": 0.0000000000000027720803038259,
  "Minute": 0.0000000000000027870802409894,
  "Minute_Fluctuation": 0.031149549250916231,
  "Minute_5": 0.0000000000000027975358261282,
  "Minute_5_Fluctuation": 0.013994631896425271,
  "Minute_10": 0.0000000000000027873028842965,
  "Minute_10_Fluctuation": 0.0077071921817314006,
  "Hour": 0.0000000000000027749938268521,
  "Hour_Fluctuation": 0.0011436329674282613,
  "Day": 0.0000000000000027721878326823,
  "Day_Fluctuation": 0.00015309836916451138,
  "Week": 0.0000000000000027720803038259,
  "Week_Fluctuation": 0.38296662472220372,
  "Updated": "2018-04-24T23:41:51.3505837Z"
}
