{
  "Live": 0.0000000002950497,
  "Minute": 0.0000000000410543927837407,
  "Minute_Fluctuation": 18.192566032673923,
  "Minute_5": 0.00000000000999308690388764,
  "Minute_5_Fluctuation": 4.0756799843673575,
  "Minute_10": 0.00000000000614590641173053,
  "Minute_10_Fluctuation": 2.3113215303798529,
  "Hour": 0.00000000000842064442935972,
  "Hour_Fluctuation": 1.1495271020028612,
  "Day": 0.0000000000123866118330431,
  "Day_Fluctuation": 4.8936101048552256,
  "Week": 0.00000000000223161228237179,
  "Week_Fluctuation": 2.9175252534464993,
  "Updated": "2018-04-23T04:56:36.09708Z"
}
