{
  "Live": 0.0000000000004752,
  "Minute": 0.0000000000005380384409828,
  "Minute_Fluctuation": 0.033437461907585252,
  "Minute_5": 0.000000000000543157856213502,
  "Minute_5_Fluctuation": 0.0069510060716708663,
  "Minute_10": 0.000000000000543398212697314,
  "Minute_10_Fluctuation": 0.0041005690771929344,
  "Hour": 0.000000000000543345434404784,
  "Hour_Fluctuation": 0.0064990065705298229,
  "Day": 0.000000000000544169807668912,
  "Day_Fluctuation": 0.14939531891934574,
  "Week": 0.000000000000544437075173058,
  "Week_Fluctuation": 0.43018805760737527,
  "Updated": "2018-04-27T02:43:27.2753801Z"
}
