{
  "Live": 0.0000000001772694,
  "Minute": 0.0000000001772694,
  "Minute_Fluctuation": 1.0221343873517785,
  "Minute_5": 0.0000000001772694,
  "Minute_5_Fluctuation": 1.0221343873517785,
  "Minute_10": 0.0000000001772694,
  "Minute_10_Fluctuation": 1.0221343873517785,
  "Hour": 0.000000000143373691019083,
  "Hour_Fluctuation": 0.1151327361916528,
  "Day": 0.000000000147384856357537,
  "Day_Fluctuation": 0.02854442597596122,
  "Week": 0.00000000014644899884052,
  "Week_Fluctuation": 0.2131117832146977,
  "Updated": "2018-04-23T00:14:28.4303136Z"
}
