{
  "Live": 0.0000000000055539,
  "Minute": 0.00000000000350407359251373,
  "Minute_Fluctuation": 0.19479173531046523,
  "Minute_5": 0.00000000000308498364467415,
  "Minute_5_Fluctuation": 0.03982304203317772,
  "Minute_10": 0.0000000000030325974011942,
  "Minute_10_Fluctuation": 0.0199656619468396,
  "Hour": 0.0000000000029898779061183,
  "Hour_Fluctuation": 0.10461948121356067,
  "Day": 0.00000000000302399739661818,
  "Day_Fluctuation": 0.086019066158678256,
  "Week": 0.00000000000298026312819389,
  "Week_Fluctuation": 0.24070089009243642,
  "Updated": "2018-04-22T11:00:39.9165112Z"
}
