{
  "Live": 0.0000000000006336,
  "Minute": 0.00000000000055596605368973,
  "Minute_Fluctuation": 0.079556716793299953,
  "Minute_5": 0.00000000000054410094813842,
  "Minute_5_Fluctuation": 0.018129099237917525,
  "Minute_10": 0.000000000000542617809944507,
  "Minute_10_Fluctuation": 0.00920843000662309,
  "Hour": 0.000000000000541841655957216,
  "Hour_Fluctuation": 0.070595120635966013,
  "Day": 0.0000000000005458370362336,
  "Day_Fluctuation": 0.03218093781619321,
  "Week": 0.000000000000541136143117849,
  "Week_Fluctuation": 0.23386204073021571,
  "Updated": "2018-04-22T11:00:36.9648444Z"
}
