{
  "Live": 0.0000000000003366,
  "Minute": 0.000000000000194071547027876,
  "Minute_Fluctuation": 0.089190567837899373,
  "Minute_5": 0.000000000000181359232414521,
  "Minute_5_Fluctuation": 0.017838281459588188,
  "Minute_10": 0.000000000000179660251250988,
  "Minute_10_Fluctuation": 0.012284047211358329,
  "Hour": 0.000000000000178378731859618,
  "Hour_Fluctuation": 0.0059794379991242527,
  "Day": 0.000000000000178171756108604,
  "Day_Fluctuation": 0.15026351065583002,
  "Week": 0.000000000000178182730189085,
  "Week_Fluctuation": 0.43043780365803147,
  "Updated": "2018-04-27T02:43:27.8774837Z"
}
