{
  "Live": 0.0000000000000001188,
  "Minute": 0.000000000000000144792398451,
  "Minute_Fluctuation": 0.041578214819720724,
  "Minute_5": 0.0000000000000001477551671665,
  "Minute_5_Fluctuation": 0.0086379683337274634,
  "Minute_10": 0.000000000000000148125513256,
  "Minute_10_Fluctuation": 0.00433795619062135,
  "Hour": 0.0000000000000001484341349972,
  "Hour_Fluctuation": 0.00061539353903868087,
  "Day": 0.0000000000000001484784339825,
  "Day_Fluctuation": 0.23336279803787346,
  "Week": 0.0000000000000001484954919386,
  "Week_Fluctuation": 0.45557000280903331,
  "Updated": "2018-04-26T17:09:35.6058482Z"
}
