{
  "Live": 0.0000000000000040788,
  "Minute": 0.0000000000000031592412024198,
  "Minute_Fluctuation": 0.044163832531619963,
  "Minute_5": 0.0000000000000030634720463174,
  "Minute_5_Fluctuation": 0.0089364691648394518,
  "Minute_10": 0.0000000000000030515009018046,
  "Minute_10_Fluctuation": 0.0044745053384802952,
  "Hour": 0.0000000000000030415249480439,
  "Hour_Fluctuation": 0.0014681404118869041,
  "Day": 0.0000000000000030403779301133,
  "Day_Fluctuation": 0.23362632712209253,
  "Week": 0.0000000000000030395416334272,
  "Week_Fluctuation": 0.4556105846514108,
  "Updated": "2018-04-26T17:09:34.9467215Z"
}
