{
  "Live": 0.0000000000012078,
  "Minute": 0.0000000000012078,
  "Minute_Fluctuation": 0.59472703694824036,
  "Minute_5": 0.0000000000012078,
  "Minute_5_Fluctuation": 0.59472703694824036,
  "Minute_10": 0.0000000000012078,
  "Minute_10_Fluctuation": 0.594331020761476,
  "Hour": 0.00000000000265816138749791,
  "Hour_Fluctuation": 0.116348685307637,
  "Day": 0.0000000000029886278539808,
  "Day_Fluctuation": 0.054920395448674879,
  "Week": 0.00000000000297832373846899,
  "Week_Fluctuation": 0.22298860371070919,
  "Updated": "2018-04-23T00:03:42.3332014Z"
}
