{
  "Live": 0.0000000000475299,
  "Minute": 0.0000000000427120784827252,
  "Minute_Fluctuation": 0.022131346659120504,
  "Minute_5": 0.0000000000422042381087646,
  "Minute_5_Fluctuation": 0.0045841631326959276,
  "Minute_10": 0.0000000000421451717220604,
  "Minute_10_Fluctuation": 0.0055483343662826416,
  "Hour": 0.0000000000424093087907784,
  "Hour_Fluctuation": 0.018391823366193095,
  "Day": 0.0000000000421371622761544,
  "Day_Fluctuation": 0.15026756396858185,
  "Week": 0.0000000000420773409915112,
  "Week_Fluctuation": 0.430266881898312,
  "Updated": "2018-04-27T02:43:29.1281972Z"
}
