{
  "Live": 0.00000000002772,
  "Minute": 0.00000000002772,
  "Minute_Fluctuation": 960.69735137227644,
  "Minute_5": 0.00000000002772,
  "Minute_5_Fluctuation": 960.69735137227644,
  "Minute_10": 0.00000000002772,
  "Minute_10_Fluctuation": 431.1665517427092,
  "Hour": 0.00000000000526966236872751,
  "Hour_Fluctuation": 15.403700243363112,
  "Day": 0.000000000000269289597538316,
  "Day_Fluctuation": 4.4320575696906763,
  "Week": 0.0000000000000583743636889432,
  "Week_Fluctuation": 1.4828738931419312,
  "Updated": "2018-04-23T00:03:42.915877Z"
}
