{
  "Live": 0.0000000000016038,
  "Minute": 0.00000000000268233757503355,
  "Minute_Fluctuation": 0.69581117197233833,
  "Minute_5": 0.00000000000292065429921286,
  "Minute_5_Fluctuation": 0.74750695895359343,
  "Minute_10": 0.00000000000254854368909224,
  "Minute_10_Fluctuation": 0.75285568503830491,
  "Hour": 0.00000000000343023813518235,
  "Hour_Fluctuation": 0.35064250229547378,
  "Day": 0.00000000000302848100952349,
  "Day_Fluctuation": 0.093803516746523916,
  "Week": 0.00000000000298020392709248,
  "Week_Fluctuation": 0.24424741566422592,
  "Updated": "2018-04-22T08:33:17.9215301Z"
}
