{
  "Live": 0.0000000001429956,
  "Minute": 0.0000000001429956,
  "Minute_Fluctuation": 0.28031888390632786,
  "Minute_5": 0.0000000001429956,
  "Minute_5_Fluctuation": 0.28031888390632786,
  "Minute_10": 0.0000000001429956,
  "Minute_10_Fluctuation": 0.28031888390632786,
  "Hour": 0.0000000000562334826339631,
  "Hour_Fluctuation": 16.248957676781934,
  "Day": 0.00000000000299514348773263,
  "Day_Fluctuation": 4.5309397471585635,
  "Week": 0.000000000000631095140832763,
  "Week_Fluctuation": 1.4746611503738407,
  "Updated": "2018-04-23T00:14:29.0092365Z"
}
