{
  "Live": 0.0000000000005544,
  "Minute": 0.0000000000005544,
  "Minute_Fluctuation": 0.023353105475637407,
  "Minute_5": 0.0000000000005544,
  "Minute_5_Fluctuation": 0.019077742503116772,
  "Minute_10": 0.000000000000550846052221882,
  "Minute_10_Fluctuation": 0.099401316648779076,
  "Hour": 0.000000000000540242127817742,
  "Hour_Fluctuation": 0.18066701499798979,
  "Day": 0.000000000000545110631749459,
  "Day_Fluctuation": 0.47588673524740766,
  "Week": 0.000000000000544595528977105,
  "Week_Fluctuation": 0.49646666954343949,
  "Updated": "2018-04-28T01:27:53.0374166Z"
}
