{
  "Live": 0.0000000000029007,
  "Minute": 0.0000000000029007,
  "Minute_Fluctuation": 0.99799118339268755,
  "Minute_5": 0.0000000000029007,
  "Minute_5_Fluctuation": 0.99799118339268755,
  "Minute_10": 0.0000000000029007,
  "Minute_10_Fluctuation": 0.99798881952251561,
  "Hour": 0.00000000117361276044593,
  "Hour_Fluctuation": 0.19596684595077266,
  "Day": 0.00000000135917713754149,
  "Day_Fluctuation": 0.13274346667850218,
  "Week": 0.00000000144245222761926,
  "Week_Fluctuation": 0.23376915357092409,
  "Updated": "2018-04-23T00:03:40.3145943Z"
}
