{
  "Live": 0.0000000000000001584,
  "Minute": 0.000000000000000149453491775,
  "Minute_Fluctuation": 0.012032757900169774,
  "Minute_5": 0.000000000000000148696848877,
  "Minute_5_Fluctuation": 0.002508055037447463,
  "Minute_10": 0.0000000000000001486516054296,
  "Minute_10_Fluctuation": 0.0016957014978764514,
  "Hour": 0.0000000000000001486695151202,
  "Hour_Fluctuation": 0.0045055795626324831,
  "Day": 0.0000000000000001485635468526,
  "Day_Fluctuation": 0.14893050875948022,
  "Week": 0.0000000000000001485077819822,
  "Week_Fluctuation": 0.43005289370425592,
  "Updated": "2018-04-27T02:43:27.5180454Z"
}
