{
  "Live": 0.0000000000006039,
  "Minute": 0.0000000000006039,
  "Minute_Fluctuation": 0.00052452523667877626,
  "Minute_5": 0.0000000000006039,
  "Minute_5_Fluctuation": 0.00056378870620314486,
  "Minute_10": 0.000000000000604019676358323,
  "Minute_10_Fluctuation": 0.013067938693720351,
  "Hour": 0.000000000000624757879766631,
  "Hour_Fluctuation": 0.17394468200114796,
  "Day": 0.000000000000606243705362587,
  "Day_Fluctuation": 0.47429640184703675,
  "Week": 0.000000000000604246371283608,
  "Week_Fluctuation": 0.49623105460393441,
  "Updated": "2018-04-28T01:27:56.3582108Z"
}
