{
  "Live": 0.0000000000074547,
  "Minute": 0.00000000000868159413760651,
  "Minute_Fluctuation": 0.032995077513993748,
  "Minute_5": 0.00000000000879460763351286,
  "Minute_5_Fluctuation": 0.0068550773651300488,
  "Minute_10": 0.0000000000088021720664837,
  "Minute_10_Fluctuation": 0.0043849588691648091,
  "Hour": 0.00000000000884853453222816,
  "Hour_Fluctuation": 0.0084927344440453266,
  "Day": 0.00000000000882921535943426,
  "Day_Fluctuation": 0.14967284939608547,
  "Week": 0.00000000000882284699291903,
  "Week_Fluctuation": 0.43021595008223945,
  "Updated": "2018-04-27T02:43:28.1070198Z"
}
