{
  "Live": 0.0000000123453,
  "Minute": 0.0000000144378868058556,
  "Minute_Fluctuation": 0.033028556528253053,
  "Minute_5": 0.000000014675056401949,
  "Minute_5_Fluctuation": 0.0069314454810478167,
  "Minute_10": 0.0000000147152780818202,
  "Minute_10_Fluctuation": 0.0040183438785347855,
  "Hour": 0.0000000147306079658785,
  "Hour_Fluctuation": 0.003191186240140254,
  "Day": 0.0000000147395350437762,
  "Day_Fluctuation": 0.14971410174070757,
  "Week": 0.0000000147343193900601,
  "Week_Fluctuation": 0.43021101641658827,
  "Updated": "2018-04-27T02:43:29.6062995Z"
}
