{
  "Live": 0.0000000000002178,
  "Minute": 0.0000000000002178,
  "Minute_Fluctuation": 0.050965119113577782,
  "Minute_5": 0.0000000000002178,
  "Minute_5_Fluctuation": 0.050965119113577782,
  "Minute_10": 0.0000000000002178,
  "Minute_10_Fluctuation": 0.050887833855801819,
  "Hour": 0.000000000000208998839756672,
  "Hour_Fluctuation": 0.012396028305264557,
  "Day": 0.000000000000205836454560251,
  "Day_Fluctuation": 0.01769406620955059,
  "Week": 0.000000000000207249325836991,
  "Week_Fluctuation": 0.2097769548728993,
  "Updated": "2018-04-23T00:03:40.9140775Z"
}
