{
  "Live": 0.0000000000117909,
  "Minute": 0.0000000000117909,
  "Minute_Fluctuation": 0.12556918821508176,
  "Minute_5": 0.0000000000117909,
  "Minute_5_Fluctuation": 0.12556918821508176,
  "Minute_10": 0.0000000000117909,
  "Minute_10_Fluctuation": 0.12497762158025934,
  "Hour": 0.0000000000107415798552832,
  "Hour_Fluctuation": 0.028624682831550688,
  "Day": 0.0000000000105372457495709,
  "Day_Fluctuation": 0.019753328244992794,
  "Week": 0.0000000000104768966159567,
  "Week_Fluctuation": 0.21216450926372721,
  "Updated": "2018-04-23T00:03:39.3408381Z"
}
