{
  "Live": 0.0000000000128205,
  "Minute": 0.0000000000128205,
  "Minute_Fluctuation": 0.0,
  "Minute_5": 0.0000000000128205,
  "Minute_5_Fluctuation": 0.0,
  "Minute_10": 0.0000000000128205,
  "Minute_10_Fluctuation": 0.0,
  "Hour": 0.00000000000448795239813935,
  "Hour_Fluctuation": 5.3758790067021494,
  "Day": 0.0000000000010741056604155,
  "Day_Fluctuation": 50554.204101098388,
  "Week": 0.000000000000301655408111254,
  "Week_Fluctuation": 25320.463192286777,
  "Updated": "2018-04-23T00:14:31.6090199Z"
}
