{
  "Live": 0.0000000000002178,
  "Minute": 0.00000000000019214078007556,
  "Minute_Fluctuation": 0.021489880088412766,
  "Minute_5": 0.000000000000188907097460702,
  "Minute_5_Fluctuation": 0.0042979913382759386,
  "Minute_10": 0.000000000000188502887133844,
  "Minute_10_Fluctuation": 0.0021489965951541493,
  "Hour": 0.000000000000188166045194797,
  "Hour_Fluctuation": 0.00036056240477191958,
  "Day": 0.000000000000188101236087963,
  "Day_Fluctuation": 0.23369015028845988,
  "Week": 0.000000000000188099077809295,
  "Week_Fluctuation": 0.455652261421445,
  "Updated": "2018-04-26T17:09:36.4061249Z"
}
