{
  "Live": 0.000000000000475244260385572,
  "Minute": 0.000000000000478628534810411,
  "Minute_Fluctuation": 0.03780595352065242,
  "Minute_5": 0.000000000000480539155486564,
  "Minute_5_Fluctuation": 0.014655135334319298,
  "Minute_10": 0.000000000000478404888457988,
  "Minute_10_Fluctuation": 0.0076461665252430091,
  "Hour": 0.000000000000475848508361771,
  "Hour_Fluctuation": 0.0015608808189550235,
  "Day": 0.000000000000475266557247076,
  "Day_Fluctuation": 0.00045351057155622071,
  "Week": 0.000000000000475244260385572,
  "Week_Fluctuation": 0.38302117130720215,
  "Updated": "2018-04-24T23:41:51.6493653Z"
}
