{
  "Live": 0.0000000081774,
  "Minute": 0.0000000081774,
  "Minute_Fluctuation": 0.24018281804216191,
  "Minute_5": 0.0000000081774,
  "Minute_5_Fluctuation": 0.24018281804216191,
  "Minute_10": 0.0000000081774,
  "Minute_10_Fluctuation": 0.2400729995246505,
  "Hour": 0.0000000102949341370546,
  "Hour_Fluctuation": 0.045741465029395856,
  "Day": 0.0000000107521383482355,
  "Day_Fluctuation": 0.010967697075941377,
  "Week": 0.0000000107595634405089,
  "Week_Fluctuation": 0.20969817836701765,
  "Updated": "2018-04-23T00:03:43.8950563Z"
}
