{
  "Live": 0.0000000000008811,
  "Minute": 0.0000000000008811,
  "Minute_Fluctuation": 0.65746725078042179,
  "Minute_5": 0.0000000000008811,
  "Minute_5_Fluctuation": 0.68107645671515549,
  "Minute_10": 0.00000000000154387201676037,
  "Minute_10_Fluctuation": 2.0203964178485156,
  "Hour": 0.00000000000178330473777933,
  "Hour_Fluctuation": 0.67662095407417144,
  "Day": 0.00000000000273669727386459,
  "Day_Fluctuation": 0.49982873213951989,
  "Week": 0.00000000000280906491351116,
  "Week_Fluctuation": 0.499928625674734,
  "Updated": "2018-04-28T01:27:56.7597499Z"
}
