{
  "Live": 0.0000000001708344,
  "Minute": 0.000000000150993284914659,
  "Minute_Fluctuation": 0.030824875014122184,
  "Minute_5": 0.000000000147381149237081,
  "Minute_5_Fluctuation": 0.0061649750028244374,
  "Minute_10": 0.000000000146929632277384,
  "Minute_10_Fluctuation": 0.0030824875014122187,
  "Hour": 0.000000000146553368144303,
  "Hour_Fluctuation": 0.030336788472852271,
  "Day": 0.000000000148711046473475,
  "Day_Fluctuation": 0.034161394769855621,
  "Week": 0.000000000146478563251179,
  "Week_Fluctuation": 0.23031656172038126,
  "Updated": "2018-04-22T11:00:38.6601465Z"
}
