{
  "Live": 0.0000000000221067,
  "Minute": 0.0000000000221067,
  "Minute_Fluctuation": 0.053798961774422047,
  "Minute_5": 0.0000000000221067,
  "Minute_5_Fluctuation": 0.053798961774422047,
  "Minute_10": 0.0000000000221067,
  "Minute_10_Fluctuation": 0.053798961774422047,
  "Hour": 0.0000000000212502260294859,
  "Hour_Fluctuation": 0.018685346879189567,
  "Day": 0.0000000000212307027686522,
  "Day_Fluctuation": 0.031540998203333052,
  "Week": 0.000000000020958376729718,
  "Week_Fluctuation": 0.2143467324596621,
  "Updated": "2018-04-23T00:14:27.093496Z"
}
