{
  "Live": 0.0000000000143253,
  "Minute": 0.00000000000218002106627736,
  "Minute_Fluctuation": 11.623684303547755,
  "Minute_5": 0.000000000000583481986788372,
  "Minute_5_Fluctuation": 2.8755509539054294,
  "Minute_10": 0.000000000000389194234675223,
  "Minute_10_Fluctuation": 1.7673826005882289,
  "Hour": 0.000000000000749330378479012,
  "Hour_Fluctuation": 1.2435034207804585,
  "Day": 0.000000000000998644707639172,
  "Day_Fluctuation": 5.1512819037595126,
  "Week": 0.000000000000184545200432926,
  "Week_Fluctuation": 2.6950950490652921,
  "Updated": "2018-04-23T04:56:36.7572186Z"
}
