{
  "Live": 0.0000000002542914,
  "Minute": 0.00000000022425035876817,
  "Minute_Fluctuation": 0.094157158127607443,
  "Minute_5": 0.000000000220358352007346,
  "Minute_5_Fluctuation": 0.021855862960143226,
  "Minute_10": 0.000000000219871851162243,
  "Minute_10_Fluctuation": 0.011128309070144254,
  "Hour": 0.000000000219466433791324,
  "Hour_Fluctuation": 0.010954322682732201,
  "Day": 0.000000000219644120532198,
  "Day_Fluctuation": 0.23559924899706317,
  "Week": 0.000000000219385832956867,
  "Week_Fluctuation": 0.45598294662593158,
  "Updated": "2018-04-26T17:09:36.6745189Z"
}
