{
  "Live": 0.0000000000163647,
  "Minute": 0.000000000020307339869944,
  "Minute_Fluctuation": 0.053809118515492492,
  "Minute_5": 0.0000000000208133406505814,
  "Minute_5_Fluctuation": 0.01125138806912384,
  "Minute_10": 0.0000000000208637708444662,
  "Minute_10_Fluctuation": 0.00742278410602591,
  "Hour": 0.0000000000206932639587137,
  "Hour_Fluctuation": 0.041678392549567747,
  "Day": 0.0000000000210775461329869,
  "Day_Fluctuation": 0.034319755913874324,
  "Week": 0.000000000020939778097628,
  "Week_Fluctuation": 0.21131272523988487,
  "Updated": "2018-04-23T03:19:52.6682515Z"
}
