{
  "Live": 0.0000000000515884573643166,
  "Minute": 0.000000000051683862505891,
  "Minute_Fluctuation": 0.0098218919530332245,
  "Minute_5": 0.0000000000517421262185663,
  "Minute_5_Fluctuation": 0.0050783056038611061,
  "Minute_10": 0.0000000000516806638947389,
  "Minute_10_Fluctuation": 0.002910746263485274,
  "Hour": 0.0000000000516061580775086,
  "Hour_Fluctuation": 0.00076011923842297046,
  "Day": 0.0000000000515891110239688,
  "Day_Fluctuation": 7.137251515099114E-05,
  "Week": 0.0000000000515884573643166,
  "Week_Fluctuation": 0.38294986990713725,
  "Updated": "2018-04-24T23:41:51.8107901Z"
}
