{
  "Live": 0.0000000000170577,
  "Minute": 0.00000000000657597606506822,
  "Minute_Fluctuation": 0.51344941799685451,
  "Minute_5": 0.00000000000499738615819459,
  "Minute_5_Fluctuation": 0.10694255449808911,
  "Minute_10": 0.00000000000480961579961939,
  "Minute_10_Fluctuation": 0.055892544683357047,
  "Hour": 0.0000000000047484332473396,
  "Hour_Fluctuation": 0.10301700150010261,
  "Day": 0.00000000000473464572430729,
  "Day_Fluctuation": 0.075734415616184089,
  "Week": 0.00000000000460293443915312,
  "Week_Fluctuation": 0.22271344282350131,
  "Updated": "2018-04-23T03:19:54.1758206Z"
}
