{
  "Live": 0.0000000000254529,
  "Minute": 0.00000000002019589934778,
  "Minute_Fluctuation": 0.051549206936533629,
  "Minute_5": 0.0000000000194343025329526,
  "Minute_5_Fluctuation": 0.010370833270724574,
  "Minute_10": 0.0000000000193391029310992,
  "Minute_10_Fluctuation": 0.0051891271883010943,
  "Hour": 0.0000000000192597699295547,
  "Hour_Fluctuation": 0.0026843440399911705,
  "Day": 0.0000000000192415259735202,
  "Day_Fluctuation": 0.23431584940169192,
  "Week": 0.0000000000192439977732953,
  "Week_Fluctuation": 0.45572105659998741,
  "Updated": "2018-04-26T17:09:37.6981815Z"
}
