{
  "Live": 0.0000000000002772,
  "Minute": 0.000000000000331159535373204,
  "Minute_Fluctuation": 0.45033251992156942,
  "Minute_5": 0.00000000000034293501088483,
  "Minute_5_Fluctuation": 0.50527556770934512,
  "Minute_10": 0.000000000000307527776982918,
  "Minute_10_Fluctuation": 0.45507196899628694,
  "Hour": 0.000000000000319294226201341,
  "Hour_Fluctuation": 0.10075523955346909,
  "Day": 0.00000000000034112915784043,
  "Day_Fluctuation": 0.034146867324504108,
  "Week": 0.000000000000345877419510317,
  "Week_Fluctuation": 0.23423081811774379,
  "Updated": "2018-04-22T08:33:17.7789212Z"
}
