{
  "Live": 0.0000000000209781,
  "Minute": 0.0000000000209781,
  "Minute_Fluctuation": 0.0010009614563624794,
  "Minute_5": 0.0000000000209781,
  "Minute_5_Fluctuation": 0.0010009614563624794,
  "Minute_10": 0.0000000000209781,
  "Minute_10_Fluctuation": 0.00064256763990470456,
  "Hour": 0.0000000000210622061199675,
  "Hour_Fluctuation": 0.011900715243553317,
  "Day": 0.0000000000212240827515975,
  "Day_Fluctuation": 0.031465089564651723,
  "Week": 0.0000000000209571449915025,
  "Week_Fluctuation": 0.21451781229190306,
  "Updated": "2018-04-23T00:03:39.0555446Z"
}
