{
  "Live": 0.0000000000003267,
  "Minute": 0.000000000000197812215269778,
  "Minute_Fluctuation": 0.160359145513576,
  "Minute_5": 0.000000000000182104537916035,
  "Minute_5_Fluctuation": 0.032792710346262126,
  "Minute_10": 0.000000000000180141078246817,
  "Minute_10_Fluctuation": 0.016436728861635289,
  "Hour": 0.000000000000178504861855802,
  "Hour_Fluctuation": 0.0019906972682156789,
  "Day": 0.000000000000178134638422548,
  "Day_Fluctuation": 0.23523736326979433,
  "Week": 0.000000000000178179566454255,
  "Week_Fluctuation": 0.45595867662416667,
  "Updated": "2018-04-26T17:09:36.1310148Z"
}
