{
  "Live": 0.0000000000080982,
  "Minute": 0.00000000000766384719479813,
  "Minute_Fluctuation": 0.014281856616537421,
  "Minute_5": 0.00000000000761905917591471,
  "Minute_5_Fluctuation": 0.0030443600825874983,
  "Minute_10": 0.00000000000761354478132352,
  "Minute_10_Fluctuation": 0.0019339838592641757,
  "Hour": 0.00000000000763325644699092,
  "Hour_Fluctuation": 0.01531556519400348,
  "Day": 0.00000000000778605194546483,
  "Day_Fluctuation": 0.04499068957408893,
  "Week": 0.00000000000760786772526366,
  "Week_Fluctuation": 0.20994397270283247,
  "Updated": "2018-04-23T04:56:34.5760229Z"
}
