{
  "Live": 0.0000000000074943,
  "Minute": 0.00000000000997597917463546,
  "Minute_Fluctuation": 0.04827637164509023,
  "Minute_5": 0.0000000000103749709137289,
  "Minute_5_Fluctuation": 0.0096764249676281472,
  "Minute_10": 0.0000000000104248448811156,
  "Minute_10_Fluctuation": 0.0048394979431177184,
  "Hour": 0.0000000000104662996275774,
  "Hour_Fluctuation": 0.018569451408422533,
  "Day": 0.0000000000105690552432487,
  "Day_Fluctuation": 0.028334488830045235,
  "Week": 0.0000000000104746693703601,
  "Week_Fluctuation": 0.22955344306561096,
  "Updated": "2018-04-22T11:00:37.430127Z"
}
