{
  "Live": 0.00000000000251449864556474,
  "Minute": 0.00000000000247377327378245,
  "Minute_Fluctuation": 0.088269635263765384,
  "Minute_5": 0.00000000000246363625999879,
  "Minute_5_Fluctuation": 0.034431745595225424,
  "Minute_10": 0.00000000000248477775675331,
  "Minute_10_Fluctuation": 0.019541024883212913,
  "Hour": 0.00000000000250891008974323,
  "Hour_Fluctuation": 0.0035395184615577583,
  "Day": 0.00000000000251429305699998,
  "Day_Fluctuation": 0.00018057307691938051,
  "Week": 0.00000000000251449864556474,
  "Week_Fluctuation": 0.38300351770799057,
  "Updated": "2018-04-24T23:41:51.7218605Z"
}
