{
  "Live": 0.0000000000001782,
  "Minute": 0.000000000000177988524155754,
  "Minute_Fluctuation": 0.038766229816213318,
  "Minute_5": 0.00000000000017795954784455,
  "Minute_5_Fluctuation": 0.00850080626280312,
  "Minute_10": 0.00000000000017779530790852,
  "Minute_10_Fluctuation": 0.0063738214231242605,
  "Hour": 0.00000000000017666855946627,
  "Hour_Fluctuation": 0.025863616904488816,
  "Day": 0.000000000000177991893713903,
  "Day_Fluctuation": 0.032176941121621019,
  "Week": 0.000000000000177952307360042,
  "Week_Fluctuation": 0.21252700683488937,
  "Updated": "2018-04-23T03:19:53.2541653Z"
}
