{
  "Live": 0.0000000000183249,
  "Minute": 0.0000000000178304014687856,
  "Minute_Fluctuation": 0.0093389091208606369,
  "Minute_5": 0.0000000000177593247898335,
  "Minute_5_Fluctuation": 0.0019959603863190624,
  "Minute_10": 0.0000000000177504402049645,
  "Minute_10_Fluctuation": 0.0010057991953641434,
  "Hour": 0.0000000000177430363842403,
  "Hour_Fluctuation": 0.0011013401054018931,
  "Day": 0.0000000000177446312358335,
  "Day_Fluctuation": 0.23341177201241675,
  "Week": 0.0000000000177415644341678,
  "Week_Fluctuation": 0.45557641928098147,
  "Updated": "2018-04-26T17:09:37.6187176Z"
}
