{
  "Live": 0.0000000000243936,
  "Minute": 0.0000000000243936,
  "Minute_Fluctuation": 0.11999999999999986,
  "Minute_5": 0.0000000000243936,
  "Minute_5_Fluctuation": 0.11999999999999986,
  "Minute_10": 0.0000000000243936,
  "Minute_10_Fluctuation": 0.11999999999999986,
  "Hour": 0.00000000000871176969929708,
  "Hour_Fluctuation": 13.284389599313169,
  "Day": 0.000000000000450211337441618,
  "Day_Fluctuation": 5.0706673147729369,
  "Week": 0.0000000000000844462939156384,
  "Week_Fluctuation": 1.9279184162043261,
  "Updated": "2018-04-23T00:14:30.8779562Z"
}
