{
  "Live": 0.0000000000062172,
  "Minute": 0.00000000000898063578943279,
  "Minute_Fluctuation": 0.068305918972349777,
  "Minute_5": 0.00000000000931158120104772,
  "Minute_5_Fluctuation": 0.014211387366498962,
  "Minute_10": 0.00000000000935257652432072,
  "Minute_10_Fluctuation": 0.0081009165826917487,
  "Hour": 0.00000000000938054253121634,
  "Hour_Fluctuation": 0.0071399627514557307,
  "Day": 0.00000000000938038079353154,
  "Day_Fluctuation": 0.019896808955556577,
  "Week": 0.00000000000939427651409386,
  "Week_Fluctuation": 0.20730918303685239,
  "Updated": "2018-04-23T04:56:35.9148584Z"
}
