{
  "Live": 0.0000000000006732,
  "Minute": 0.000000000000411761444894752,
  "Minute_Fluctuation": 0.20555179255086112,
  "Minute_5": 0.000000000000359054752541282,
  "Minute_5_Fluctuation": 0.041772053527150195,
  "Minute_10": 0.000000000000352466415997098,
  "Minute_10_Fluctuation": 0.020927240219825349,
  "Hour": 0.000000000000347061534236422,
  "Hour_Fluctuation": 0.067768838678990015,
  "Day": 0.000000000000341661194235554,
  "Day_Fluctuation": 0.032229494553163304,
  "Week": 0.000000000000345884615501073,
  "Week_Fluctuation": 0.23083149485878729,
  "Updated": "2018-04-22T11:00:39.7622841Z"
}
