{
  "Live": 0.0000000001201464,
  "Minute": 0.000000000142601543641165,
  "Minute_Fluctuation": 0.06723222222965565,
  "Minute_5": 0.000000000145707896345058,
  "Minute_5_Fluctuation": 0.014937774103858414,
  "Minute_10": 0.000000000146232682388024,
  "Minute_10_Fluctuation": 0.0083839497934626948,
  "Hour": 0.000000000146589310290492,
  "Hour_Fluctuation": 0.019780583295380332,
  "Day": 0.000000000147493452062655,
  "Day_Fluctuation": 0.0317241654506813,
  "Week": 0.000000000146484099308642,
  "Week_Fluctuation": 0.21015150524674256,
  "Updated": "2018-04-23T03:19:53.3442916Z"
}
