{
  "Live": 0.0000000075438,
  "Minute": 0.0000000075438,
  "Minute_Fluctuation": 0.0774818401937045,
  "Minute_5": 0.0000000075438,
  "Minute_5_Fluctuation": 0.0774818401937045,
  "Minute_10": 0.0000000075438,
  "Minute_10_Fluctuation": 0.0774818401937045,
  "Hour": 0.00000000979944088586222,
  "Hour_Fluctuation": 0.085633007165914349,
  "Day": 0.0000000107280617626061,
  "Day_Fluctuation": 0.013124628288572558,
  "Week": 0.0000000107561159681756,
  "Week_Fluctuation": 0.20979378063506554,
  "Updated": "2018-04-23T00:14:32.273367Z"
}
