{
  "Live": 0.0000000000000001584,
  "Minute": 0.0000000000000001585250039463,
  "Minute_Fluctuation": 0.00020257153193837315,
  "Minute_5": 0.0000000000000001585387298795,
  "Minute_5_Fluctuation": 4.316013940729643E-05,
  "Minute_10": 0.0000000000000001585404189524,
  "Minute_10_Fluctuation": 2.7902470394337243E-05,
  "Hour": 0.0000000000000001586451713832,
  "Hour_Fluctuation": 0.0031217704234905697,
  "Day": 0.0000000000000001590662418607,
  "Day_Fluctuation": 0.0085396441748054989,
  "Week": 0.0000000000000001585421596607,
  "Week_Fluctuation": 0.20301169660001722,
  "Updated": "2018-04-23T04:56:35.2241691Z"
}
