{
  "Live": 0.0000000000199386,
  "Minute": 0.0000000000207679110560935,
  "Minute_Fluctuation": 0.099871286837437429,
  "Minute_5": 0.0000000000209169996987785,
  "Minute_5_Fluctuation": 0.1091117495199169,
  "Minute_10": 0.0000000000217504238499756,
  "Minute_10_Fluctuation": 0.097150757298767654,
  "Hour": 0.000000000021970943134356,
  "Hour_Fluctuation": 0.11375967218997211,
  "Day": 0.0000000000215112800585558,
  "Day_Fluctuation": 0.041353752026765452,
  "Week": 0.0000000000209542533712749,
  "Week_Fluctuation": 0.23563895738883398,
  "Updated": "2018-04-22T08:33:15.688468Z"
}
