{
  "Live": 0.0000000000000024453,
  "Minute": 0.0000000000000025249278327457,
  "Minute_Fluctuation": 0.00859808505930804,
  "Minute_5": 0.0000000000000025348115045887,
  "Minute_5_Fluctuation": 0.0018089740162609163,
  "Minute_10": 0.0000000000000025358507966629,
  "Minute_10_Fluctuation": 0.001032907906944899,
  "Hour": 0.0000000000000025617250473899,
  "Hour_Fluctuation": 0.042154488453866511,
  "Day": 0.0000000000000025654742026866,
  "Day_Fluctuation": 0.019858848907350644,
  "Week": 0.0000000000000025372811968956,
  "Week_Fluctuation": 0.20760060436691874,
  "Updated": "2018-04-23T03:19:52.3770917Z"
}
