{
  "Live": 0.0000000000075636,
  "Minute": 0.00000000000907636479070148,
  "Minute_Fluctuation": 0.031193149533119094,
  "Minute_5": 0.0000000000091965521245502,
  "Minute_5_Fluctuation": 0.00643262353704723,
  "Minute_10": 0.00000000000920316028092493,
  "Minute_10_Fluctuation": 0.0045630963909940939,
  "Hour": 0.00000000000920591258715099,
  "Hour_Fluctuation": 0.0048371737812025282,
  "Day": 0.00000000000922439551871971,
  "Day_Fluctuation": 0.14879455510381531,
  "Week": 0.00000000000922658405382912,
  "Week_Fluctuation": 0.43003485943067887,
  "Updated": "2018-04-27T02:43:26.955688Z"
}
