{
  "Live": 0.000000000106029,
  "Minute": 0.000000000138407025049231,
  "Minute_Fluctuation": 0.22407019196527161,
  "Minute_5": 0.000000000144864537890269,
  "Minute_5_Fluctuation": 0.21368365359577479,
  "Minute_10": 0.000000000137729802275932,
  "Minute_10_Fluctuation": 0.18856049528877611,
  "Hour": 0.000000000141026179035258,
  "Hour_Fluctuation": 0.090790538871891271,
  "Day": 0.000000000148959662049613,
  "Day_Fluctuation": 0.0361344837330104,
  "Week": 0.000000000146478115317687,
  "Week_Fluctuation": 0.23372623762077474,
  "Updated": "2018-04-22T08:33:16.7694589Z"
}
