{
  "Live": 0.0000000000167112,
  "Minute": 0.0000000000129594916829339,
  "Minute_Fluctuation": 0.041071239096590446,
  "Minute_5": 0.0000000000126459297906601,
  "Minute_5_Fluctuation": 0.0083974726657835355,
  "Minute_10": 0.0000000000126415152877316,
  "Minute_10_Fluctuation": 0.015954339593019874,
  "Hour": 0.0000000000126523723729011,
  "Hour_Fluctuation": 0.015850688292283796,
  "Day": 0.0000000000125845334370598,
  "Day_Fluctuation": 0.15094998016001182,
  "Week": 0.0000000000125675782017548,
  "Week_Fluctuation": 0.43042950663141344,
  "Updated": "2018-04-27T02:43:27.4396408Z"
}
