{
  "Live": 0.0000000000163944,
  "Minute": 0.0000000000163944,
  "Minute_Fluctuation": 0.16129032258064521,
  "Minute_5": 0.0000000000163944,
  "Minute_5_Fluctuation": 0.16129032258064521,
  "Minute_10": 0.0000000000163944,
  "Minute_10_Fluctuation": 0.16129032258064521,
  "Hour": 0.0000000000196602151576834,
  "Hour_Fluctuation": 0.08864839585698478,
  "Day": 0.0000000000215400297359094,
  "Day_Fluctuation": 0.024935272774802411,
  "Week": 0.0000000000217308884084304,
  "Week_Fluctuation": 0.21332859490298975,
  "Updated": "2018-04-23T00:14:31.8188447Z"
}
