{
  "Live": 0.0000000000199881,
  "Minute": 0.0000000000187515476632271,
  "Minute_Fluctuation": 0.015885041700667322,
  "Minute_5": 0.0000000000186251409591637,
  "Minute_5_Fluctuation": 0.003338312437955457,
  "Minute_10": 0.0000000000186189691646171,
  "Minute_10_Fluctuation": 0.0026505878278526465,
  "Hour": 0.0000000000186268758701193,
  "Hour_Fluctuation": 0.0039726473262225248,
  "Day": 0.0000000000185996797860677,
  "Day_Fluctuation": 0.14860561374627637,
  "Week": 0.0000000000185935549585823,
  "Week_Fluctuation": 0.43000257503091704,
  "Updated": "2018-04-27T02:43:28.8872543Z"
}
