{
  "Live": 0.0000000000074052,
  "Minute": 0.0000000000100384956641749,
  "Minute_Fluctuation": 0.054379543146391041,
  "Minute_5": 0.0000000000103693427075311,
  "Minute_5_Fluctuation": 0.01120169955777112,
  "Minute_10": 0.000000000010405569112366,
  "Minute_10_Fluctuation": 0.0074681262772965957,
  "Hour": 0.0000000000107593778108437,
  "Hour_Fluctuation": 0.10530307613066089,
  "Day": 0.0000000000106168739923695,
  "Day_Fluctuation": 0.034080927512088771,
  "Week": 0.000000000010452013440711,
  "Week_Fluctuation": 0.21126605168502646,
  "Updated": "2018-04-23T03:19:52.4795873Z"
}
