{
  "Live": 0.0000000012564486,
  "Minute": 0.00000000127792895879853,
  "Minute_Fluctuation": 0.015416063982957562,
  "Minute_5": 0.00000000128104354923815,
  "Minute_5_Fluctuation": 0.0034746088608639757,
  "Minute_10": 0.00000000128215506731565,
  "Minute_10_Fluctuation": 0.0054923947600059152,
  "Hour": 0.00000000128791671694576,
  "Hour_Fluctuation": 0.015010434322589247,
  "Day": 0.00000000128725153632832,
  "Day_Fluctuation": 0.018423455986919707,
  "Week": 0.00000000128182181061413,
  "Week_Fluctuation": 0.20816749093999215,
  "Updated": "2018-04-23T03:19:53.8015083Z"
}
