{
  "Live": 0.0000000152856,
  "Minute": 0.0000000148202015925771,
  "Minute_Fluctuation": 0.022279787282975843,
  "Minute_5": 0.0000000147516760392286,
  "Minute_5_Fluctuation": 0.0048813553130888573,
  "Minute_10": 0.0000000147431103450601,
  "Minute_10_Fluctuation": 0.0024659510041476151,
  "Hour": 0.0000000147359722665863,
  "Hour_Fluctuation": 0.00061709159191873034,
  "Day": 0.0000000147447871479615,
  "Day_Fluctuation": 0.23462489936221864,
  "Week": 0.000000014734553148604,
  "Week_Fluctuation": 0.45576727832404729,
  "Updated": "2018-04-26T17:09:37.8625431Z"
}
