{
  "Live": 0.0000000000002673,
  "Minute": 0.0000000000002673,
  "Minute_Fluctuation": 0.38636363636363624,
  "Minute_5": 0.0000000000002673,
  "Minute_5_Fluctuation": 0.38636363636363624,
  "Minute_10": 0.0000000000002673,
  "Minute_10_Fluctuation": 0.38636363636363624,
  "Hour": 0.000000000000414541442502922,
  "Hour_Fluctuation": 0.078448354993579911,
  "Day": 0.000000000000450898722712347,
  "Day_Fluctuation": 0.026560620222350239,
  "Week": 0.000000000000448537800418385,
  "Week_Fluctuation": 0.2128819801836393,
  "Updated": "2018-04-23T00:14:29.6489073Z"
}
