{
  "Live": 0.0000000000003762,
  "Minute": 0.000000000000350115420640614,
  "Minute_Fluctuation": 0.04273575376242144,
  "Minute_5": 0.00000000000034683293987647,
  "Minute_5_Fluctuation": 0.009056851802755039,
  "Minute_10": 0.000000000000346414883712489,
  "Minute_10_Fluctuation": 0.0032582952407304204,
  "Hour": 0.000000000000346433977310678,
  "Hour_Fluctuation": 0.0073666805333259125,
  "Day": 0.000000000000344929643422227,
  "Day_Fluctuation": 0.025992200238945894,
  "Week": 0.0000000000003460127267391,
  "Week_Fluctuation": 0.20826863971105908,
  "Updated": "2018-04-23T04:56:36.3675766Z"
}
