{
  "Live": 0.0000000000162756,
  "Minute": 0.0000000000162756,
  "Minute_Fluctuation": 0.2191433312591459,
  "Minute_5": 0.0000000000162756,
  "Minute_5_Fluctuation": 0.23302823704903208,
  "Minute_10": 0.0000000000180041095104309,
  "Minute_10_Fluctuation": 0.19891952328522594,
  "Hour": 0.0000000000193704162680183,
  "Hour_Fluctuation": 0.20416769307563373,
  "Day": 0.0000000000211783258232221,
  "Day_Fluctuation": 0.4767967193780111,
  "Week": 0.0000000000213116178160458,
  "Week_Fluctuation": 0.49660094624192286,
  "Updated": "2018-04-28T01:27:58.1599123Z"
}
