{
  "Live": 0.0000000011840796,
  "Minute": 0.0000000011840796,
  "Minute_Fluctuation": 0.076110227871275207,
  "Minute_5": 0.0000000011840796,
  "Minute_5_Fluctuation": 0.076110227871275207,
  "Minute_10": 0.0000000011840796,
  "Minute_10_Fluctuation": 0.075918265476756244,
  "Hour": 0.00000000126389686527714,
  "Hour_Fluctuation": 0.015795887975948865,
  "Day": 0.00000000128585186558426,
  "Day_Fluctuation": 0.017372437001281639,
  "Week": 0.00000000128152040330844,
  "Week_Fluctuation": 0.21180282577134218,
  "Updated": "2018-04-23T00:03:41.6979091Z"
}
