{
  "Live": 0.0000000000000171171,
  "Minute": 0.0000000000000171171,
  "Minute_Fluctuation": 0.39243143523832308,
  "Minute_5": 0.0000000000000171171,
  "Minute_5_Fluctuation": 0.3293928935293382,
  "Minute_10": 0.0000000000000199693029898954,
  "Minute_10_Fluctuation": 0.38532969390503241,
  "Hour": 0.0000000000000225792518932213,
  "Hour_Fluctuation": 0.24665751283064144,
  "Day": 0.0000000000000247362029692446,
  "Day_Fluctuation": 0.47881199337363339,
  "Week": 0.0000000000000248580556520343,
  "Week_Fluctuation": 0.4968890218079679,
  "Updated": "2018-04-28T01:27:52.1665363Z"
}
