{
  "Live": 0.000000000101376,
  "Minute": 0.000000000014504796896514,
  "Minute_Fluctuation": 10.454905764323041,
  "Minute_5": 0.00000000000398863087754255,
  "Minute_5_Fluctuation": 2.5794927604502611,
  "Minute_10": 0.00000000000269738434131569,
  "Minute_10_Fluctuation": 1.5664897606822756,
  "Hour": 0.00000000000429942864545834,
  "Hour_Fluctuation": 1.1147383395308892,
  "Day": 0.0000000000070296520453179,
  "Day_Fluctuation": 4.7972436424155891,
  "Week": 0.00000000000136089346084768,
  "Week_Fluctuation": 2.2604899487317476,
  "Updated": "2018-04-23T04:56:36.0076924Z"
}
