{
  "Live": 0.0000000000030591,
  "Minute": 0.0000000000030591,
  "Minute_Fluctuation": 0.55346820809248554,
  "Minute_5": 0.0000000000030591,
  "Minute_5_Fluctuation": 0.55346820809248554,
  "Minute_10": 0.0000000000030591,
  "Minute_10_Fluctuation": 0.55346820809248554,
  "Hour": 0.00000000000487910260638585,
  "Hour_Fluctuation": 0.13998914776827692,
  "Day": 0.00000000000490612293687133,
  "Day_Fluctuation": 0.03172940274825127,
  "Week": 0.00000000000493229263195429,
  "Week_Fluctuation": 0.21486607832852292,
  "Updated": "2018-04-23T00:14:27.8671519Z"
}
