{
  "Live": 0.0000000000005643,
  "Minute": 0.0000000000005643,
  "Minute_Fluctuation": 0.036363636363636695,
  "Minute_5": 0.0000000000005643,
  "Minute_5_Fluctuation": 0.036363636363636695,
  "Minute_10": 0.0000000000005643,
  "Minute_10_Fluctuation": 0.036363636363636695,
  "Hour": 0.000000000000546868753870116,
  "Hour_Fluctuation": 0.01163492142141174,
  "Day": 0.000000000000543865705123,
  "Day_Fluctuation": 0.020522624247785178,
  "Week": 0.000000000000541193619567565,
  "Week_Fluctuation": 0.21579158814009633,
  "Updated": "2018-04-23T00:14:26.8949885Z"
}
