{
  "Live": 0.0000000123849,
  "Minute": 0.0000000110446508160519,
  "Minute_Fluctuation": 0.031169944936828585,
  "Minute_5": 0.0000000108299040974959,
  "Minute_5_Fluctuation": 0.0064428061158383655,
  "Minute_10": 0.000000010808253067958,
  "Minute_10_Fluctuation": 0.0061284899463410645,
  "Hour": 0.0000000109160678078298,
  "Hour_Fluctuation": 0.077504787458456639,
  "Day": 0.0000000108603239498839,
  "Day_Fluctuation": 0.032367917311586905,
  "Week": 0.0000000107762440481543,
  "Week_Fluctuation": 0.20908871180794786,
  "Updated": "2018-04-23T03:19:54.8096793Z"
}
