{
  "Live": 0.0000000000149787,
  "Minute": 0.0000000000109766131733432,
  "Minute_Fluctuation": 0.055388440702851177,
  "Minute_5": 0.0000000000105569587054423,
  "Minute_5_Fluctuation": 0.011259988798941838,
  "Minute_10": 0.0000000000105043506294431,
  "Minute_10_Fluctuation": 0.00657395231530726,
  "Hour": 0.0000000000105066863545049,
  "Hour_Fluctuation": 0.028378191145795106,
  "Day": 0.0000000000106066830507983,
  "Day_Fluctuation": 0.032955166560207944,
  "Week": 0.0000000000104520971289517,
  "Week_Fluctuation": 0.20926619301638325,
  "Updated": "2018-04-23T04:56:34.8584803Z"
}
