{
  "Live": 0.0000000000189486,
  "Minute": 0.0000000000189486,
  "Minute_Fluctuation": 0.0,
  "Minute_5": 0.0000000000189486,
  "Minute_5_Fluctuation": 0.0,
  "Minute_10": 0.0000000000189486,
  "Minute_10_Fluctuation": 0.0,
  "Hour": 0.0000000000119776292877515,
  "Hour_Fluctuation": 0.34389958758156314,
  "Day": 0.00000000000918780874582283,
  "Day_Fluctuation": 0.157016220889439,
  "Week": 0.00000000000848246343552916,
  "Week_Fluctuation": 0.24091635917052212,
  "Updated": "2018-04-23T00:14:31.2305266Z"
}
