{
  "Live": 0.0000000000127116,
  "Minute": 0.00000000000213149545766955,
  "Minute_Fluctuation": 5.6544789402144513,
  "Minute_5": 0.000000000000713224937760855,
  "Minute_5_Fluctuation": 1.4772836363158213,
  "Minute_10": 0.000000000000539318880868907,
  "Minute_10_Fluctuation": 0.92955967204732715,
  "Hour": 0.000000000000649408846920592,
  "Hour_Fluctuation": 0.8378587447078496,
  "Day": 0.00000000000128631292527224,
  "Day_Fluctuation": 41519.588134360849,
  "Week": 0.000000000000358833184584264,
  "Week_Fluctuation": 24621.37008306089,
  "Updated": "2018-04-23T04:56:36.9400936Z"
}
