{
  "Live": 0.0000000000002376,
  "Minute": 0.0000000000002376,
  "Minute_Fluctuation": 0.0909090909090908,
  "Minute_5": 0.0000000000002376,
  "Minute_5_Fluctuation": 0.0909090909090908,
  "Minute_10": 0.0000000000002376,
  "Minute_10_Fluctuation": 0.0909090909090908,
  "Hour": 0.000000000000214144698640164,
  "Hour_Fluctuation": 0.03478723276106347,
  "Day": 0.000000000000206074572409728,
  "Day_Fluctuation": 0.018718251597660492,
  "Week": 0.000000000000207281829572964,
  "Week_Fluctuation": 0.20970913042149017,
  "Updated": "2018-04-23T00:14:28.6182903Z"
}
