{
  "Live": 0.0000000000127116,
  "Minute": 0.00000000000237411338301874,
  "Minute_Fluctuation": 6.3565018867186689,
  "Minute_5": 0.000000000000760137557255427,
  "Minute_5_Fluctuation": 1.6200156552511955,
  "Minute_10": 0.000000000000600776718178862,
  "Minute_10_Fluctuation": 1.0182453236280955,
  "Hour": 0.0000000000012496713292141,
  "Hour_Fluctuation": 1.0815821125412926,
  "Day": 0.00000000000133674315920099,
  "Day_Fluctuation": 44418.15628136928,
  "Week": 0.000000000000356843746626325,
  "Week_Fluctuation": 24858.881201393237,
  "Updated": "2018-04-23T03:19:54.5403599Z"
}
