{
  "Live": 0.000000000000178194063504661,
  "Minute": 0.000000000000177635119662774,
  "Minute_Fluctuation": 0.01792152375372762,
  "Minute_5": 0.000000000000177289440017361,
  "Minute_5_Fluctuation": 0.0098642148115774056,
  "Minute_10": 0.000000000000177653619022107,
  "Minute_10_Fluctuation": 0.0058347118117099252,
  "Hour": 0.000000000000178090685817683,
  "Hour_Fluctuation": 0.0019525521243595248,
  "Day": 0.000000000000178190248513276,
  "Day_Fluctuation": 0.00016842809359788585,
  "Week": 0.000000000000178194063504661,
  "Week_Fluctuation": 0.38296191845836774,
  "Updated": "2018-04-24T23:41:51.5209115Z"
}
