{
  "Live": 0.0000000000000029403,
  "Minute": 0.0000000000000026057336174142,
  "Minute_Fluctuation": 0.14217097655196909,
  "Minute_5": 0.0000000000000025481968178573,
  "Minute_5_Fluctuation": 0.13903172128581126,
  "Minute_10": 0.0000000000000026668670112916,
  "Minute_10_Fluctuation": 0.10231903106448895,
  "Hour": 0.0000000000000026736431787786,
  "Hour_Fluctuation": 0.085636694926257,
  "Day": 0.0000000000000025583793569122,
  "Day_Fluctuation": 0.017043958864666236,
  "Week": 0.0000000000000025338197529879,
  "Week_Fluctuation": 0.23115779043430626,
  "Updated": "2018-04-22T08:33:15.2464013Z"
}
