{
  "Live": 0.0000000000022374,
  "Minute": 0.00000000122691665185104,
  "Minute_Fluctuation": 0.27091382000218889,
  "Minute_5": 0.00000000139305241859613,
  "Minute_5_Fluctuation": 0.054569940569055155,
  "Minute_10": 0.00000000140956488909381,
  "Minute_10_Fluctuation": 0.036113449557168484,
  "Hour": 0.00000000133434749724578,
  "Hour_Fluctuation": 0.34239195092927005,
  "Day": 0.00000000131920490643997,
  "Day_Fluctuation": 0.15865651408633333,
  "Week": 0.00000000143456575812879,
  "Week_Fluctuation": 0.2346603186273086,
  "Updated": "2018-04-23T03:19:53.162374Z"
}
