{
  "Live": 0.0000000000012672,
  "Minute": 0.00000000000202854421814995,
  "Minute_Fluctuation": 0.066325994445368811,
  "Minute_5": 0.00000000000213207881770569,
  "Minute_5_Fluctuation": 0.013428898186513745,
  "Minute_10": 0.00000000000214502064265016,
  "Minute_10_Fluctuation": 0.0067242826148458728,
  "Hour": 0.00000000000215580549677055,
  "Hour_Fluctuation": 0.002722648132890252,
  "Day": 0.00000000000215749294111448,
  "Day_Fluctuation": 0.23496997056564695,
  "Week": 0.00000000000215794962848258,
  "Week_Fluctuation": 0.45582428385336876,
  "Updated": "2018-04-26T17:09:37.1029485Z"
}
