{
  "Live": 0.000000000006633,
  "Minute": 0.00000000000974431542493553,
  "Minute_Fluctuation": 0.45430492780659093,
  "Minute_5": 0.0000000000102875659520481,
  "Minute_5_Fluctuation": 0.47013510199735886,
  "Minute_10": 0.0000000000132661440518435,
  "Minute_10_Fluctuation": 0.91808579949619,
  "Hour": 0.0000000000112326955643364,
  "Hour_Fluctuation": 0.26341961955623711,
  "Day": 0.0000000000104451169495354,
  "Day_Fluctuation": 0.036255002463665406,
  "Week": 0.0000000000104233112164493,
  "Week_Fluctuation": 0.23364521008775255,
  "Updated": "2018-04-22T08:33:15.3987949Z"
}
