{
  "Live": 0.0000000000000396,
  "Minute": 0.0000000000000396,
  "Minute_Fluctuation": 1.5936583943858823E-16,
  "Minute_5": 0.0000000000000396,
  "Minute_5_Fluctuation": 1.5936583943858823E-16,
  "Minute_10": 0.0000000000000396,
  "Minute_10_Fluctuation": 1.5936583943858823E-16,
  "Hour": 0.0000000000000132284444928085,
  "Hour_Fluctuation": 14.915654476011008,
  "Day": 0.0000000000000006801568957744,
  "Day_Fluctuation": 4.8527214184120924,
  "Week": 0.0000000000000001324458101295,
  "Week_Fluctuation": 1.7410729654973076,
  "Updated": "2018-04-23T00:14:27.6711485Z"
}
