{
  "Live": 0.0000000000014256,
  "Minute": 0.00000000000285016496463332,
  "Minute_Fluctuation": 0.0636702919950076,
  "Minute_5": 0.00000000000299281015673436,
  "Minute_5_Fluctuation": 0.012825108081436469,
  "Minute_10": 0.0000000000030150161152587,
  "Minute_10_Fluctuation": 0.014909222821502997,
  "Hour": 0.00000000000302831808084548,
  "Hour_Fluctuation": 0.015635152073161459,
  "Day": 0.00000000000302577754287864,
  "Day_Fluctuation": 0.15216154900289125,
  "Week": 0.0000000000030284537656237,
  "Week_Fluctuation": 0.43061992730439885,
  "Updated": "2018-04-27T02:43:28.7295Z"
}
