{
  "Live": 0.0000000000000001683,
  "Minute": 0.0000000000000001683,
  "Minute_Fluctuation": 0.047500126663438169,
  "Minute_5": 0.0000000000000001683,
  "Minute_5_Fluctuation": 0.059123370453623675,
  "Minute_10": 0.0000000000000001649221658058,
  "Minute_10_Fluctuation": 0.083101896456373753,
  "Hour": 0.0000000000000001651280052474,
  "Hour_Fluctuation": 0.14383949628292816,
  "Day": 0.0000000000000001588853712353,
  "Day_Fluctuation": 0.47254749690559972,
  "Week": 0.0000000000000001584707398064,
  "Week_Fluctuation": 0.495979228802635,
  "Updated": "2018-04-28T01:27:53.7187451Z"
}
