{
  "Live": 0.0000000000052272,
  "Minute": 0.0000000000052272,
  "Minute_Fluctuation": 0.13891246450358041,
  "Minute_5": 0.0000000000052272,
  "Minute_5_Fluctuation": 0.13891246450358041,
  "Minute_10": 0.0000000000052272,
  "Minute_10_Fluctuation": 0.13844807731484937,
  "Hour": 0.00000000000473892070854694,
  "Hour_Fluctuation": 0.041717627912945289,
  "Day": 0.00000000000466355696290259,
  "Day_Fluctuation": 0.053422912192192563,
  "Week": 0.00000000000459032156758917,
  "Week_Fluctuation": 0.2227051564111773,
  "Updated": "2018-04-23T00:03:42.5256487Z"
}
