{
  "Live": 0.0000000000012078,
  "Minute": 0.0000000000012078,
  "Minute_Fluctuation": 0.0,
  "Minute_5": 0.0000000000012078,
  "Minute_5_Fluctuation": 0.0,
  "Minute_10": 0.0000000000012078,
  "Minute_10_Fluctuation": 0.0,
  "Hour": 0.00000000000239720118687083,
  "Hour_Fluctuation": 0.19358752965091022,
  "Day": 0.00000000000297527700920563,
  "Day_Fluctuation": 0.058975873445732144,
  "Week": 0.0000000000029764275106195,
  "Week_Fluctuation": 0.2233864595064679,
  "Updated": "2018-04-23T00:14:30.0729512Z"
}
