{
  "Live": 0.0000000000093258,
  "Minute": 0.00000000000783782738383631,
  "Minute_Fluctuation": 0.052700762143430807,
  "Minute_5": 0.00000000000765379215761622,
  "Minute_5_Fluctuation": 0.01120072674325568,
  "Minute_10": 0.00000000000763541293058904,
  "Minute_10_Fluctuation": 0.0073844537691727663,
  "Hour": 0.00000000000774016608979052,
  "Hour_Fluctuation": 0.054455985063529042,
  "Day": 0.00000000000779804889667818,
  "Day_Fluctuation": 0.046461349935518509,
  "Week": 0.00000000000760780617288985,
  "Week_Fluctuation": 0.21196112832547173,
  "Updated": "2018-04-23T03:19:52.1874582Z"
}
