{
  "Live": 0.0000000000002475,
  "Minute": 0.000000000000212618173077314,
  "Minute_Fluctuation": 0.0356293557107371,
  "Minute_5": 0.000000000000208484465914924,
  "Minute_5_Fluctuation": 0.0073348466298036336,
  "Minute_10": 0.000000000000207969242701617,
  "Minute_10_Fluctuation": 0.00318370599508646,
  "Hour": 0.000000000000207904469171357,
  "Hour_Fluctuation": 0.01047940804120988,
  "Day": 0.000000000000207314444835712,
  "Day_Fluctuation": 0.023192016568930617,
  "Week": 0.000000000000207451551736821,
  "Week_Fluctuation": 0.20515950318499895,
  "Updated": "2018-04-23T04:56:35.825716Z"
}
