{
  "Live": 0.0000000000000258192164059258,
  "Minute": 0.0000000000000258503447921383,
  "Minute_Fluctuation": 0.0072913125301460636,
  "Minute_5": 0.000000000000025877319628432,
  "Minute_5_Fluctuation": 0.00909534914946446,
  "Minute_10": 0.0000000000000258542305216568,
  "Minute_10_Fluctuation": 0.00617603721376007,
  "Hour": 0.0000000000000258259570965253,
  "Hour_Fluctuation": 0.00070340194376050679,
  "Day": 0.0000000000000258194654473775,
  "Day_Fluctuation": 1.288670686087243E-05,
  "Week": 0.0000000000000258192164059258,
  "Week_Fluctuation": 0.3829495389176612,
  "Updated": "2018-04-24T23:41:51.3283871Z"
}
