{
  "Live": 0.0000000000006435,
  "Minute": 0.000000000000380732805718978,
  "Minute_Fluctuation": 0.13356642054961279,
  "Minute_5": 0.000000000000345473374751173,
  "Minute_5_Fluctuation": 0.026785641692614773,
  "Minute_10": 0.000000000000341065945880198,
  "Minute_10_Fluctuation": 0.01339721730293344,
  "Hour": 0.000000000000337393088487718,
  "Hour_Fluctuation": 0.0032760861153526425,
  "Day": 0.000000000000336883483228188,
  "Day_Fluctuation": 0.23448613507226418,
  "Week": 0.000000000000336662889458499,
  "Week_Fluctuation": 0.4557435335342952,
  "Updated": "2018-04-26T17:09:36.986287Z"
}
