{
  "Live": 0.0000000000003465,
  "Minute": 0.000000000000482433656007279,
  "Minute_Fluctuation": 0.055122331302588874,
  "Minute_5": 0.000000000000500474698326541,
  "Minute_5_Fluctuation": 0.011324668014904882,
  "Minute_10": 0.000000000000502729828616449,
  "Minute_10_Fluctuation": 0.0056807541631274314,
  "Hour": 0.000000000000504609103858039,
  "Hour_Fluctuation": 0.0013576889945579032,
  "Day": 0.000000000000505248906937263,
  "Day_Fluctuation": 0.23448006475912508,
  "Week": 0.000000000000504982721673927,
  "Week_Fluctuation": 0.45574072839667784,
  "Updated": "2018-04-26T17:09:36.8863924Z"
}
