{
  "Live": 0.0000000000001782,
  "Minute": 0.000000000000177980238005513,
  "Minute_Fluctuation": 0.0063753711543749411,
  "Minute_5": 0.000000000000177954771674963,
  "Minute_5_Fluctuation": 0.0015055588320524351,
  "Minute_10": 0.000000000000177954568207092,
  "Minute_10_Fluctuation": 0.0016343781913512011,
  "Hour": 0.000000000000177659076788634,
  "Hour_Fluctuation": 0.0096884394395131412,
  "Day": 0.000000000000177963391207085,
  "Day_Fluctuation": 0.030291170696151146,
  "Week": 0.000000000000177948408250353,
  "Week_Fluctuation": 0.21052725293525062,
  "Updated": "2018-04-23T04:56:35.6424802Z"
}
