{
  "Live": 0.0000000000000297,
  "Minute": 0.0000000000000044871371075325,
  "Minute_Fluctuation": 15.025842226565679,
  "Minute_5": 0.000000000000001133336931483,
  "Minute_5_Fluctuation": 3.5923191455955994,
  "Minute_10": 0.0000000000000008284807160377,
  "Minute_10_Fluctuation": 1.9818249338644751,
  "Hour": 0.0000000000000028796899980022,
  "Hour_Fluctuation": 1.4499587169954169,
  "Day": 0.0000000000000016649716170037,
  "Day_Fluctuation": 5.3458659536104109,
  "Week": 0.0000000000000002953027853099,
  "Week_Fluctuation": 2.584662235698445,
  "Updated": "2018-04-23T03:19:52.9822642Z"
}
