{
  "Live": 0.0000000000030393,
  "Minute": 0.00000000000460010569886846,
  "Minute_Fluctuation": 0.067267724152003716,
  "Minute_5": 0.00000000000486550973750556,
  "Minute_5_Fluctuation": 0.013453544830400744,
  "Minute_10": 0.0000000000048986852423352,
  "Minute_10_Fluctuation": 0.0067267724152003721,
  "Hour": 0.0000000000049263314963599,
  "Hour_Fluctuation": 0.068272229471925627,
  "Day": 0.00000000000487428165660049,
  "Day_Fluctuation": 0.039607382655486537,
  "Week": 0.00000000000493182783495767,
  "Week_Fluctuation": 0.23191622505579215,
  "Updated": "2018-04-22T11:00:37.9523698Z"
}
