{
  "Live": 0.0000000000094248,
  "Minute": 0.0000000000094018579535214,
  "Minute_Fluctuation": 0.13851801844315287,
  "Minute_5": 0.00000000000939716341013917,
  "Minute_5_Fluctuation": 0.16623500165280716,
  "Minute_10": 0.00000000000896475258238342,
  "Minute_10_Fluctuation": 0.19405024738420246,
  "Hour": 0.00000000000910181184054412,
  "Hour_Fluctuation": 0.10828412250311183,
  "Day": 0.00000000000938245062353739,
  "Day_Fluctuation": 0.033402493043898557,
  "Week": 0.00000000000939599035645425,
  "Week_Fluctuation": 0.23330261088206405,
  "Updated": "2018-04-22T08:33:17.0569185Z"
}
