{
  "Live": 0.0000000000189882,
  "Minute": 0.0000000000102246367718824,
  "Minute_Fluctuation": 0.32610046859392927,
  "Minute_5": 0.00000000000886822264084089,
  "Minute_5_Fluctuation": 0.073216693674869354,
  "Minute_10": 0.00000000000873421084358349,
  "Minute_10_Fluctuation": 0.048618694126049924,
  "Hour": 0.00000000000928524903178058,
  "Hour_Fluctuation": 0.21599888539915432,
  "Day": 0.00000000000940458757025819,
  "Day_Fluctuation": 0.17636724653237126,
  "Week": 0.00000000000852928731419794,
  "Week_Fluctuation": 0.24195734056677892,
  "Updated": "2018-04-23T03:19:54.4505265Z"
}
