{
  "Live": 0.0000000176715,
  "Minute": 0.0000000176715,
  "Minute_Fluctuation": 0.1701175691900568,
  "Minute_5": 0.0000000176715,
  "Minute_5_Fluctuation": 0.20496838181511323,
  "Minute_10": 0.0000000166133212532453,
  "Minute_10_Fluctuation": 0.21384309968708504,
  "Hour": 0.0000000159469874854205,
  "Hour_Fluctuation": 0.19584837761906437,
  "Day": 0.0000000146478344192606,
  "Day_Fluctuation": 0.47663021486023005,
  "Week": 0.0000000145584064747604,
  "Week_Fluctuation": 0.496579079737971,
  "Updated": "2018-04-28T01:27:58.6109714Z"
}
