{
  "Live": 0.0000000000001287,
  "Minute": 0.00000000000016834090401487,
  "Minute_Fluctuation": 0.37606718520780952,
  "Minute_5": 0.00000000000017614357954827,
  "Minute_5_Fluctuation": 0.39549828975100293,
  "Minute_10": 0.000000000000214091264378632,
  "Minute_10_Fluctuation": 1.1310152791902481,
  "Hour": 0.000000000000189910264949629,
  "Hour_Fluctuation": 0.27726984882284528,
  "Day": 0.000000000000180097054036402,
  "Day_Fluctuation": 0.053127426000006861,
  "Week": 0.000000000000178093280837928,
  "Week_Fluctuation": 0.23698247335266739,
  "Updated": "2018-04-22T08:33:16.6220635Z"
}
