{
  "Live": 0.0000000000164934,
  "Minute": 0.0000000000164934,
  "Minute_Fluctuation": 0.18943778316151977,
  "Minute_5": 0.0000000000164934,
  "Minute_5_Fluctuation": 0.20179410330762262,
  "Minute_10": 0.0000000000179517606180951,
  "Minute_10_Fluctuation": 0.20604675403091166,
  "Hour": 0.0000000000189546705097474,
  "Hour_Fluctuation": 0.19754943688963894,
  "Day": 0.0000000000206153189645046,
  "Day_Fluctuation": 0.4764534978112922,
  "Week": 0.0000000000207390439453801,
  "Week_Fluctuation": 0.49655136167980962,
  "Updated": "2018-04-28T01:27:57.9427906Z"
}
