{
  "Live": 0.0000000016204122,
  "Minute": 0.00000000132707926934718,
  "Minute_Fluctuation": 0.12229016137443507,
  "Minute_5": 0.00000000129089597650528,
  "Minute_5_Fluctuation": 0.028190366501708215,
  "Minute_10": 0.00000000128651769154123,
  "Minute_10_Fluctuation": 0.013557610490859105,
  "Hour": 0.0000000012860033631827,
  "Hour_Fluctuation": 0.0083359924531612624,
  "Day": 0.00000000128712175554403,
  "Day_Fluctuation": 0.017744257515706872,
  "Week": 0.00000000128185464031028,
  "Week_Fluctuation": 0.20621650669946229,
  "Updated": "2018-04-23T04:56:36.1877125Z"
}
