{
  "Live": 0.0000000000001518462,
  "Minute": 0.00000000000020949962177144,
  "Minute_Fluctuation": 0.4267852966862184,
  "Minute_5": 0.000000000000221606908804967,
  "Minute_5_Fluctuation": 0.44836453317013431,
  "Minute_10": 0.000000000000201269256290146,
  "Minute_10_Fluctuation": 0.50211453289509445,
  "Hour": 0.000000000000231075239385086,
  "Hour_Fluctuation": 0.26084124674459969,
  "Day": 0.000000000000227834011831743,
  "Day_Fluctuation": 0.054719693014844771,
  "Week": 0.000000000000224632229163667,
  "Week_Fluctuation": 0.23906146349946078,
  "Updated": "2018-04-22T08:33:17.3487145Z"
}
