{
  "Live": 0.0000000001534401,
  "Minute": 0.0000000000243197384902095,
  "Minute_Fluctuation": 17.909501998560167,
  "Minute_5": 0.00000000000593765584773686,
  "Minute_5_Fluctuation": 4.1279177773516231,
  "Minute_10": 0.00000000000405507089073761,
  "Minute_10_Fluctuation": 2.1696067465830895,
  "Hour": 0.0000000000120428699810417,
  "Hour_Fluctuation": 1.4629567284451204,
  "Day": 0.00000000000730673189974456,
  "Day_Fluctuation": 5.0605622357165716,
  "Week": 0.00000000000134441471125592,
  "Week_Fluctuation": 2.2700493588062853,
  "Updated": "2018-04-23T03:19:53.6228996Z"
}
