{
  "Live": 0.0000000000027423,
  "Minute": 0.00000000125506097814582,
  "Minute_Fluctuation": 0.24861128321801598,
  "Minute_5": 0.00000000139851760921692,
  "Minute_5_Fluctuation": 0.050476483729501836,
  "Minute_10": 0.00000000141615910035516,
  "Minute_10_Fluctuation": 0.032605062155780476,
  "Hour": 0.00000000140338863789415,
  "Hour_Fluctuation": 0.0968038416672575,
  "Day": 0.00000000132536230939861,
  "Day_Fluctuation": 0.15473627451282651,
  "Week": 0.0000000014343639772239,
  "Week_Fluctuation": 0.2325581976961659,
  "Updated": "2018-04-23T04:56:35.5494866Z"
}
