{
  "Live": 0.0000000000278388797364039,
  "Minute": 0.0000000000280228823863644,
  "Minute_Fluctuation": 0.037309355113218534,
  "Minute_5": 0.000000000028146275946714,
  "Minute_5_Fluctuation": 0.016830859826303536,
  "Minute_10": 0.0000000000280226541548684,
  "Minute_10_Fluctuation": 0.0092851625948453,
  "Hour": 0.000000000027874047757687,
  "Hour_Fluctuation": 0.0017493652882212829,
  "Day": 0.0000000000278401776463129,
  "Day_Fluctuation": 7.5564648458149736E-05,
  "Week": 0.0000000000278388797364039,
  "Week_Fluctuation": 0.38296670214998951,
  "Updated": "2018-04-24T23:41:51.403905Z"
}
