{
  "Live": 0.0000000000000001683,
  "Minute": 0.0000000000000001603307822466,
  "Minute_Fluctuation": 0.058983999163146617,
  "Minute_5": 0.0000000000000001588558710915,
  "Minute_5_Fluctuation": 0.058441394947543142,
  "Minute_10": 0.0000000000000001617175656661,
  "Minute_10_Fluctuation": 0.10640881096265525,
  "Hour": 0.0000000000000001558995786926,
  "Hour_Fluctuation": 0.0673365853102127,
  "Day": 0.0000000000000001591685901184,
  "Day_Fluctuation": 0.01194817755712148,
  "Week": 0.0000000000000001584873262034,
  "Week_Fluctuation": 0.22933739625127433,
  "Updated": "2018-04-22T08:33:15.9822746Z"
}
