{
  "Live": 0.0000000000000495,
  "Minute": 0.0000000000000085826099903022,
  "Minute_Fluctuation": 212.31770503880446,
  "Minute_5": 0.0000000000000017488337286225,
  "Minute_5_Fluctuation": 43.237146536229929,
  "Minute_10": 0.0000000000000008946116959126,
  "Minute_10_Fluctuation": 22.078073345051312,
  "Hour": 0.0000000000000002716777552958,
  "Hour_Fluctuation": 3.5163627735027578,
  "Day": 0.0000000000000000507870951189,
  "Day_Fluctuation": 0.27504211949716262,
  "Week": 0.0000000000000000412371056954,
  "Week_Fluctuation": 0.26588688676236544,
  "Updated": "2018-04-22T11:00:37.7824445Z"
}
