{
  "Live": 0.0000000000531333,
  "Minute": 0.0000000000531333,
  "Minute_Fluctuation": 0.029457551569827708,
  "Minute_5": 0.0000000000531333,
  "Minute_5_Fluctuation": 0.028926011366933513,
  "Minute_10": 0.0000000000536796116323564,
  "Minute_10_Fluctuation": 0.034508636083070338,
  "Hour": 0.0000000000535406044182655,
  "Hour_Fluctuation": 0.17869907399242776,
  "Day": 0.0000000000546486407935932,
  "Day_Fluctuation": 0.47595156386536774,
  "Week": 0.0000000000547075061593161,
  "Week_Fluctuation": 0.49648040468953236,
  "Updated": "2018-04-28T01:27:58.3869255Z"
}
