{
  "Live": 0.0000000001857636,
  "Minute": 0.0000000000363238334368936,
  "Minute_Fluctuation": 158.73055059691666,
  "Minute_5": 0.00000000000744760892119762,
  "Minute_5_Fluctuation": 32.520013022405848,
  "Minute_10": 0.00000000000383808085673562,
  "Minute_10_Fluctuation": 16.719860122252328,
  "Hour": 0.00000000000133740423076711,
  "Hour_Fluctuation": 3.2713104964005288,
  "Day": 0.000000000000279797862925913,
  "Day_Fluctuation": 0.26928438925824033,
  "Week": 0.000000000000232133673289954,
  "Week_Fluctuation": 0.26866822203383328,
  "Updated": "2018-04-22T11:00:39.3047696Z"
}
