{
  "Live": 0.0000000000516087,
  "Minute": 0.0000000000516087,
  "Minute_Fluctuation": 0.28083538083538084,
  "Minute_5": 0.0000000000516087,
  "Minute_5_Fluctuation": 0.28083538083538084,
  "Minute_10": 0.0000000000516087,
  "Minute_10_Fluctuation": 0.28083538083538084,
  "Hour": 0.0000000000409720759194596,
  "Hour_Fluctuation": 0.07212165694943852,
  "Day": 0.0000000000391550668630052,
  "Day_Fluctuation": 0.05552576676089635,
  "Week": 0.0000000000381662254236162,
  "Week_Fluctuation": 0.21765437659413803,
  "Updated": "2018-04-23T00:14:32.0492427Z"
}
