{
  "Live": 0.0000000000000252648,
  "Minute": 0.0000000000000233064158013242,
  "Minute_Fluctuation": 0.0699940890516067,
  "Minute_5": 0.0000000000000231526743068094,
  "Minute_5_Fluctuation": 0.015723955580749616,
  "Minute_10": 0.0000000000000232306510624563,
  "Minute_10_Fluctuation": 0.014206312817345879,
  "Hour": 0.0000000000000231393298834915,
  "Hour_Fluctuation": 0.0083317233301562973,
  "Day": 0.0000000000000231065807661496,
  "Day_Fluctuation": 0.14952763736211475,
  "Week": 0.0000000000000231142579983462,
  "Week_Fluctuation": 0.43018779832399046,
  "Updated": "2018-04-27T02:43:27.0395569Z"
}
