{
  "Live": 0.0000000000000396,
  "Minute": 0.0000000000000051205547599852,
  "Minute_Fluctuation": 16.905896619978822,
  "Minute_5": 0.0000000000000012637198538516,
  "Minute_5_Fluctuation": 3.9141985685323291,
  "Minute_10": 0.0000000000000007879563268098,
  "Minute_10_Fluctuation": 2.2599906109455841,
  "Hour": 0.0000000000000010655501192596,
  "Hour_Fluctuation": 1.1763365706749471,
  "Day": 0.000000000000001607444313653,
  "Day_Fluctuation": 5.0682885446331438,
  "Week": 0.0000000000000002999894054564,
  "Week_Fluctuation": 2.5756467555630378,
  "Updated": "2018-04-23T04:56:35.3607391Z"
}
