{
  "Live": 0.0000000000000223542,
  "Minute": 0.0000000000000298732759513504,
  "Minute_Fluctuation": 0.055390990492030966,
  "Minute_5": 0.0000000000000306425153960835,
  "Minute_5_Fluctuation": 0.01159451606397539,
  "Minute_10": 0.0000000000000307375036115194,
  "Minute_10_Fluctuation": 0.0072745516645935831,
  "Hour": 0.0000000000000307111641945638,
  "Hour_Fluctuation": 0.02035774509799957,
  "Day": 0.0000000000000302290450616995,
  "Day_Fluctuation": 0.036373874273846446,
  "Week": 0.0000000000000308347298654705,
  "Week_Fluctuation": 0.20919843129509075,
  "Updated": "2018-04-23T04:56:34.6709049Z"
}
