{
  "Live": 0.0000000000128205,
  "Minute": 0.0000000000128205,
  "Minute_Fluctuation": 45.649454947356205,
  "Minute_5": 0.0000000000128205,
  "Minute_5_Fluctuation": 45.649454947356205,
  "Minute_10": 0.0000000000128205,
  "Minute_10_Fluctuation": 42.759514737680853,
  "Hour": 0.00000000000265780291314804,
  "Hour_Fluctuation": 5.7167928692633394,
  "Day": 0.000000000000985299733341871,
  "Day_Fluctuation": 50936.31678316513,
  "Week": 0.00000000000028822162493701,
  "Week_Fluctuation": 25347.587539926779,
  "Updated": "2018-04-23T00:03:43.3029561Z"
}
