{
  "Live": 0.0000000000000308484,
  "Minute": 0.000000000000030898985784781,
  "Minute_Fluctuation": 0.0061670409635672437,
  "Minute_5": 0.0000000000000309063007212951,
  "Minute_5_Fluctuation": 0.0013952647922863576,
  "Minute_10": 0.0000000000000309072150883593,
  "Minute_10_Fluctuation": 0.00070737810640542965,
  "Hour": 0.0000000000000309052475725163,
  "Hour_Fluctuation": 0.098245856027132386,
  "Day": 0.0000000000000303223889999772,
  "Day_Fluctuation": 0.029303682997131618,
  "Week": 0.0000000000000309081285483134,
  "Week_Fluctuation": 0.23058439515528523,
  "Updated": "2018-04-22T11:00:36.4795409Z"
}
