{
  "Live": 0.0000000003626766,
  "Minute": 0.00000000125030246812196,
  "Minute_Fluctuation": 0.13429745154329364,
  "Minute_5": 0.00000000140547117860009,
  "Minute_5_Fluctuation": 0.026859490308658734,
  "Minute_10": 0.00000000142486726740985,
  "Minute_10_Fluctuation": 0.013429745154329367,
  "Hour": 0.00000000144103067475133,
  "Hour_Fluctuation": 0.466849655500138,
  "Day": 0.00000000129937500528786,
  "Day_Fluctuation": 0.14764880316960186,
  "Week": 0.00000000144424411406802,
  "Week_Fluctuation": 0.251855076139319,
  "Updated": "2018-04-22T11:00:38.2249952Z"
}
