{
  "Live": 0.00000000000978119109733892,
  "Minute": 0.00000000000984742444908946,
  "Minute_Fluctuation": 0.033494490475815611,
  "Minute_5": 0.0000000000098494345910825,
  "Minute_5_Fluctuation": 0.0092901476336217,
  "Minute_10": 0.00000000000981994646324579,
  "Minute_10_Fluctuation": 0.0048830583519594989,
  "Hour": 0.00000000000978830919501607,
  "Hour_Fluctuation": 0.001287642429657032,
  "Day": 0.00000000000978145178749316,
  "Day_Fluctuation": 6.731576157332227E-05,
  "Week": 0.00000000000978119109733892,
  "Week_Fluctuation": 0.38294890937203829,
  "Updated": "2018-04-24T23:41:51.5745516Z"
}
