{
  "Live": 0.000000000147137254407709,
  "Minute": 0.00000000014935378709307,
  "Minute_Fluctuation": 0.077729483215905434,
  "Minute_5": 0.000000000150348420082701,
  "Minute_5_Fluctuation": 0.030610050540427078,
  "Minute_10": 0.000000000149036325989391,
  "Minute_10_Fluctuation": 0.016474031429404189,
  "Hour": 0.000000000147497680742868,
  "Hour_Fluctuation": 0.0031460285793082909,
  "Day": 0.000000000147150536261235,
  "Day_Fluctuation": 0.00015404325437781517,
  "Week": 0.000000000147137254407709,
  "Week_Fluctuation": 0.38297184010935414,
  "Updated": "2018-04-24T23:41:51.5392732Z"
}
