{
  "Live": 0.0000000000100584,
  "Minute": 0.0000000000100584,
  "Minute_Fluctuation": 0.0081720494383005337,
  "Minute_5": 0.0000000000100584,
  "Minute_5_Fluctuation": 0.0086606931204780274,
  "Minute_10": 0.0000000000100896742424998,
  "Minute_10_Fluctuation": 0.0056872096913605941,
  "Hour": 0.0000000000101390417920335,
  "Hour_Fluctuation": 0.09995225780584277,
  "Day": 0.000000000010147253088981,
  "Day_Fluctuation": 0.46955600152655458,
  "Week": 0.0000000000101474656635382,
  "Week_Fluctuation": 0.49554329978517103,
  "Updated": "2018-04-28T01:27:51.9417938Z"
}
