{
  "Live": 0.0000000000285615,
  "Minute": 0.0000000000245590348761402,
  "Minute_Fluctuation": 0.038886149268463455,
  "Minute_5": 0.0000000000241540703802255,
  "Minute_5_Fluctuation": 0.00820087201964858,
  "Minute_10": 0.0000000000241314338847309,
  "Minute_10_Fluctuation": 0.0060733330971271711,
  "Hour": 0.0000000000240787791334358,
  "Hour_Fluctuation": 0.004402402578266267,
  "Day": 0.0000000000240666015321157,
  "Day_Fluctuation": 0.14988278318346471,
  "Week": 0.0000000000240528794750583,
  "Week_Fluctuation": 0.43022687690060513,
  "Updated": "2018-04-27T02:43:28.8083671Z"
}
