{
  "Live": 0.000000000000019899,
  "Minute": 0.000000000000022057335756017,
  "Minute_Fluctuation": 0.70843562956522843,
  "Minute_5": 0.0000000000000225525415818368,
  "Minute_5_Fluctuation": 0.84287710916081937,
  "Minute_10": 0.0000000000000729248328894922,
  "Minute_10_Fluctuation": 4.7465707447055276,
  "Hour": 0.0000000000000472206495739481,
  "Hour_Fluctuation": 1.4005900425659243,
  "Day": 0.0000000000000237167393219016,
  "Day_Fluctuation": 0.09155800582776813,
  "Week": 0.0000000000000226762816288391,
  "Week_Fluctuation": 0.24152924360820649,
  "Updated": "2018-04-22T08:33:18.3556337Z"
}
