{
  "Live": 0.0000000000000157806,
  "Minute": 0.0000000000000157806,
  "Minute_Fluctuation": 0.48941417151954691,
  "Minute_5": 0.0000000000000157806,
  "Minute_5_Fluctuation": 0.48941417151954691,
  "Minute_10": 0.0000000000000157806,
  "Minute_10_Fluctuation": 0.4894862921022361,
  "Hour": 0.0000000000000281779736706045,
  "Hour_Fluctuation": 0.091680926466939552,
  "Day": 0.000000000000030493894949485,
  "Day_Fluctuation": 0.027396431176183244,
  "Week": 0.0000000000000308908186713447,
  "Week_Fluctuation": 0.21346903125612629,
  "Updated": "2018-04-23T00:03:38.1111448Z"
}
