{
  "Live": 0.0000000000000001584,
  "Minute": 0.0000000000000001584725109304,
  "Minute_Fluctuation": 0.00017142412740766622,
  "Minute_5": 0.0000000000000001584843619679,
  "Minute_5_Fluctuation": 3.6824400099717692E-05,
  "Minute_10": 0.0000000000000001584858433476,
  "Minute_10_Fluctuation": 1.8566719167910355E-05,
  "Hour": 0.0000000000000001584868869155,
  "Hour_Fluctuation": 0.012822179871956612,
  "Day": 0.0000000000000001590994580774,
  "Day_Fluctuation": 0.011166631971074729,
  "Week": 0.0000000000000001584873232577,
  "Week_Fluctuation": 0.22598887404108006,
  "Updated": "2018-04-22T11:00:37.5831628Z"
}
