{
  "Live": 0.0000000016175808,
  "Minute": 0.00000000129429647638302,
  "Minute_Fluctuation": 0.071046090641841142,
  "Minute_5": 0.00000000125190458036489,
  "Minute_5_Fluctuation": 0.015124294481673201,
  "Minute_10": 0.00000000124660559336263,
  "Minute_10_Fluctuation": 0.0076195718710917468,
  "Hour": 0.00000000124218977086074,
  "Hour_Fluctuation": 0.0014479065090747187,
  "Day": 0.00000000124109281400515,
  "Day_Fluctuation": 0.23378864534699106,
  "Week": 0.00000000124131186329191,
  "Week_Fluctuation": 0.45563646929089929,
  "Updated": "2018-04-26T17:09:36.7809523Z"
}
