{
  "Live": 0.0000000000097119,
  "Minute": 0.0000000000181455677468993,
  "Minute_Fluctuation": 0.10293458408427235,
  "Minute_5": 0.0000000000190250170487131,
  "Minute_5_Fluctuation": 0.021135987715163666,
  "Minute_10": 0.0000000000190798650820854,
  "Minute_10_Fluctuation": 0.014770613885952343,
  "Hour": 0.0000000000191971084078153,
  "Hour_Fluctuation": 0.0087896519351276965,
  "Day": 0.0000000000192471720209333,
  "Day_Fluctuation": 0.14987222398542027,
  "Week": 0.0000000000192447703154733,
  "Week_Fluctuation": 0.43024540738859823,
  "Updated": "2018-04-27T02:43:29.0434443Z"
}
