{
  "Live": 0.00000000000549427467361614,
  "Minute": 0.00000000000547481711336162,
  "Minute_Fluctuation": 0.021226040497035147,
  "Minute_5": 0.00000000000545299803753481,
  "Minute_5_Fluctuation": 0.011591820254526593,
  "Minute_10": 0.00000000000546903857535556,
  "Minute_10_Fluctuation": 0.0063749056235500434,
  "Hour": 0.0000000000054893622049362,
  "Hour_Fluctuation": 0.0028927472789225949,
  "Day": 0.00000000000549409280834942,
  "Day_Fluctuation": 0.00023095027304150252,
  "Week": 0.00000000000549427467361614,
  "Week_Fluctuation": 0.3829776161716964,
  "Updated": "2018-04-24T23:41:51.704387Z"
}
