{
  "Live": 0.0000000000013959,
  "Minute": 0.00000000000229081009541972,
  "Minute_Fluctuation": 0.51953093551809282,
  "Minute_5": 0.00000000000249349101518752,
  "Minute_5_Fluctuation": 0.534976770847389,
  "Minute_10": 0.00000000000224042607164729,
  "Minute_10_Fluctuation": 0.58164274769369451,
  "Hour": 0.00000000000204019323411826,
  "Hour_Fluctuation": 0.23244883515355924,
  "Day": 0.00000000000250140784844769,
  "Day_Fluctuation": 0.063735716563889239,
  "Week": 0.00000000000254413611108684,
  "Week_Fluctuation": 0.23986074882541544,
  "Updated": "2018-04-22T08:33:18.2055177Z"
}
