{
  "Live": 0.0000000000184935226087667,
  "Minute": 0.0000000000185773492403667,
  "Minute_Fluctuation": 0.025027735111959368,
  "Minute_5": 0.0000000000186537588077763,
  "Minute_5_Fluctuation": 0.011782656054689446,
  "Minute_10": 0.0000000000185909111280946,
  "Minute_10_Fluctuation": 0.0062339705211485177,
  "Hour": 0.0000000000185123988396133,
  "Hour_Fluctuation": 0.0022930877714546069,
  "Day": 0.0000000000184942208931316,
  "Day_Fluctuation": 0.00011468420793167432,
  "Week": 0.0000000000184935226087667,
  "Week_Fluctuation": 0.38296288306962784,
  "Updated": "2018-04-24T23:41:51.793618Z"
}
