{
  "Live": 0.0000000000233739,
  "Minute": 0.0000000000233739,
  "Minute_Fluctuation": 0.18390016615097526,
  "Minute_5": 0.0000000000233739,
  "Minute_5_Fluctuation": 0.19318603819838354,
  "Minute_10": 0.0000000000253575015070906,
  "Minute_10_Fluctuation": 0.195343992408416,
  "Hour": 0.0000000000267411612724871,
  "Hour_Fluctuation": 0.19006144245876141,
  "Day": 0.0000000000288922421494264,
  "Day_Fluctuation": 0.47582138516704275,
  "Week": 0.0000000000290493359511996,
  "Week_Fluctuation": 0.49645835225506713,
  "Updated": "2018-04-28T01:27:53.2513522Z"
}
