{
  "Live": 0.0000000000759627,
  "Minute": 0.0000000000436912863113769,
  "Minute_Fluctuation": 0.1457763223509948,
  "Minute_5": 0.0000000000392805725099066,
  "Minute_5_Fluctuation": 0.029189712451096743,
  "Minute_10": 0.0000000000387295641077574,
  "Minute_10_Fluctuation": 0.015222452604186342,
  "Hour": 0.0000000000384739792893183,
  "Hour_Fluctuation": 0.019133548936683994,
  "Day": 0.0000000000390568392889965,
  "Day_Fluctuation": 0.053742047049893375,
  "Week": 0.000000000038178441023056,
  "Week_Fluctuation": 0.21245255178678479,
  "Updated": "2018-04-23T04:56:37.1213966Z"
}
