{
  "Live": 0.0000000000000001682999600294,
  "Minute": 0.00000000000000016851623191,
  "Minute_Fluctuation": 0.0065071756296127868,
  "Minute_5": 0.0000000000000001684845123806,
  "Minute_5_Fluctuation": 0.0023417664533747834,
  "Minute_10": 0.0000000000000001684010185036,
  "Minute_10_Fluctuation": 0.0014332447004863841,
  "Hour": 0.0000000000000001683179395256,
  "Hour_Fluctuation": 0.00014828508537763371,
  "Day": 0.0000000000000001683006144009,
  "Day_Fluctuation": 1.0661069759934381E-05,
  "Week": 0.0000000000000001682999600294,
  "Week_Fluctuation": 0.38293870236213345,
  "Updated": "2018-04-24T23:41:51.4399423Z"
}
