{
  "Live": 0.0000000000195129,
  "Minute": 0.0000000000213669035762215,
  "Minute_Fluctuation": 0.044991065182509643,
  "Minute_5": 0.0000000000216588481379221,
  "Minute_5_Fluctuation": 0.00971213265456528,
  "Minute_10": 0.0000000000216762755048259,
  "Minute_10_Fluctuation": 0.0081390766039784422,
  "Hour": 0.0000000000215778880529807,
  "Hour_Fluctuation": 0.028871135685933681,
  "Day": 0.0000000000215682128371079,
  "Day_Fluctuation": 0.027395133593244074,
  "Week": 0.0000000000217317980749045,
  "Week_Fluctuation": 0.21016654442415639,
  "Updated": "2018-04-23T03:19:54.6291667Z"
}
