{
  "Live": 0.0000000000001089,
  "Minute": 0.0000000000001089,
  "Minute_Fluctuation": 0.38852383193244577,
  "Minute_5": 0.0000000000001089,
  "Minute_5_Fluctuation": 0.38852383193244577,
  "Minute_10": 0.0000000000001089,
  "Minute_10_Fluctuation": 0.38835285077327009,
  "Hour": 0.000000000000165652055902469,
  "Hour_Fluctuation": 0.073151560916537961,
  "Day": 0.000000000000178484572312325,
  "Day_Fluctuation": 0.032336398237613057,
  "Week": 0.000000000000178020022195911,
  "Week_Fluctuation": 0.2160823972501012,
  "Updated": "2018-04-23T00:03:40.5052236Z"
}
