{
  "Live": 0.0000000000111573,
  "Minute": 0.0000000000107699070791632,
  "Minute_Fluctuation": 0.012138829644584979,
  "Minute_5": 0.0000000000107387713436866,
  "Minute_5_Fluctuation": 0.0025501858268166776,
  "Minute_10": 0.0000000000107384814273526,
  "Minute_10_Fluctuation": 0.0052781314028108872,
  "Hour": 0.0000000000107737115846036,
  "Hour_Fluctuation": 0.010928630191577724,
  "Day": 0.0000000000107298450336152,
  "Day_Fluctuation": 0.15006610428724199,
  "Week": 0.0000000000107309912708957,
  "Week_Fluctuation": 0.43029711923551955,
  "Updated": "2018-04-27T02:43:27.1908442Z"
}
