{
  "Live": 0.0000000000176319,
  "Minute": 0.000000000011345321381816,
  "Minute_Fluctuation": 0.10175690817369561,
  "Minute_5": 0.0000000000106624844927442,
  "Minute_5_Fluctuation": 0.020857458188900932,
  "Minute_10": 0.0000000000105773583588862,
  "Minute_10_Fluctuation": 0.010361093858230835,
  "Hour": 0.0000000000105453601949175,
  "Hour_Fluctuation": 0.019564017068850623,
  "Day": 0.0000000000106174030223938,
  "Day_Fluctuation": 0.026400891914246875,
  "Week": 0.0000000000104918599476698,
  "Week_Fluctuation": 0.20752327972518625,
  "Updated": "2018-04-23T04:56:35.1334648Z"
}
