{
  "Live": 0.0000000000130683755975444,
  "Minute": 0.0000000000132882958082818,
  "Minute_Fluctuation": 0.083721022808185858,
  "Minute_5": 0.0000000000134008787594809,
  "Minute_5_Fluctuation": 0.03822589006065439,
  "Minute_10": 0.0000000000132666677891725,
  "Minute_10_Fluctuation": 0.021229001618702063,
  "Hour": 0.0000000000131062620073071,
  "Hour_Fluctuation": 0.0052844869051880622,
  "Day": 0.000000000013069773472269,
  "Day_Fluctuation": 0.00019893836632515314,
  "Week": 0.0000000000130683755975444,
  "Week_Fluctuation": 0.38297121842788617,
  "Updated": "2018-04-24T23:41:51.7757255Z"
}
