{
  "Live": 0.0000000000005841,
  "Minute": 0.000000000000549204336085306,
  "Minute_Fluctuation": 0.012995804522065103,
  "Minute_5": 0.000000000000545420946896753,
  "Minute_5_Fluctuation": 0.0026959928920012115,
  "Minute_10": 0.000000000000544948023248184,
  "Minute_10_Fluctuation": 0.0013538557500527293,
  "Hour": 0.00000000000054455392020771,
  "Hour_Fluctuation": 0.0012070580319554765,
  "Day": 0.000000000000544389509889574,
  "Day_Fluctuation": 0.23390612116422188,
  "Week": 0.000000000000544475568769901,
  "Week_Fluctuation": 0.45569796222008047,
  "Updated": "2018-04-26T17:09:35.2313911Z"
}
