{
  "Live": 0.0000000000035343,
  "Minute": 0.0000000000035343,
  "Minute_Fluctuation": 0.34589752365215365,
  "Minute_5": 0.0000000000035343,
  "Minute_5_Fluctuation": 0.3473079395515255,
  "Minute_10": 0.00000000000419445177881692,
  "Minute_10_Fluctuation": 0.29238857972314847,
  "Hour": 0.00000000000552266703269074,
  "Hour_Fluctuation": 0.31748808889010705,
  "Day": 0.00000000000542477077085772,
  "Day_Fluctuation": 0.4841316296713768,
  "Week": 0.00000000000541666221718277,
  "Week_Fluctuation": 0.49766298976153128,
  "Updated": "2018-04-28T01:27:54.2028127Z"
}
