{
  "Live": 0.0000000000004851,
  "Minute": 0.000000000000533226247705098,
  "Minute_Fluctuation": 0.016727942316371053,
  "Minute_5": 0.000000000000539338805856153,
  "Minute_5_Fluctuation": 0.0034128482561371666,
  "Minute_10": 0.000000000000540249197811134,
  "Minute_10_Fluctuation": 0.0038148584367634075,
  "Hour": 0.000000000000538419585086729,
  "Hour_Fluctuation": 0.026821957350022393,
  "Day": 0.000000000000541439298635592,
  "Day_Fluctuation": 0.022453255470947384,
  "Week": 0.000000000000540866187388194,
  "Week_Fluctuation": 0.2125084216159861,
  "Updated": "2018-04-23T03:19:52.5736499Z"
}
