{
  "Live": 0.000000000000217799146285381,
  "Minute": 0.000000000000219084527378574,
  "Minute_Fluctuation": 0.030121453555259074,
  "Minute_5": 0.000000000000219308440527219,
  "Minute_5_Fluctuation": 0.011819001702317897,
  "Minute_10": 0.000000000000218671158804966,
  "Minute_10_Fluctuation": 0.0067822865394279522,
  "Hour": 0.00000000000021796159993405,
  "Hour_Fluctuation": 0.0021981788812112922,
  "Day": 0.000000000000217805112038494,
  "Day_Fluctuation": 8.1291693357611348E-05,
  "Week": 0.000000000000217799146285381,
  "Week_Fluctuation": 0.38295365404628307,
  "Updated": "2018-04-24T23:41:51.5578543Z"
}
