{
  "Live": 0.0000000000209781,
  "Minute": 0.00000000000442841921542623,
  "Minute_Fluctuation": 192.72790042148125,
  "Minute_5": 0.000000000000904045254690998,
  "Minute_5_Fluctuation": 39.308839015153282,
  "Minute_10": 0.000000000000463498509599093,
  "Minute_10_Fluctuation": 20.0986305721057,
  "Hour": 0.000000000000132031227810122,
  "Hour_Fluctuation": 3.3788089158243353,
  "Day": 0.0000000000000285833734636644,
  "Day_Fluctuation": 0.28795353555279068,
  "Week": 0.0000000000000233888148495422,
  "Week_Fluctuation": 0.26917684255580471,
  "Updated": "2018-04-22T11:00:40.369845Z"
}
