{
  "Live": 0.0000000130482,
  "Minute": 0.0000000112689656184943,
  "Minute_Fluctuation": 0.077857688498793765,
  "Minute_5": 0.0000000108635736858812,
  "Minute_5_Fluctuation": 0.01721757787674344,
  "Minute_10": 0.0000000108128996943045,
  "Minute_10_Fluctuation": 0.0087136322679724418,
  "Hour": 0.0000000107763616960736,
  "Hour_Fluctuation": 0.023493863037059089,
  "Day": 0.0000000107800061798027,
  "Day_Fluctuation": 0.016273516454238239,
  "Week": 0.0000000107622759745449,
  "Week_Fluctuation": 0.22680550381333781,
  "Updated": "2018-04-22T11:00:41.1671634Z"
}
