{
  "Live": 0.0000000000088803,
  "Minute": 0.0000000000088803,
  "Minute_Fluctuation": 0.05493344017527766,
  "Minute_5": 0.0000000000088803,
  "Minute_5_Fluctuation": 0.05493344017527766,
  "Minute_10": 0.0000000000088803,
  "Minute_10_Fluctuation": 0.055126001059572979,
  "Hour": 0.00000000000932462610750417,
  "Hour_Fluctuation": 0.015249978714377692,
  "Day": 0.0000000000093894736760146,
  "Day_Fluctuation": 0.016520482230217105,
  "Week": 0.00000000000939593157898926,
  "Week_Fluctuation": 0.21237895967821849,
  "Updated": "2018-04-23T00:03:41.105824Z"
}
