{
  "Live": 0.0000000000535788,
  "Minute": 0.00000000117271913324837,
  "Minute_Fluctuation": 21.269892338875984,
  "Minute_5": 0.0000000013899760648924,
  "Minute_5_Fluctuation": 25.212055853163907,
  "Minute_10": 0.000000000984760319451492,
  "Minute_10_Fluctuation": 17.611733109634844,
  "Hour": 0.000000000901426795840132,
  "Hour_Fluctuation": 2.6076111019770729,
  "Day": 0.00000000128316676077655,
  "Day_Fluctuation": 0.15019762536287942,
  "Week": 0.00000000144426335621962,
  "Week_Fluctuation": 0.25557342934619592,
  "Updated": "2018-04-22T08:33:16.4758159Z"
}
