{
  "Live": 0.0000000000000891,
  "Minute": 0.00000000000214688840421561,
  "Minute_Fluctuation": 0.22533450144437453,
  "Minute_5": 0.00000000000245964333359075,
  "Minute_5_Fluctuation": 0.048422811148552528,
  "Minute_10": 0.0000000000025027139144745,
  "Minute_10_Fluctuation": 0.02609805232389583,
  "Hour": 0.00000000000248172428044062,
  "Hour_Fluctuation": 0.10958039276444853,
  "Day": 0.00000000000248654351692527,
  "Day_Fluctuation": 0.05388029410106291,
  "Week": 0.00000000000253779328184112,
  "Week_Fluctuation": 0.21723099586176714,
  "Updated": "2018-04-23T03:19:54.2665525Z"
}
