{
  "Live": 0.0000000000024057,
  "Minute": 0.00000000000411160481993884,
  "Minute_Fluctuation": 0.24661026322816607,
  "Minute_5": 0.00000000000449329121931222,
  "Minute_5_Fluctuation": 0.19534484577544131,
  "Minute_10": 0.00000000000486103998645423,
  "Minute_10_Fluctuation": 0.18910809994116029,
  "Hour": 0.00000000000485699134872266,
  "Hour_Fluctuation": 0.20446798860070778,
  "Day": 0.00000000000473057789348944,
  "Day_Fluctuation": 0.082368247472601172,
  "Week": 0.00000000000458866548701278,
  "Week_Fluctuation": 0.24434721656961575,
  "Updated": "2018-04-22T08:33:18.0640555Z"
}
