{
  "Live": 0.0000000000000027423,
  "Minute": 0.0000000000000027423,
  "Minute_Fluctuation": 0.032390881861418322,
  "Minute_5": 0.0000000000000027423,
  "Minute_5_Fluctuation": 0.036474161911043149,
  "Minute_10": 0.000000000000002707780576801,
  "Minute_10_Fluctuation": 0.038607059685630205,
  "Hour": 0.000000000000002676687509921,
  "Hour_Fluctuation": 0.14464468520601309,
  "Day": 0.0000000000000026430659758,
  "Day_Fluctuation": 0.47355149513508688,
  "Week": 0.0000000000000026432455628685,
  "Week_Fluctuation": 0.49612745925382445,
  "Updated": "2018-04-28T01:27:52.3782456Z"
}
