{
  "Live": 0.0000000000002178,
  "Minute": 0.000000000000326026545264812,
  "Minute_Fluctuation": 0.087229951597625519,
  "Minute_5": 0.000000000000342016395325616,
  "Minute_5_Fluctuation": 0.018508228616165284,
  "Minute_10": 0.000000000000344241633137643,
  "Minute_10_Fluctuation": 0.010002072343708784,
  "Hour": 0.000000000000346792711679065,
  "Hour_Fluctuation": 0.021989693042939004,
  "Day": 0.000000000000344847161417948,
  "Day_Fluctuation": 0.027300423596047018,
  "Week": 0.000000000000346011874972506,
  "Week_Fluctuation": 0.21023913404097355,
  "Updated": "2018-04-23T03:19:53.9853811Z"
}
