{
  "Live": 0.000000000000297,
  "Minute": 0.000000000000297,
  "Minute_Fluctuation": 0.16666666666666663,
  "Minute_5": 0.000000000000297,
  "Minute_5_Fluctuation": 0.16666666666666663,
  "Minute_10": 0.000000000000297,
  "Minute_10_Fluctuation": 0.16666666666666663,
  "Hour": 0.000000000000338656982736076,
  "Hour_Fluctuation": 0.033519360444026161,
  "Day": 0.000000000000343514766184602,
  "Day_Fluctuation": 0.023189777204397334,
  "Week": 0.000000000000345846423240336,
  "Week_Fluctuation": 0.21312483372231344,
  "Updated": "2018-04-23T00:14:29.8613284Z"
}
