{
  "Live": 0.0000000107316,
  "Minute": 0.0000000107550266337229,
  "Minute_Fluctuation": 0.01916951447584889,
  "Minute_5": 0.0000000107607512929599,
  "Minute_5_Fluctuation": 0.023159477653953313,
  "Minute_10": 0.0000000108449421958408,
  "Minute_10_Fluctuation": 0.022585495488423677,
  "Hour": 0.0000000110783435613181,
  "Hour_Fluctuation": 0.064490864617880339,
  "Day": 0.000000010781287278855,
  "Day_Fluctuation": 0.017845624712923756,
  "Week": 0.0000000107621817478659,
  "Week_Fluctuation": 0.23015742623205707,
  "Updated": "2018-04-22T08:33:19.1004297Z"
}
