{
  "Live": 0.000000000054747,
  "Minute": 0.0000000000419944904234914,
  "Minute_Fluctuation": 0.24759343050089638,
  "Minute_5": 0.0000000000389165515267365,
  "Minute_5_Fluctuation": 0.20232337709922785,
  "Minute_10": 0.0000000000413525617297227,
  "Minute_10_Fluctuation": 0.20390402287988174,
  "Hour": 0.0000000000416184492459268,
  "Hour_Fluctuation": 0.2084562163561153,
  "Day": 0.0000000000401126109706765,
  "Day_Fluctuation": 0.067597009692491508,
  "Week": 0.000000000038147448491399,
  "Week_Fluctuation": 0.23894628720964078,
  "Updated": "2018-04-22T08:33:18.9512033Z"
}
