{
  "Live": 0.0000000134541,
  "Minute": 0.0000000111706082536328,
  "Minute_Fluctuation": 0.057418115276882106,
  "Minute_5": 0.0000000108553743957306,
  "Minute_5_Fluctuation": 0.012348846800734838,
  "Minute_10": 0.0000000108165546007992,
  "Minute_10_Fluctuation": 0.0079957078554740869,
  "Hour": 0.0000000108267992217187,
  "Hour_Fluctuation": 0.020795922230419903,
  "Day": 0.0000000108572930128404,
  "Day_Fluctuation": 0.030961061726382317,
  "Week": 0.0000000107766050227552,
  "Week_Fluctuation": 0.20712429002237709,
  "Updated": "2018-04-23T04:56:37.2133193Z"
}
