{
  "Live": 0.0000000000008217,
  "Minute": 0.000000000378212751461164,
  "Minute_Fluctuation": 0.19722222202364462,
  "Minute_5": 0.000000000411511259074178,
  "Minute_5_Fluctuation": 0.039456611089268574,
  "Minute_10": 0.000000000413137097151959,
  "Minute_10_Fluctuation": 0.031379191584493288,
  "Hour": 0.000000000410509814460009,
  "Hour_Fluctuation": 0.052296703337600378,
  "Day": 0.000000000417549576385133,
  "Day_Fluctuation": 0.15705696819034312,
  "Week": 0.000000000419831756698214,
  "Week_Fluctuation": 0.43136909909725624,
  "Updated": "2018-04-27T02:43:27.7970142Z"
}
