{
  "Live": 0.0000000000057717,
  "Minute": 0.00000000000471872086622861,
  "Minute_Fluctuation": 0.0599851361910801,
  "Minute_5": 0.00000000000462680922719266,
  "Minute_5_Fluctuation": 0.012849825238209923,
  "Minute_10": 0.00000000000462505570584034,
  "Minute_10_Fluctuation": 0.0096384362587154156,
  "Hour": 0.00000000000463711636623971,
  "Hour_Fluctuation": 0.015474758183441911,
  "Day": 0.00000000000460742364625103,
  "Day_Fluctuation": 0.15016191654983838,
  "Week": 0.00000000000460384271520637,
  "Week_Fluctuation": 0.43028302853432,
  "Updated": "2018-04-27T02:43:27.7222891Z"
}
