{
  "Live": 0.0000000000114048,
  "Minute": 0.00000000000947730846879392,
  "Minute_Fluctuation": 0.039123969370758648,
  "Minute_5": 0.00000000000927718416673854,
  "Minute_5_Fluctuation": 0.0081023016426695574,
  "Minute_10": 0.00000000000925216862898162,
  "Minute_10_Fluctuation": 0.0040680960991400714,
  "Hour": 0.00000000000923132234751752,
  "Hour_Fluctuation": 0.0020342686384812055,
  "Day": 0.00000000000922892109544611,
  "Day_Fluctuation": 0.23342223667879439,
  "Week": 0.00000000000922717790822644,
  "Week_Fluctuation": 0.4555800325088647,
  "Updated": "2018-04-26T17:09:34.7613465Z"
}
