{
  "Live": 0.0000000000237501,
  "Minute": 0.000000000368396925367321,
  "Minute_Fluctuation": 0.16235696311671693,
  "Minute_5": 0.000000000409781235871603,
  "Minute_5_Fluctuation": 0.033103942587899365,
  "Minute_10": 0.000000000414954274684639,
  "Minute_10_Fluctuation": 0.016588027297873779,
  "Hour": 0.000000000419265140362168,
  "Hour_Fluctuation": 0.00510293108788625,
  "Day": 0.000000000419064751756953,
  "Day_Fluctuation": 0.2383703223716957,
  "Week": 0.000000000420122181514725,
  "Week_Fluctuation": 0.4563363912376926,
  "Updated": "2018-04-26T17:09:36.0120574Z"
}
