{
  "Live": 0.0000000000224433,
  "Minute": 0.0000000000121577579085566,
  "Minute_Fluctuation": 0.19892080829986092,
  "Minute_5": 0.0000000000108247076790937,
  "Minute_5_Fluctuation": 0.04117045469109637,
  "Minute_10": 0.0000000000106682874484031,
  "Minute_10_Fluctuation": 0.022496795721116524,
  "Hour": 0.0000000000106882291048324,
  "Hour_Fluctuation": 0.063720533004572311,
  "Day": 0.0000000000106243675119131,
  "Day_Fluctuation": 0.027193585501355994,
  "Week": 0.0000000000104916104305362,
  "Week_Fluctuation": 0.20949518985662954,
  "Updated": "2018-04-23T03:19:52.7569925Z"
}
