{
  "Live": 0.0000000000000202158,
  "Minute": 0.0000000000000290396106081273,
  "Minute_Fluctuation": 0.49509021762286032,
  "Minute_5": 0.0000000000000305345908876065,
  "Minute_5_Fluctuation": 0.5203595152580951,
  "Minute_10": 0.0000000000000274213017181779,
  "Minute_10_Fluctuation": 0.38168852441587997,
  "Hour": 0.0000000000000274240621167529,
  "Hour_Fluctuation": 0.20076418075346028,
  "Day": 0.0000000000000302564281504273,
  "Day_Fluctuation": 0.030200739913314244,
  "Week": 0.0000000000000309081505680567,
  "Week_Fluctuation": 0.23400022640150883,
  "Updated": "2018-04-22T08:33:15.1007444Z"
}
