{
  "Live": 0.0000000000108009,
  "Minute": 0.0000000000108009,
  "Minute_Fluctuation": 0.21627647714604242,
  "Minute_5": 0.0000000000108009,
  "Minute_5_Fluctuation": 0.21627647714604242,
  "Minute_10": 0.0000000000108009,
  "Minute_10_Fluctuation": 0.21627647714604242,
  "Hour": 0.00000000000959023608565056,
  "Hour_Fluctuation": 0.040991001039618856,
  "Day": 0.00000000000940005462006612,
  "Day_Fluctuation": 0.01752352851745867,
  "Week": 0.00000000000939743622635041,
  "Week_Fluctuation": 0.21231165114863298,
  "Updated": "2018-04-23T00:14:28.8148475Z"
}
