{
  "Live": 0.0000000000095337,
  "Minute": 0.00000000000793267043975906,
  "Minute_Fluctuation": 0.23430458021207609,
  "Minute_5": 0.00000000000766179742886387,
  "Minute_5_Fluctuation": 0.23073344241943283,
  "Minute_10": 0.00000000000832937635620362,
  "Minute_10_Fluctuation": 0.16887345772511206,
  "Hour": 0.00000000000838575681367968,
  "Hour_Fluctuation": 0.18518450568197894,
  "Day": 0.00000000000789180614050643,
  "Day_Fluctuation": 0.0481989761718571,
  "Week": 0.00000000000759411276654321,
  "Week_Fluctuation": 0.23557518873207689,
  "Updated": "2018-04-22T08:33:14.9508747Z"
}
