{
  "Live": 0.00000000013365,
  "Minute": 0.00000000013365,
  "Minute_Fluctuation": 0.16462491581847302,
  "Minute_5": 0.00000000013365,
  "Minute_5_Fluctuation": 0.18418509113535048,
  "Minute_10": 0.000000000144373436921623,
  "Minute_10_Fluctuation": 0.17196538728813138,
  "Hour": 0.000000000161946493648641,
  "Hour_Fluctuation": 0.21496237799487689,
  "Day": 0.000000000164680611128126,
  "Day_Fluctuation": 0.477603938531192,
  "Week": 0.000000000164762345814152,
  "Week_Fluctuation": 0.49671570651269464,
  "Updated": "2018-04-28T01:27:54.9696888Z"
}
