{
  "Live": 0.0000000012220461,
  "Minute": 0.0000000012220461,
  "Minute_Fluctuation": 0.032064145011872464,
  "Minute_5": 0.0000000012220461,
  "Minute_5_Fluctuation": 0.032064145011872464,
  "Minute_10": 0.0000000012220461,
  "Minute_10_Fluctuation": 0.032064145011872464,
  "Hour": 0.00000000125636686371549,
  "Hour_Fluctuation": 0.018911577677318502,
  "Day": 0.00000000128537352156901,
  "Day_Fluctuation": 0.017614203505493645,
  "Week": 0.00000000128145670736948,
  "Week_Fluctuation": 0.21162569206207951,
  "Updated": "2018-04-23T00:14:29.4281344Z"
}
