{
  "Live": 0.0000000000193149587448554,
  "Minute": 0.0000000000193279772556298,
  "Minute_Fluctuation": 0.0035752537857283839,
  "Minute_5": 0.0000000000193347373848854,
  "Minute_5_Fluctuation": 0.0015379243678350662,
  "Minute_10": 0.000000000019326755812275,
  "Minute_10_Fluctuation": 0.00084385103411483786,
  "Hour": 0.000000000019317212973499,
  "Hour_Fluctuation": 0.0002034359519779446,
  "Day": 0.0000000000193150419194364,
  "Day_Fluctuation": 1.6809407460531679E-05,
  "Week": 0.0000000000193149587448554,
  "Week_Fluctuation": 0.3829370704686777,
  "Updated": "2018-04-24T23:41:51.7570697Z"
}
