{
  "Live": 0.0000000000115632,
  "Minute": 0.0000000000115632,
  "Minute_Fluctuation": 0.10935647056262864,
  "Minute_5": 0.0000000000115632,
  "Minute_5_Fluctuation": 0.10935647056262864,
  "Minute_10": 0.0000000000115632,
  "Minute_10_Fluctuation": 0.10888089685717793,
  "Hour": 0.0000000000106402391634229,
  "Hour_Fluctuation": 0.0217683171176583,
  "Day": 0.000000000010442021857647,
  "Day_Fluctuation": 0.018261833850982113,
  "Week": 0.0000000000104245493069508,
  "Week_Fluctuation": 0.21271591963853009,
  "Updated": "2018-04-23T00:03:38.6219046Z"
}
