{
  "Live": 0.0000000000044055,
  "Minute": 0.00000000000317311258328029,
  "Minute_Fluctuation": 0.08089442969880524,
  "Minute_5": 0.00000000000301631511046396,
  "Minute_5_Fluctuation": 0.01681018846233466,
  "Minute_10": 0.00000000000299684585389169,
  "Minute_10_Fluctuation": 0.010407153577585369,
  "Hour": 0.00000000000297772003626659,
  "Hour_Fluctuation": 0.017371880465167425,
  "Day": 0.00000000000297982041957961,
  "Day_Fluctuation": 0.0675620801516441,
  "Week": 0.00000000000297713518639093,
  "Week_Fluctuation": 0.22030822238180742,
  "Updated": "2018-04-23T04:56:36.4622915Z"
}
