{
  "Live": 0.000000000002079,
  "Minute": 0.000000000002079,
  "Minute_Fluctuation": 0.1829302667891724,
  "Minute_5": 0.000000000002079,
  "Minute_5_Fluctuation": 0.1829302667891724,
  "Minute_10": 0.000000000002079,
  "Minute_10_Fluctuation": 0.18316695817430811,
  "Hour": 0.00000000000246568122497464,
  "Hour_Fluctuation": 0.04365428006677341,
  "Day": 0.00000000000252320411388259,
  "Day_Fluctuation": 0.038995092491441924,
  "Week": 0.0000000000025439619014209,
  "Week_Fluctuation": 0.21865507634806616,
  "Updated": "2018-04-23T00:03:42.7098416Z"
}
