{
  "Live": 0.0000000000043263,
  "Minute": 0.00000000000456460903528053,
  "Minute_Fluctuation": 0.08115093854976102,
  "Minute_5": 0.00000000000459525178896335,
  "Minute_5_Fluctuation": 0.017622651692047745,
  "Minute_10": 0.00000000000459846500834559,
  "Minute_10_Fluctuation": 0.012572759292112752,
  "Hour": 0.00000000000462094895363182,
  "Hour_Fluctuation": 0.032895019495215512,
  "Day": 0.00000000000472587123461848,
  "Day_Fluctuation": 0.073095963643757811,
  "Week": 0.0000000000046029086774394,
  "Week_Fluctuation": 0.22066949454764434,
  "Updated": "2018-04-23T04:56:36.5589036Z"
}
