{
  "Live": 0.0000000000574695,
  "Minute": 0.0000000000444456658858037,
  "Minute_Fluctuation": 0.061304580851405714,
  "Minute_5": 0.0000000000425438881082952,
  "Minute_5_Fluctuation": 0.012405558128515255,
  "Minute_10": 0.0000000000423061658861067,
  "Minute_10_Fluctuation": 0.0062116110529915926,
  "Hour": 0.0000000000421080640342829,
  "Hour_Fluctuation": 0.004454761965158891,
  "Day": 0.000000000042086517868096,
  "Day_Fluctuation": 0.23386241175241598,
  "Week": 0.000000000042068679499456,
  "Week_Fluctuation": 0.45565844020059049,
  "Updated": "2018-04-26T17:09:37.7792987Z"
}
