{
  "Live": 0.0000000000199683,
  "Minute": 0.0000000000179985338375248,
  "Minute_Fluctuation": 0.026712213197299006,
  "Minute_5": 0.0000000000177950434788502,
  "Minute_5_Fluctuation": 0.0056279603356484825,
  "Minute_10": 0.0000000000177851097493787,
  "Minute_10_Fluctuation": 0.0044956083894138743,
  "Hour": 0.0000000000178210820144255,
  "Hour_Fluctuation": 0.010347559330506684,
  "Day": 0.0000000000177607076838375,
  "Day_Fluctuation": 0.14938462029808058,
  "Week": 0.000000000017744196123601,
  "Week_Fluctuation": 0.43011510532409919,
  "Updated": "2018-04-27T02:43:28.969502Z"
}
