{
  "Live": 0.0000000000170082,
  "Minute": 0.0000000000170082,
  "Minute_Fluctuation": 0.1739305520053151,
  "Minute_5": 0.0000000000170082,
  "Minute_5_Fluctuation": 0.15942779200519069,
  "Minute_10": 0.0000000000161939879324432,
  "Minute_10_Fluctuation": 0.14894893219767191,
  "Hour": 0.0000000000164707661060497,
  "Hour_Fluctuation": 0.23706974257696148,
  "Day": 0.0000000000148587480130791,
  "Day_Fluctuation": 0.48137900129085065,
  "Week": 0.000000000014716237235055,
  "Week_Fluctuation": 0.49728536430257375,
  "Updated": "2018-04-28T01:27:53.493212Z"
}
