{
  "Live": 0.00000000000246525373410618,
  "Minute": 0.00000000000246809852208009,
  "Minute_Fluctuation": 0.006274983647353273,
  "Minute_5": 0.00000000000246965999489761,
  "Minute_5_Fluctuation": 0.011522011309869431,
  "Minute_10": 0.00000000000246788322725271,
  "Minute_10_Fluctuation": 0.0081851246200038662,
  "Hour": 0.00000000000246575635498984,
  "Hour_Fluctuation": 0.0018488514063271402,
  "Day": 0.00000000000246527228039481,
  "Day_Fluctuation": 0.00030303037748726565,
  "Week": 0.00000000000246525373410618,
  "Week_Fluctuation": 0.38301054909402621,
  "Updated": "2018-04-24T23:41:51.6857877Z"
}
