{
  "Live": 0.00000000138518821742109,
  "Minute": 0.00000000138518828697932,
  "Minute_Fluctuation": 0.0066890717393149916,
  "Minute_5": 0.0000000013786981453559,
  "Minute_5_Fluctuation": 0.0096944468677933483,
  "Minute_10": 0.00000000138096550046232,
  "Minute_10_Fluctuation": 0.0053033029719185363,
  "Hour": 0.00000000138432976896492,
  "Hour_Fluctuation": 0.0010045628399663448,
  "Day": 0.00000000138515619493742,
  "Day_Fluctuation": 4.9598322725913927E-05,
  "Week": 0.00000000138518821742109,
  "Week_Fluctuation": 0.3829469153331056,
  "Updated": "2018-04-24T23:41:51.632088Z"
}
