{
  "Live": 0.0000000000004158,
  "Minute": 0.000000000000441752761788875,
  "Minute_Fluctuation": 0.098726590060034647,
  "Minute_5": 0.000000000000447342754736357,
  "Minute_5_Fluctuation": 0.10418040640467113,
  "Minute_10": 0.000000000000434678209065272,
  "Minute_10_Fluctuation": 0.18947921588768507,
  "Hour": 0.000000000000480785484968394,
  "Hour_Fluctuation": 0.1397949350534424,
  "Day": 0.000000000000456714411624753,
  "Day_Fluctuation": 0.033893219980853609,
  "Week": 0.000000000000448739559769738,
  "Week_Fluctuation": 0.23369852730584398,
  "Updated": "2018-04-22T08:33:17.6321316Z"
}
