{
  "Live": 0.0000000002734677,
  "Minute": 0.0000000002734677,
  "Minute_Fluctuation": 0.0692759532907688,
  "Minute_5": 0.0000000002734677,
  "Minute_5_Fluctuation": 0.047922249764928995,
  "Minute_10": 0.000000000269333149725164,
  "Minute_10_Fluctuation": 0.068385190507400134,
  "Hour": 0.000000000258899624673416,
  "Hour_Fluctuation": 0.21741450491516795,
  "Day": 0.000000000261766657602776,
  "Day_Fluctuation": 0.47860878289351677,
  "Week": 0.000000000262271282213931,
  "Week_Fluctuation": 0.4968666439542595,
  "Updated": "2018-04-28T01:27:55.9072224Z"
}
