{
  "Live": 0.0000000000120092010656041,
  "Minute": 0.0000000000122304430819644,
  "Minute_Fluctuation": 0.098766709333747621,
  "Minute_5": 0.0000000000123778375895659,
  "Minute_5_Fluctuation": 0.044753719268340611,
  "Minute_10": 0.0000000000122296073066989,
  "Minute_10_Fluctuation": 0.024511926275805174,
  "Hour": 0.0000000000120513826708258,
  "Hour_Fluctuation": 0.0053940645643020205,
  "Day": 0.000000000012010757844696,
  "Day_Fluctuation": 0.00024805704214577953,
  "Week": 0.0000000000120092010656041,
  "Week_Fluctuation": 0.38297575197008593,
  "Updated": "2018-04-24T23:41:51.421878Z"
}
