{
  "Live": 0.0000000000002673,
  "Minute": 0.000000000000216342965861199,
  "Minute_Fluctuation": 0.05898060947487576,
  "Minute_5": 0.000000000000209225047322212,
  "Minute_5_Fluctuation": 0.012300468872649156,
  "Minute_10": 0.000000000000208393221218243,
  "Minute_10_Fluctuation": 0.006402349377728646,
  "Hour": 0.000000000000208668257277814,
  "Hour_Fluctuation": 0.034138914540917213,
  "Day": 0.000000000000207268607053775,
  "Day_Fluctuation": 0.024532752443340387,
  "Week": 0.000000000000207446450365855,
  "Week_Fluctuation": 0.20710667028331364,
  "Updated": "2018-04-23T03:19:53.438411Z"
}
