{
  "Live": 0.0000000002067912,
  "Minute": 0.000000000224862881267767,
  "Minute_Fluctuation": 0.04746823442840567,
  "Minute_5": 0.000000000226545316792622,
  "Minute_5_Fluctuation": 0.0099261784276157682,
  "Minute_10": 0.000000000226330929708957,
  "Minute_10_Fluctuation": 0.006358553480347205,
  "Hour": 0.000000000226316216359513,
  "Hour_Fluctuation": 0.013125854446591112,
  "Day": 0.000000000226647868591024,
  "Day_Fluctuation": 0.1519603932888681,
  "Week": 0.000000000226965717038478,
  "Week_Fluctuation": 0.430561402221784,
  "Updated": "2018-04-27T02:43:28.1847023Z"
}
