{
  "Live": 0.0000000000016137,
  "Minute": 0.00000000000276288336329881,
  "Minute_Fluctuation": 0.15610198533233097,
  "Minute_5": 0.00000000000293430328253699,
  "Minute_5_Fluctuation": 0.032293184987231577,
  "Minute_10": 0.00000000000294945990426983,
  "Minute_10_Fluctuation": 0.022908852550868636,
  "Hour": 0.0000000000029471835977218,
  "Hour_Fluctuation": 0.06385114890103516,
  "Day": 0.00000000000298000456336718,
  "Day_Fluctuation": 0.071913599930096522,
  "Week": 0.00000000000297713700491607,
  "Week_Fluctuation": 0.22239084428117437,
  "Updated": "2018-04-23T03:19:54.0788187Z"
}
