{
  "Live": 0.00000000017275527338654,
  "Minute": 0.000000000171408214316551,
  "Minute_Fluctuation": 0.043324170992332031,
  "Minute_5": 0.000000000170850624751273,
  "Minute_5_Fluctuation": 0.016005923394297971,
  "Minute_10": 0.000000000171630414603853,
  "Minute_10_Fluctuation": 0.0086144952466358331,
  "Hour": 0.000000000172542003530153,
  "Hour_Fluctuation": 0.012416273751075896,
  "Day": 0.000000000172747415754494,
  "Day_Fluctuation": 0.00048272199131935481,
  "Week": 0.00000000017275527338654,
  "Week_Fluctuation": 0.38304657608170717,
  "Updated": "2018-04-24T23:41:51.5950154Z"
}
