{
  "Live": 0.0000000000007425,
  "Minute": 0.000000000000530501321173265,
  "Minute_Fluctuation": 0.086019733637867316,
  "Minute_5": 0.000000000000510134719698615,
  "Minute_5_Fluctuation": 0.01814233431196181,
  "Minute_10": 0.000000000000508768046555512,
  "Minute_10_Fluctuation": 0.012235120700507812,
  "Hour": 0.00000000000050761559833536,
  "Hour_Fluctuation": 0.012058466151306601,
  "Day": 0.000000000000505567684277897,
  "Day_Fluctuation": 0.15019652638756345,
  "Week": 0.000000000000505045594950175,
  "Week_Fluctuation": 0.43027316190122455,
  "Updated": "2018-04-27T02:43:28.4153802Z"
}
