{
  "Live": 0.0000000000208296,
  "Minute": 0.0000000000208296,
  "Minute_Fluctuation": 0.0034405441616739817,
  "Minute_5": 0.0000000000208296,
  "Minute_5_Fluctuation": 0.0037192384892039678,
  "Minute_10": 0.0000000000208025877879291,
  "Minute_10_Fluctuation": 0.0038208069553946036,
  "Hour": 0.0000000000207973657682332,
  "Hour_Fluctuation": 0.10106220536405372,
  "Day": 0.0000000000207546612820862,
  "Day_Fluctuation": 0.46968021621808814,
  "Week": 0.0000000000207510275437942,
  "Week_Fluctuation": 0.49556169944962808,
  "Updated": "2018-04-28T01:27:57.7143099Z"
}
