{
  "Live": 0.0000000004454109,
  "Minute": 0.000000000202917503397471,
  "Minute_Fluctuation": 0.2045178039744408,
  "Minute_5": 0.000000000181055709169903,
  "Minute_5_Fluctuation": 0.042265609520705273,
  "Minute_10": 0.000000000178972772950692,
  "Minute_10_Fluctuation": 0.027946411566920952,
  "Hour": 0.000000000176609446347268,
  "Hour_Fluctuation": 0.010249774389458727,
  "Day": 0.000000000175595035852287,
  "Day_Fluctuation": 0.14985249231016842,
  "Week": 0.000000000175592971649002,
  "Week_Fluctuation": 0.43023324521114048,
  "Updated": "2018-04-27T02:43:27.9528954Z"
}
