{
  "Live": 0.0000000000022869,
  "Minute": 0.00000000000291900484053223,
  "Minute_Fluctuation": 0.052665914387445639,
  "Minute_5": 0.00000000000300674940453598,
  "Minute_5_Fluctuation": 0.011047212014200853,
  "Minute_10": 0.00000000000301771747503645,
  "Minute_10_Fluctuation": 0.0055554237584095325,
  "Hour": 0.00000000000302685753378684,
  "Hour_Fluctuation": 0.0034922412765881795,
  "Day": 0.00000000000302632609284617,
  "Day_Fluctuation": 0.23524631662247336,
  "Week": 0.0000000000030286746645146,
  "Week_Fluctuation": 0.45588132559791328,
  "Updated": "2018-04-26T17:09:37.294873Z"
}
