{
  "Live": 0.0000000000005049,
  "Minute": 0.000000000000455906732605679,
  "Minute_Fluctuation": 0.053014565667213055,
  "Minute_5": 0.000000000000449800360964525,
  "Minute_5_Fluctuation": 0.011977496768887038,
  "Minute_10": 0.000000000000449069740003942,
  "Minute_10_Fluctuation": 0.008159438110621085,
  "Hour": 0.000000000000449648373888064,
  "Hour_Fluctuation": 0.012054004940693646,
  "Day": 0.000000000000448907833708073,
  "Day_Fluctuation": 0.026830402327709706,
  "Week": 0.000000000000448274525292784,
  "Week_Fluctuation": 0.20777658428839829,
  "Updated": "2018-04-23T04:56:36.276928Z"
}
