{
  "Live": 0.0000000000190674,
  "Minute": 0.000000000010030652107985,
  "Minute_Fluctuation": 0.30351127751202389,
  "Minute_5": 0.00000000000883078291033946,
  "Minute_5_Fluctuation": 0.069005366074309932,
  "Minute_10": 0.0000000000086836354762881,
  "Minute_10_Fluctuation": 0.044628189292036727,
  "Hour": 0.00000000000877672957971502,
  "Hour_Fluctuation": 0.086081569684305054,
  "Day": 0.00000000000935886195416915,
  "Day_Fluctuation": 0.17181787841731938,
  "Week": 0.00000000000853096440423134,
  "Week_Fluctuation": 0.23984116517635828,
  "Updated": "2018-04-23T04:56:36.8509325Z"
}
