{
  "Live": 0.0000000000021879,
  "Minute": 0.0000000000021879,
  "Minute_Fluctuation": 0.24573378839590443,
  "Minute_5": 0.0000000000021879,
  "Minute_5_Fluctuation": 0.24573378839590443,
  "Minute_10": 0.0000000000021879,
  "Minute_10_Fluctuation": 0.24573378839590443,
  "Hour": 0.000000000962841216406132,
  "Hour_Fluctuation": 0.34029909085948107,
  "Day": 0.00000000134900381762076,
  "Day_Fluctuation": 0.13923320269585121,
  "Week": 0.00000000144090970882946,
  "Week_Fluctuation": 0.23458816003741997,
  "Updated": "2018-04-23T00:14:28.0535865Z"
}
