{
  "Live": 0.0000000000104049,
  "Minute": 0.0000000000122992145902788,
  "Minute_Fluctuation": 0.035366107621651641,
  "Minute_5": 0.0000000000125119763024384,
  "Minute_5_Fluctuation": 0.0073505610639588922,
  "Minute_10": 0.0000000000125385715164584,
  "Minute_10_Fluctuation": 0.0036916525993007949,
  "Hour": 0.0000000000125607341948083,
  "Hour_Fluctuation": 0.00068117337758170026,
  "Day": 0.000000000012570607985276,
  "Day_Fluctuation": 0.23467923477997596,
  "Week": 0.0000000000125651403463374,
  "Week_Fluctuation": 0.45580475758993333,
  "Updated": "2018-04-26T17:09:35.4920819Z"
}
