{
  "Live": 0.000000000198693,
  "Minute": 0.000000000198693,
  "Minute_Fluctuation": 742.62001371661188,
  "Minute_5": 0.000000000198693,
  "Minute_5_Fluctuation": 742.62001371661188,
  "Minute_10": 0.000000000198693,
  "Minute_10_Fluctuation": 432.12870265755606,
  "Hour": 0.0000000000371983852757689,
  "Hour_Fluctuation": 19.189896879655894,
  "Day": 0.00000000000193767577788176,
  "Day_Fluctuation": 4.0153009447678087,
  "Week": 0.000000000000478465575369176,
  "Week_Fluctuation": 1.1569021334846881,
  "Updated": "2018-04-23T00:03:41.2951103Z"
}
