{
  "Live": 0.0000000000131373,
  "Minute": 0.0000000000109691541114265,
  "Minute_Fluctuation": 0.049473477461817857,
  "Minute_5": 0.0000000000105735673175573,
  "Minute_5_Fluctuation": 0.012120869078174511,
  "Minute_10": 0.0000000000105331878970066,
  "Minute_10_Fluctuation": 0.048379333839756913,
  "Hour": 0.0000000000102392213019831,
  "Hour_Fluctuation": 0.041949529563909176,
  "Day": 0.000000000010580097496476,
  "Day_Fluctuation": 0.030381630524242281,
  "Week": 0.000000000010474719674992,
  "Week_Fluctuation": 0.23294992556193364,
  "Updated": "2018-04-22T08:33:15.8371457Z"
}
