{
  "Live": 0.0000000000078111,
  "Minute": 0.0000000000187147274316797,
  "Minute_Fluctuation": 0.15848583999992216,
  "Minute_5": 0.0000000000211390999645668,
  "Minute_5_Fluctuation": 0.032456087349234546,
  "Minute_10": 0.0000000000214421465311777,
  "Minute_10_Fluctuation": 0.016273387618977477,
  "Hour": 0.0000000000216880231056916,
  "Hour_Fluctuation": 0.066489099997021989,
  "Day": 0.000000000021529217542265,
  "Day_Fluctuation": 0.031749439434639412,
  "Week": 0.0000000000217448924563535,
  "Week_Fluctuation": 0.23056998557207409,
  "Updated": "2018-04-22T11:00:40.8596061Z"
}
