{
  "Live": 0.0000000000000297,
  "Minute": 0.0000000000000297,
  "Minute_Fluctuation": 0.2352293551543492,
  "Minute_5": 0.0000000000000297,
  "Minute_5_Fluctuation": 0.24679533093585315,
  "Minute_10": 0.0000000000000331426151563272,
  "Minute_10_Fluctuation": 0.25382047637836241,
  "Hour": 0.0000000000000366246662856838,
  "Hour_Fluctuation": 0.20552666576284298,
  "Day": 0.0000000000000394214942611097,
  "Day_Fluctuation": 0.4762190809082712,
  "Week": 0.0000000000000395741637657645,
  "Week_Fluctuation": 0.49651155048313139,
  "Updated": "2018-04-28T01:27:53.9330287Z"
}
