{
  "Live": 0.0000000126618974515422,
  "Minute": 0.0000000126676561930401,
  "Minute_Fluctuation": 0.0048248516855631625,
  "Minute_5": 0.000000012643377799383,
  "Minute_5_Fluctuation": 0.0054042669720500269,
  "Minute_10": 0.0000000126493944834232,
  "Minute_10_Fluctuation": 0.0032507072117717744,
  "Hour": 0.0000000126592944880011,
  "Hour_Fluctuation": 0.00092348938080990368,
  "Day": 0.0000000126617999640442,
  "Day_Fluctuation": 8.74549349692592E-05,
  "Week": 0.0000000126618974515422,
  "Week_Fluctuation": 0.3829486716742741,
  "Updated": "2018-04-24T23:41:51.8307262Z"
}
