{
  "Live": 0.0000000000000001683,
  "Minute": 0.0000000000000001683,
  "Minute_Fluctuation": 1.464759553663495E-16,
  "Minute_5": 0.0000000000000001683,
  "Minute_5_Fluctuation": 1.464759553663495E-16,
  "Minute_10": 0.0000000000000001683,
  "Minute_10_Fluctuation": 1.464759553663495E-16,
  "Hour": 0.0000000000000001617464505033,
  "Hour_Fluctuation": 0.018614162125289622,
  "Day": 0.0000000000000001589444449792,
  "Day_Fluctuation": 0.00822518990764217,
  "Week": 0.0000000000000001585092301031,
  "Week_Fluctuation": 0.20856576349227038,
  "Updated": "2018-04-23T00:14:27.4894991Z"
}
