{
  "Live": 0.0000000000061182,
  "Minute": 0.00000000000974412450225726,
  "Minute_Fluctuation": 0.073468001750212064,
  "Minute_5": 0.0000000000102874657918819,
  "Minute_5_Fluctuation": 0.014926891049528507,
  "Minute_10": 0.0000000000103553834530849,
  "Minute_10_Fluctuation": 0.0074774613061462753,
  "Hour": 0.0000000000104106752863044,
  "Hour_Fluctuation": 0.056900984907599692,
  "Day": 0.0000000000104423630835364,
  "Day_Fluctuation": 0.032838883193936144,
  "Week": 0.0000000000104232337356559,
  "Week_Fluctuation": 0.23024127922788742,
  "Updated": "2018-04-22T11:00:36.791646Z"
}
