{
  "Live": 0.0000000000001386,
  "Minute": 0.0000000000001386,
  "Minute_Fluctuation": 0.27272727272727287,
  "Minute_5": 0.0000000000001386,
  "Minute_5_Fluctuation": 0.27272727272727287,
  "Minute_10": 0.0000000000001386,
  "Minute_10_Fluctuation": 0.27272727272727287,
  "Hour": 0.000000000000160784684553371,
  "Hour_Fluctuation": 0.08937278724694428,
  "Day": 0.000000000000178185560804592,
  "Day_Fluctuation": 0.033769254089254915,
  "Week": 0.0000000000001779778037942,
  "Week_Fluctuation": 0.21608813078166278,
  "Updated": "2018-04-23T00:14:28.2392413Z"
}
