{
  "Live": 0.0000000000054549,
  "Minute": 0.00000000000471295567004959,
  "Minute_Fluctuation": 0.025665807620628266,
  "Minute_5": 0.00000000000462507442443825,
  "Minute_5_Fluctuation": 0.0051750044061468969,
  "Minute_10": 0.00000000000461408926873684,
  "Minute_10_Fluctuation": 0.0025900203740885515,
  "Hour": 0.00000000000460493497231899,
  "Hour_Fluctuation": 0.00068955334296000618,
  "Day": 0.00000000000460230093499477,
  "Day_Fluctuation": 0.23418487324093445,
  "Week": 0.00000000000460311501100735,
  "Week_Fluctuation": 0.45570602277811811,
  "Updated": "2018-04-26T17:09:35.8987088Z"
}
