{
  "Live": 0.0000000002041479,
  "Minute": 0.0000000002041479,
  "Minute_Fluctuation": 0.44455341506129586,
  "Minute_5": 0.0000000002041479,
  "Minute_5_Fluctuation": 0.44455341506129586,
  "Minute_10": 0.0000000002041479,
  "Minute_10_Fluctuation": 0.44455341506129586,
  "Hour": 0.000000000059663558866155,
  "Hour_Fluctuation": 8.956762758656172,
  "Day": 0.00000000000315002457603188,
  "Day_Fluctuation": 3.7705537816293671,
  "Week": 0.000000000000648944474753388,
  "Week_Fluctuation": 1.4782820240295109,
  "Updated": "2018-04-23T00:14:29.2185086Z"
}
