{
  "Live": 0.0000000000004455,
  "Minute": 0.00000000000052379235425708,
  "Minute_Fluctuation": 0.19265125713075543,
  "Minute_5": 0.000000000000537664740031939,
  "Minute_5_Fluctuation": 0.19547281057570071,
  "Minute_10": 0.000000000000580330590003324,
  "Minute_10_Fluctuation": 0.14918711978129073,
  "Hour": 0.00000000000059425233340429,
  "Hour_Fluctuation": 0.11417471564174542,
  "Day": 0.000000000000546329385285657,
  "Day_Fluctuation": 0.034681692898196205,
  "Week": 0.00000000000054113111618972,
  "Week_Fluctuation": 0.23731775435516231,
  "Updated": "2018-04-22T08:33:15.543625Z"
}
