{
  "Live": 0.0000000000000000495,
  "Minute": 0.0000000000000000415741264751,
  "Minute_Fluctuation": 0.049237853325178792,
  "Minute_5": 0.0000000000000000400764547179,
  "Minute_5_Fluctuation": 0.011908919727662077,
  "Minute_10": 0.000000000000000039857562073,
  "Minute_10_Fluctuation": 0.006462107365875689,
  "Hour": 0.000000000000000039609238055,
  "Hour_Fluctuation": 0.034006735662809089,
  "Day": 0.0000000000000000401246186377,
  "Day_Fluctuation": 0.024472761368418333,
  "Week": 0.0000000000000000397022225018,
  "Week_Fluctuation": 0.23098621723071666,
  "Updated": "2018-04-22T08:33:16.1885844Z"
}
