{
  "Live": 0.0000000000006039,
  "Minute": 0.00000000000047232337536241,
  "Minute_Fluctuation": 0.10864227818318328,
  "Minute_5": 0.000000000000453062048646524,
  "Minute_5_Fluctuation": 0.024022058067399408,
  "Minute_10": 0.000000000000451322266579538,
  "Minute_10_Fluctuation": 0.015355299508945916,
  "Hour": 0.000000000000446650636542762,
  "Hour_Fluctuation": 0.038390917606438896,
  "Day": 0.000000000000448769915515972,
  "Day_Fluctuation": 0.028206251432483627,
  "Week": 0.000000000000448249105524932,
  "Week_Fluctuation": 0.20972402764412515,
  "Updated": "2018-04-23T03:19:53.8937307Z"
}
