{
  "Live": 0.0000000000082269,
  "Minute": 0.00000000000533732566494992,
  "Minute_Fluctuation": 0.21328942683891092,
  "Minute_5": 0.00000000000473842206672874,
  "Minute_5_Fluctuation": 0.045375481455650193,
  "Minute_10": 0.00000000000466355911695109,
  "Minute_10_Fluctuation": 0.022864835341232549,
  "Hour": 0.000000000004605143798291,
  "Hour_Fluctuation": 0.046481101584356851,
  "Day": 0.00000000000471691408861481,
  "Day_Fluctuation": 0.07716893813603963,
  "Week": 0.00000000000458877043597282,
  "Week_Fluctuation": 0.24080223229732395,
  "Updated": "2018-04-22T11:00:40.0666269Z"
}
