{
  "Live": 0.0000000012583593,
  "Minute": 0.00000000127671955323408,
  "Minute_Fluctuation": 0.078616820367893775,
  "Minute_5": 0.00000000128062512777631,
  "Minute_5_Fluctuation": 0.091482389459265,
  "Minute_10": 0.0000000012465448094313,
  "Minute_10_Fluctuation": 0.09558498071315534,
  "Hour": 0.00000000120821251192231,
  "Hour_Fluctuation": 0.075944453961151986,
  "Day": 0.00000000129242064403816,
  "Day_Fluctuation": 0.028183083115186077,
  "Week": 0.00000000128160103708963,
  "Week_Fluctuation": 0.23267204124231755,
  "Updated": "2018-04-22T08:33:17.4908824Z"
}
