{
  "Live": 0.0000000000188991,
  "Minute": 0.0000000000258690124948696,
  "Minute_Fluctuation": 0.051971530517017486,
  "Minute_5": 0.0000000000264437162407712,
  "Minute_5_Fluctuation": 0.010687298567039582,
  "Minute_10": 0.0000000000264717548332165,
  "Minute_10_Fluctuation": 0.00844864774206668,
  "Hour": 0.0000000000265023576666995,
  "Hour_Fluctuation": 0.0074407787280495012,
  "Day": 0.000000000026592875221631,
  "Day_Fluctuation": 0.15013079344296848,
  "Week": 0.000000000026587320909421,
  "Week_Fluctuation": 0.430279408165266,
  "Updated": "2018-04-27T02:43:27.3535663Z"
}
