{
  "Live": 0.0000000000082269,
  "Minute": 0.0000000000104401157709181,
  "Minute_Fluctuation": 0.051595150776515,
  "Minute_5": 0.0000000000106729029920592,
  "Minute_5_Fluctuation": 0.010714571262609558,
  "Minute_10": 0.0000000000107020013947019,
  "Minute_10_Fluctuation": 0.0053801990873024435,
  "Hour": 0.0000000000107262500635707,
  "Hour_Fluctuation": 0.001032244430709638,
  "Day": 0.0000000000107295142336122,
  "Day_Fluctuation": 0.23412970286416634,
  "Week": 0.0000000000107310709298816,
  "Week_Fluctuation": 0.45572722170395019,
  "Updated": "2018-04-26T17:09:35.0248718Z"
}
