{
  "Live": 0.0000000000001386,
  "Minute": 0.0000000000001386,
  "Minute_Fluctuation": 0.25512191109465659,
  "Minute_5": 0.0000000000001386,
  "Minute_5_Fluctuation": 0.22943676908115382,
  "Minute_10": 0.00000000000015277750616577,
  "Minute_10_Fluctuation": 0.19480403372330651,
  "Hour": 0.000000000000181757946589751,
  "Hour_Fluctuation": 0.2435590817417434,
  "Day": 0.000000000000178824019154516,
  "Day_Fluctuation": 0.48108270659579294,
  "Week": 0.000000000000178293022304996,
  "Week_Fluctuation": 0.49723140800741111,
  "Updated": "2018-04-28T01:27:54.7209444Z"
}
