{
  "Live": 0.0000000000097515,
  "Minute": 0.00000000000894939286240371,
  "Minute_Fluctuation": 0.043240824250094304,
  "Minute_5": 0.00000000000884765618809265,
  "Minute_5_Fluctuation": 0.0092078277515852142,
  "Minute_10": 0.00000000000883493910380376,
  "Minute_10_Fluctuation": 0.004636424499551514,
  "Hour": 0.00000000000882434153356303,
  "Hour_Fluctuation": 0.0011636947354690585,
  "Day": 0.00000000000882679752014096,
  "Day_Fluctuation": 0.2343476390399914,
  "Week": 0.00000000000882223463566993,
  "Week_Fluctuation": 0.45574680709639881,
  "Updated": "2018-04-26T17:09:36.4827581Z"
}
