{
  "Live": 0.0000000000097515,
  "Minute": 0.0000000000097515,
  "Minute_Fluctuation": 0.0030549898167006283,
  "Minute_5": 0.0000000000097515,
  "Minute_5_Fluctuation": 0.0030549898167006283,
  "Minute_10": 0.0000000000097515,
  "Minute_10_Fluctuation": 0.0030549898167006283,
  "Hour": 0.00000000000831013062310371,
  "Hour_Fluctuation": 0.084444580237397315,
  "Day": 0.00000000000776234324380445,
  "Day_Fluctuation": 0.04296011336705359,
  "Week": 0.00000000000759920144875306,
  "Week_Fluctuation": 0.21476228080904533,
  "Updated": "2018-04-23T00:14:25.9148054Z"
}
