{
  "Live": 0.0000000000427779,
  "Minute": 0.00000000000703224126508603,
  "Minute_Fluctuation": 38.730055655191407,
  "Minute_5": 0.00000000000155086357232024,
  "Minute_5_Fluctuation": 8.2735563867732047,
  "Minute_10": 0.000000000000919421039638522,
  "Minute_10_Fluctuation": 3.7756684027406524,
  "Hour": 0.00000000000201985165928432,
  "Hour_Fluctuation": 1.530455241401943,
  "Day": 0.00000000000103130160385502,
  "Day_Fluctuation": 5.431465501971438,
  "Week": 0.000000000000181198883465695,
  "Week_Fluctuation": 2.7026775817898141,
  "Updated": "2018-04-23T03:19:54.3570334Z"
}
