{
  "Live": 0.0000000000002574,
  "Minute": 0.0000000000002574,
  "Minute_Fluctuation": 0.39200250570258743,
  "Minute_5": 0.0000000000002574,
  "Minute_5_Fluctuation": 0.3949655429321664,
  "Minute_10": 0.00000000000031597650146247,
  "Minute_10_Fluctuation": 0.35246022526582305,
  "Hour": 0.000000000000419047854263207,
  "Hour_Fluctuation": 0.26481655806597321,
  "Day": 0.000000000000426609723517914,
  "Day_Fluctuation": 0.48103354844258617,
  "Week": 0.000000000000425839375688282,
  "Week_Fluctuation": 0.49721363162277155,
  "Updated": "2018-04-28T01:27:56.5475867Z"
}
