{
  "Live": 0.0000000000080685,
  "Minute": 0.0000000000080685,
  "Minute_Fluctuation": 0.15275144702402357,
  "Minute_5": 0.0000000000080685,
  "Minute_5_Fluctuation": 0.16654105854831222,
  "Minute_10": 0.00000000000863850150066754,
  "Minute_10_Fluctuation": 0.14595027102711,
  "Hour": 0.00000000000938333599659842,
  "Hour_Fluctuation": 0.14650844862940454,
  "Day": 0.00000000000970275185622138,
  "Day_Fluctuation": 0.47231495994942468,
  "Week": 0.0000000000097190454235853,
  "Week_Fluctuation": 0.495943287591943,
  "Updated": "2018-04-28T01:27:55.4573479Z"
}
