{
  "Live": 0.000000000001683,
  "Minute": 0.00000000000241822852490612,
  "Minute_Fluctuation": 0.05567284382278874,
  "Minute_5": 0.00000000000251376649322903,
  "Minute_5_Fluctuation": 0.011985646392338518,
  "Minute_10": 0.00000000000252549632671872,
  "Minute_10_Fluctuation": 0.011969430055358742,
  "Hour": 0.00000000000251758317934168,
  "Hour_Fluctuation": 0.033683175296268339,
  "Day": 0.00000000000248884408015143,
  "Day_Fluctuation": 0.052281799312555749,
  "Week": 0.00000000000253763913784345,
  "Week_Fluctuation": 0.21524723058171769,
  "Updated": "2018-04-23T04:56:36.6526964Z"
}
