{
  "Live": 0.00000000002871,
  "Minute": 0.0000000000218593516477079,
  "Minute_Fluctuation": 0.087143096599902686,
  "Minute_5": 0.0000000000211236309693185,
  "Minute_5_Fluctuation": 0.018970110671092003,
  "Minute_10": 0.0000000000210331775898473,
  "Minute_10_Fluctuation": 0.011822680582724236,
  "Hour": 0.0000000000209354948380027,
  "Hour_Fluctuation": 0.013997963318452612,
  "Day": 0.0000000000210687375152377,
  "Day_Fluctuation": 0.032698929983181309,
  "Week": 0.0000000000209397920349243,
  "Week_Fluctuation": 0.20932503332930533,
  "Updated": "2018-04-23T04:56:35.043569Z"
}
