{
  "Live": 0.0000000000003564,
  "Minute": 0.0000000000003564,
  "Minute_Fluctuation": 0.030392573071670325,
  "Minute_5": 0.0000000000003564,
  "Minute_5_Fluctuation": 0.030392573071670325,
  "Minute_10": 0.0000000000003564,
  "Minute_10_Fluctuation": 0.030531213864345878,
  "Hour": 0.000000000000347796414917906,
  "Hour_Fluctuation": 0.0088299626356492886,
  "Day": 0.000000000000343866111226928,
  "Day_Fluctuation": 0.022335471834748651,
  "Week": 0.000000000000345898792327539,
  "Week_Fluctuation": 0.21320176616024208,
  "Updated": "2018-04-23T00:03:42.1393207Z"
}
