{
  "Live": 0.0000000000153153,
  "Minute": 0.0000000000153153,
  "Minute_Fluctuation": 0.37932001935336546,
  "Minute_5": 0.0000000000153153,
  "Minute_5_Fluctuation": 0.38859376754959291,
  "Minute_10": 0.0000000000187099647273767,
  "Minute_10_Fluctuation": 0.30864415052565641,
  "Hour": 0.0000000000247767739678866,
  "Hour_Fluctuation": 0.20745278558936087,
  "Day": 0.0000000000251378665047978,
  "Day_Fluctuation": 0.47566698505600319,
  "Week": 0.0000000000251364580306317,
  "Week_Fluctuation": 0.49642769357703942,
  "Updated": "2018-04-28T01:27:57.4378348Z"
}
