{
  "Live": 0.0000000000436293,
  "Minute": 0.0000000000286522889571935,
  "Minute_Fluctuation": 0.084694258527155938,
  "Minute_5": 0.0000000000270015136626795,
  "Minute_5_Fluctuation": 0.017104683029502767,
  "Minute_10": 0.0000000000267951667508652,
  "Minute_10_Fluctuation": 0.008562419078913381,
  "Hour": 0.00000000002662321099102,
  "Hour_Fluctuation": 0.0038348437926198605,
  "Day": 0.0000000000266128728265054,
  "Day_Fluctuation": 0.23493369481997592,
  "Week": 0.0000000000265890245482889,
  "Week_Fluctuation": 0.45581376989230826,
  "Updated": "2018-04-26T17:09:35.3538212Z"
}
