{
  "Live": 0.0000000000000396,
  "Minute": 0.0000000000000395968176634734,
  "Minute_Fluctuation": 0.022299666490767145,
  "Minute_5": 0.0000000000000395965429568971,
  "Minute_5_Fluctuation": 0.0047490511355641127,
  "Minute_10": 0.0000000000000395461743746394,
  "Minute_10_Fluctuation": 0.0041294990403325758,
  "Hour": 0.0000000000000395848217487696,
  "Hour_Fluctuation": 0.0031581075751708882,
  "Day": 0.0000000000000395876436104644,
  "Day_Fluctuation": 0.14918361011472814,
  "Week": 0.0000000000000395964743143188,
  "Week_Fluctuation": 0.43016448523773115,
  "Updated": "2018-04-27T02:43:27.6435096Z"
}
