{
  "Live": 0.000000000040293,
  "Minute": 0.000000000040293,
  "Minute_Fluctuation": 0.05618657294694835,
  "Minute_5": 0.000000000040293,
  "Minute_5_Fluctuation": 0.05618657294694835,
  "Minute_10": 0.000000000040293,
  "Minute_10_Fluctuation": 0.055585660762690142,
  "Hour": 0.0000000000386357121729752,
  "Hour_Fluctuation": 0.014209010937191419,
  "Day": 0.0000000000390609090241515,
  "Day_Fluctuation": 0.05351681473877485,
  "Week": 0.0000000000381517997467557,
  "Week_Fluctuation": 0.21750943214498472,
  "Updated": "2018-04-23T00:03:43.7090454Z"
}
