{
  "Live": 0.0000000000097218,
  "Minute": 0.0000000000097218,
  "Minute_Fluctuation": 0.2800872461921613,
  "Minute_5": 0.0000000000097218,
  "Minute_5_Fluctuation": 0.2800872461921613,
  "Minute_10": 0.0000000000097218,
  "Minute_10_Fluctuation": 0.27967936757715645,
  "Hour": 0.00000000000799372929576924,
  "Hour_Fluctuation": 0.054711548807253318,
  "Day": 0.00000000000774731170806742,
  "Day_Fluctuation": 0.041329863876996387,
  "Week": 0.0000000000075968929221954,
  "Week_Fluctuation": 0.2146884282881443,
  "Updated": "2018-04-23T00:03:37.9094793Z"
}
