{
  "Live": 0.0000000012105621,
  "Minute": 0.00000000123794290022529,
  "Minute_Fluctuation": 0.030878160883120689,
  "Minute_5": 0.00000000124054448146753,
  "Minute_5_Fluctuation": 0.0065575519637619539,
  "Minute_10": 0.0000000012391508913561,
  "Minute_10_Fluctuation": 0.0041338146024140938,
  "Hour": 0.00000000123840096079572,
  "Hour_Fluctuation": 0.0075688371816987152,
  "Day": 0.00000000124041331544715,
  "Day_Fluctuation": 0.14956918431887378,
  "Week": 0.00000000124119455416137,
  "Week_Fluctuation": 0.43016555312308541,
  "Updated": "2018-04-27T02:43:28.335648Z"
}
