{
  "Live": 0.0000000000012078,
  "Minute": 0.0000000000012078,
  "Minute_Fluctuation": 0.79714261607352044,
  "Minute_5": 0.0000000000012078,
  "Minute_5_Fluctuation": 0.80515216553941638,
  "Minute_10": 0.0000000000029531054763172,
  "Minute_10_Fluctuation": 0.69385894753664235,
  "Hour": 0.00000000000591941680619614,
  "Hour_Fluctuation": 0.44640150405325163,
  "Day": 0.00000000000625473567220032,
  "Day_Fluctuation": 0.49444286335239918,
  "Week": 0.00000000000625656956380216,
  "Week_Fluctuation": 0.49916835108388796,
  "Updated": "2018-04-28T01:27:56.9902116Z"
}
