{
  "Live": 0.000000000000039600966999311,
  "Minute": 0.000000000000039600940786335,
  "Minute_Fluctuation": 3.7766730610882504E-06,
  "Minute_5": 0.0000000000000396009240148408,
  "Minute_5_Fluctuation": 1.6626100676637204E-06,
  "Minute_10": 0.0000000000000396009413124881,
  "Minute_10_Fluctuation": 9.148079788576766E-07,
  "Hour": 0.0000000000000396009620850868,
  "Hour_Fluctuation": 0.00059795164086010337,
  "Day": 0.0000000000000396009668179547,
  "Day_Fluctuation": 0.00011436685007326144,
  "Week": 0.000000000000039600966999311,
  "Week_Fluctuation": 0.38295377915778073,
  "Updated": "2018-04-24T23:41:51.4600204Z"
}
