{
  "Live": 0.0000000000000022869,
  "Minute": 0.0000000000000029717695396357,
  "Minute_Fluctuation": 0.04305629460958775,
  "Minute_5": 0.0000000000000030262039154267,
  "Minute_5_Fluctuation": 0.00885843082658169,
  "Minute_10": 0.0000000000000030288560056898,
  "Minute_10_Fluctuation": 0.0070327888711227268,
  "Hour": 0.000000000000003039490697524,
  "Hour_Fluctuation": 0.0077955871547161458,
  "Day": 0.0000000000000030417604439186,
  "Day_Fluctuation": 0.14941660211321409,
  "Week": 0.0000000000000030398057590799,
  "Week_Fluctuation": 0.43012777170263927,
  "Updated": "2018-04-27T02:43:27.1182891Z"
}
