{
  "Live": 0.0000000000002079,
  "Minute": 0.000000000000207373395619315,
  "Minute_Fluctuation": 0.037898404138192468,
  "Minute_5": 0.000000000000207266967695852,
  "Minute_5_Fluctuation": 0.044914471595258763,
  "Minute_10": 0.000000000000204377806976101,
  "Minute_10_Fluctuation": 0.047938012889475419,
  "Hour": 0.000000000000200655187508591,
  "Hour_Fluctuation": 0.088696432053272531,
  "Day": 0.000000000000203985899333403,
  "Day_Fluctuation": 0.021580234272928715,
  "Week": 0.000000000000207240373912893,
  "Week_Fluctuation": 0.23047100455085132,
  "Updated": "2018-04-22T08:33:16.9119551Z"
}
