{
  "Live": 0.0000000000003762,
  "Minute": 0.000000000000340958447091915,
  "Minute_Fluctuation": 0.026998263184189096,
  "Minute_5": 0.000000000000337536483193189,
  "Minute_5_Fluctuation": 0.0056362937819643046,
  "Minute_10": 0.000000000000337567182753502,
  "Minute_10_Fluctuation": 0.011254432332073497,
  "Hour": 0.000000000000338132911498848,
  "Hour_Fluctuation": 0.010229462342004477,
  "Day": 0.000000000000336928979746136,
  "Day_Fluctuation": 0.15021604614916326,
  "Week": 0.000000000000336681416569189,
  "Week_Fluctuation": 0.43027665752611655,
  "Updated": "2018-04-27T02:43:28.4958528Z"
}
