{
  "Live": 0.0000000001586277,
  "Minute": 0.000000000148036966493761,
  "Minute_Fluctuation": 0.017064536255491008,
  "Minute_5": 0.000000000146795645349517,
  "Minute_5_Fluctuation": 0.0036931610879207266,
  "Minute_10": 0.000000000146643523583562,
  "Minute_10_Fluctuation": 0.00303902020932989,
  "Hour": 0.000000000146644355102581,
  "Hour_Fluctuation": 0.0050337995232162761,
  "Day": 0.000000000147437005482113,
  "Day_Fluctuation": 0.030187088242256892,
  "Week": 0.00000000014648546899713,
  "Week_Fluctuation": 0.20815932941110041,
  "Updated": "2018-04-23T04:56:35.7352133Z"
}
