{
  "Live": 0.000000000000574198776872357,
  "Minute": 0.000000000000576107710136894,
  "Minute_Fluctuation": 0.017235473356479576,
  "Minute_5": 0.000000000000576054978182864,
  "Minute_5_Fluctuation": 0.00617198319901646,
  "Minute_10": 0.000000000000575236633107752,
  "Minute_10_Fluctuation": 0.0036623058259348789,
  "Hour": 0.000000000000574386841395237,
  "Hour_Fluctuation": 0.00075334103857117971,
  "Day": 0.000000000000574205646345221,
  "Day_Fluctuation": 3.2315840853248708E-05,
  "Week": 0.000000000000574198776872357,
  "Week_Fluctuation": 0.38294361752702166,
  "Updated": "2018-04-24T23:41:51.3859117Z"
}
