{
  "Live": 0.0000000000116919,
  "Minute": 0.0000000000116919,
  "Minute_Fluctuation": 0.011130136986301338,
  "Minute_5": 0.0000000000116919,
  "Minute_5_Fluctuation": 0.011130136986301338,
  "Minute_10": 0.0000000000116919,
  "Minute_10_Fluctuation": 0.011130136986301338,
  "Hour": 0.0000000000108295477677566,
  "Hour_Fluctuation": 0.035641582355996015,
  "Day": 0.0000000000104513964217684,
  "Day_Fluctuation": 0.019022636000474789,
  "Week": 0.0000000000104259072519415,
  "Week_Fluctuation": 0.21261826224568944,
  "Updated": "2018-04-23T00:14:26.6549509Z"
}
