{
  "Live": 0.0000000000004356,
  "Minute": 0.0000000000004356,
  "Minute_Fluctuation": 0.029295214901665079,
  "Minute_5": 0.0000000000004356,
  "Minute_5_Fluctuation": 0.029295214901665079,
  "Minute_10": 0.0000000000004356,
  "Minute_10_Fluctuation": 0.02946428202701418,
  "Hour": 0.000000000000446844938511074,
  "Hour_Fluctuation": 0.007506510032121997,
  "Day": 0.00000000000045228548740468,
  "Day_Fluctuation": 0.023671952817804341,
  "Week": 0.000000000000448732104182941,
  "Week_Fluctuation": 0.21267673906843004,
  "Updated": "2018-04-23T00:03:41.9415055Z"
}
