{
  "Live": 0.0000000000000188199,
  "Minute": 0.0000000000000226246473616916,
  "Minute_Fluctuation": 0.02575361605819693,
  "Minute_5": 0.0000000000000230170799630564,
  "Minute_5_Fluctuation": 0.0052397411338050521,
  "Minute_10": 0.000000000000023066134038227,
  "Minute_10_Fluctuation": 0.0026251812991500306,
  "Hour": 0.0000000000000231070124342025,
  "Hour_Fluctuation": 0.0015867278711542917,
  "Day": 0.0000000000000231103996434271,
  "Day_Fluctuation": 0.23379744958742851,
  "Week": 0.0000000000000231151394486405,
  "Week_Fluctuation": 0.4556678668261559,
  "Updated": "2018-04-26T17:09:34.8643513Z"
}
