{
  "Live": 0.0000000000094446,
  "Minute": 0.00000000000787831833013965,
  "Minute_Fluctuation": 0.063788715241582861,
  "Minute_5": 0.00000000000765097326024216,
  "Minute_5_Fluctuation": 0.013675094062234648,
  "Minute_10": 0.00000000000762255512650497,
  "Minute_10_Fluctuation": 0.0068951045018728167,
  "Hour": 0.00000000000760200525937914,
  "Hour_Fluctuation": 0.074071302686567517,
  "Day": 0.00000000000786197230618673,
  "Day_Fluctuation": 0.047136854008970289,
  "Week": 0.00000000000759416518536077,
  "Week_Fluctuation": 0.23214255232776376,
  "Updated": "2018-04-22T11:00:36.3203686Z"
}
