{
  "Live": 0.0000000000232551,
  "Minute": 0.0000000000220918034183165,
  "Minute_Fluctuation": 0.095882204848898644,
  "Minute_5": 0.0000000000218145288282258,
  "Minute_5_Fluctuation": 0.10218583869387908,
  "Minute_10": 0.0000000000211399243455197,
  "Minute_10_Fluctuation": 0.37745975034995133,
  "Hour": 0.0000000000200858900251932,
  "Hour_Fluctuation": 0.10810658399025197,
  "Day": 0.0000000000215075676331872,
  "Day_Fluctuation": 0.03397716266501128,
  "Week": 0.0000000000217452445649529,
  "Week_Fluctuation": 0.23397013817689727,
  "Updated": "2018-04-22T08:33:18.8026912Z"
}
