{
  "Live": 0.0000000000001881,
  "Minute": 0.000000000000188106978829297,
  "Minute_Fluctuation": 0.0047611275585970224,
  "Minute_5": 0.000000000000188107614759395,
  "Minute_5_Fluctuation": 0.0010429237196749935,
  "Minute_10": 0.000000000000188129623199958,
  "Minute_10_Fluctuation": 0.000832215043850172,
  "Hour": 0.000000000000188406277717393,
  "Hour_Fluctuation": 0.0043377718858581809,
  "Day": 0.000000000000188157809608002,
  "Day_Fluctuation": 0.14886693111909977,
  "Week": 0.000000000000188107773663059,
  "Week_Fluctuation": 0.43009464488125537,
  "Updated": "2018-04-27T02:43:28.0303782Z"
}
