{
  "Live": 0.0000000000001683,
  "Minute": 0.0000000000001683,
  "Minute_Fluctuation": 0.12909231747627592,
  "Minute_5": 0.0000000000001683,
  "Minute_5_Fluctuation": 0.14601536829377315,
  "Minute_10": 0.000000000000178525669374138,
  "Minute_10_Fluctuation": 0.15742640433828917,
  "Hour": 0.000000000000200518505621326,
  "Hour_Fluctuation": 0.18350509449218516,
  "Day": 0.00000000000019810151589243,
  "Day_Fluctuation": 0.47450841332283467,
  "Week": 0.000000000000198013856179276,
  "Week_Fluctuation": 0.49626093530202986,
  "Updated": "2018-04-28T01:27:55.2290243Z"
}
