{
  "Live": 0.000000000000002772,
  "Minute": 0.000000000000002772,
  "Minute_Fluctuation": 0.09397273987830311,
  "Minute_5": 0.000000000000002772,
  "Minute_5_Fluctuation": 0.09397273987830311,
  "Minute_10": 0.000000000000002772,
  "Minute_10_Fluctuation": 0.093864531271228055,
  "Hour": 0.0000000000000025787594800714,
  "Hour_Fluctuation": 0.018691740026159542,
  "Day": 0.0000000000000025470801498354,
  "Day_Fluctuation": 0.012895137983343961,
  "Week": 0.0000000000000025341364505234,
  "Week_Fluctuation": 0.210431402103265,
  "Updated": "2018-04-23T00:03:38.3711826Z"
}
