{
  "Live": 0.0000000000010197,
  "Minute": 0.0000000000010197,
  "Minute_Fluctuation": 0.50952380952380949,
  "Minute_5": 0.0000000000010197,
  "Minute_5_Fluctuation": 0.50952380952380949,
  "Minute_10": 0.0000000000010197,
  "Minute_10_Fluctuation": 0.50952380952380949,
  "Hour": 0.00000000000220545868128506,
  "Hour_Fluctuation": 0.14133593076176865,
  "Day": 0.00000000000251193017586376,
  "Day_Fluctuation": 0.043170793913150721,
  "Week": 0.00000000000254232910298096,
  "Week_Fluctuation": 0.21906268462429637,
  "Updated": "2018-04-23T00:14:30.5752088Z"
}
