{
  "Live": 0.00000000000935533354371699,
  "Minute": 0.00000000000934639066379205,
  "Minute_Fluctuation": 0.0056571415748820873,
  "Minute_5": 0.00000000000934015732279234,
  "Minute_5_Fluctuation": 0.0024571719864825473,
  "Minute_10": 0.00000000000934625824592579,
  "Minute_10_Fluctuation": 0.0013430129265230603,
  "Hour": 0.0000000000093535966109267,
  "Hour_Fluctuation": 0.00031459482624354468,
  "Day": 0.00000000000935526943929327,
  "Day_Fluctuation": 8.2237623688334314E-05,
  "Week": 0.00000000000935533354371699,
  "Week_Fluctuation": 0.38294822832020448,
  "Updated": "2018-04-24T23:41:51.1797786Z"
}
