{
  "Live": 0.0000000000000001683,
  "Minute": 0.0000000000000001683,
  "Minute_Fluctuation": 0.061907980209810747,
  "Minute_5": 0.0000000000000001683,
  "Minute_5_Fluctuation": 0.061907980209810747,
  "Minute_10": 0.0000000000000001683,
  "Minute_10_Fluctuation": 0.0618340553179632,
  "Hour": 0.0000000000000001603081440864,
  "Hour_Fluctuation": 0.011758160402668661,
  "Day": 0.0000000000000001588737593622,
  "Day_Fluctuation": 0.0078390566504043472,
  "Week": 0.0000000000000001584987304047,
  "Week_Fluctuation": 0.20872311532702584,
  "Updated": "2018-04-23T00:03:39.5920449Z"
}
