{
  "Live": 0.0000000001413225,
  "Minute": 0.0000000001413225,
  "Minute_Fluctuation": 502.72148476022767,
  "Minute_5": 0.0000000001413225,
  "Minute_5_Fluctuation": 502.72148476022767,
  "Minute_10": 0.0000000001413225,
  "Minute_10_Fluctuation": 227.73423320880983,
  "Hour": 0.000000000027963513330527,
  "Hour_Fluctuation": 9.5395480114422213,
  "Day": 0.00000000000163178322177862,
  "Day_Fluctuation": 2.8615882635958783,
  "Week": 0.00000000000043076658251251,
  "Week_Fluctuation": 0.97283641029086643,
  "Updated": "2018-04-23T00:03:41.4870831Z"
}
