{
  "Live": 0.0000000000000396,
  "Minute": 0.0000000000000396,
  "Minute_Fluctuation": 822.29121431137617,
  "Minute_5": 0.0000000000000396,
  "Minute_5_Fluctuation": 822.29121431137617,
  "Minute_10": 0.0000000000000396,
  "Minute_10_Fluctuation": 432.74587054881334,
  "Hour": 0.0000000000000074415628966095,
  "Hour_Fluctuation": 17.240406723540087,
  "Day": 0.0000000000000003861360936205,
  "Day_Fluctuation": 4.1221856094487892,
  "Week": 0.0000000000000000901257741756,
  "Week_Fluctuation": 1.2728699620838548,
  "Updated": "2018-04-23T00:03:39.8544129Z"
}
