{
  "Live": 0.0000000000127512,
  "Minute": 0.0000000000127512,
  "Minute_Fluctuation": 0.08144416456759021,
  "Minute_5": 0.0000000000127512,
  "Minute_5_Fluctuation": 0.08144416456759021,
  "Minute_10": 0.0000000000127512,
  "Minute_10_Fluctuation": 0.08144416456759021,
  "Hour": 0.0000000000111032806041328,
  "Hour_Fluctuation": 0.057145636011793066,
  "Day": 0.0000000000105538489890853,
  "Day_Fluctuation": 0.021180862590325047,
  "Week": 0.0000000000104793331615826,
  "Week_Fluctuation": 0.21216977322990452,
  "Updated": "2018-04-23T00:14:27.2855252Z"
}
