{
  "Live": 0.0000000000601128,
  "Minute": 0.0000000000418098000035552,
  "Minute_Fluctuation": 0.15051374187972444,
  "Minute_5": 0.0000000000389020001417262,
  "Minute_5_Fluctuation": 0.032572305478068234,
  "Minute_10": 0.0000000000385947029717918,
  "Minute_10_Fluctuation": 0.018853074218310915,
  "Hour": 0.0000000000385916136748182,
  "Hour_Fluctuation": 0.033556880934832292,
  "Day": 0.0000000000390963422449831,
  "Day_Fluctuation": 0.055361305082691534,
  "Week": 0.0000000000381754107665296,
  "Week_Fluctuation": 0.21442196839259398,
  "Updated": "2018-04-23T03:19:54.7200667Z"
}
