{
  "Live": 0.0000000000075537,
  "Minute": 0.0000000000075537,
  "Minute_Fluctuation": 0.44507575757575768,
  "Minute_5": 0.0000000000075537,
  "Minute_5_Fluctuation": 0.44507575757575768,
  "Minute_10": 0.0000000000075537,
  "Minute_10_Fluctuation": 0.44507575757575768,
  "Hour": 0.00000000000524539629755324,
  "Hour_Fluctuation": 0.14108691760874117,
  "Day": 0.00000000000468522513450476,
  "Day_Fluctuation": 0.057668662145214468,
  "Week": 0.00000000000459349545856824,
  "Week_Fluctuation": 0.22315806179628864,
  "Updated": "2018-04-23T00:14:30.2894453Z"
}
