{
  "Live": 0.0000000000000032373,
  "Minute": 0.000000000000002617628287704,
  "Minute_Fluctuation": 0.058145785550018175,
  "Minute_5": 0.0000000000000025534395926642,
  "Minute_5_Fluctuation": 0.012479070726800812,
  "Minute_10": 0.0000000000000025455310644317,
  "Minute_10_Fluctuation": 0.0080381427981400713,
  "Hour": 0.0000000000000025492352348762,
  "Hour_Fluctuation": 0.015602248125866799,
  "Day": 0.0000000000000025644414848354,
  "Day_Fluctuation": 0.019564047161723649,
  "Week": 0.0000000000000025374003788119,
  "Week_Fluctuation": 0.20566377451812523,
  "Updated": "2018-04-23T04:56:34.7651807Z"
}
