{
  "Live": 0.0000000000194832,
  "Minute": 0.0000000000187269769627704,
  "Minute_Fluctuation": 0.0088965423713525046,
  "Minute_5": 0.000000000018619440632186,
  "Minute_5_Fluctuation": 0.001825963402224771,
  "Minute_10": 0.000000000018605998590863,
  "Minute_10_Fluctuation": 0.00091580500244992221,
  "Hour": 0.0000000000185947968897604,
  "Hour_Fluctuation": 0.00027407807267261117,
  "Day": 0.0000000000185935977291298,
  "Day_Fluctuation": 0.23327663256961034,
  "Week": 0.0000000000185925698848984,
  "Week_Fluctuation": 0.45555703547432375,
  "Updated": "2018-04-26T17:09:37.5160082Z"
}
