{
  "Live": 0.0000000000000178002,
  "Minute": 0.0000000000000178002,
  "Minute_Fluctuation": 0.12797992471769135,
  "Minute_5": 0.0000000000000178002,
  "Minute_5_Fluctuation": 0.12797992471769135,
  "Minute_10": 0.0000000000000178002,
  "Minute_10_Fluctuation": 0.12797992471769135,
  "Hour": 0.0000000000000263099880999088,
  "Hour_Fluctuation": 0.14147088309171024,
  "Day": 0.0000000000000303986929350763,
  "Day_Fluctuation": 0.030312961887272255,
  "Week": 0.0000000000000308767931112725,
  "Week_Fluctuation": 0.21369435264162653,
  "Updated": "2018-04-23T00:14:26.1063958Z"
}
