{
  "Live": 0.0000000008149878,
  "Minute": 0.0000000008149878,
  "Minute_Fluctuation": 0.279069588470537,
  "Minute_5": 0.0000000008149878,
  "Minute_5_Fluctuation": 0.28361135384325992,
  "Minute_10": 0.000000000927739703623319,
  "Minute_10_Fluctuation": 0.22623828506341162,
  "Hour": 0.00000000109795359512472,
  "Hour_Fluctuation": 0.18248249942930203,
  "Day": 0.00000000113795980725245,
  "Day_Fluctuation": 0.47482221422764714,
  "Week": 0.00000000113921475856184,
  "Week_Fluctuation": 0.49630892134190074,
  "Updated": "2018-04-28T01:27:56.1506661Z"
}
