{
  "Live": 0.000000000787622800222213,
  "Minute": 0.000000000765750116205822,
  "Minute_Fluctuation": 0.17813463869798474,
  "Minute_5": 0.000000000752076760465369,
  "Minute_5_Fluctuation": 0.070853705191635336,
  "Minute_10": 0.000000000766385077617969,
  "Minute_10_Fluctuation": 0.038475695336908665,
  "Hour": 0.000000000783560209935936,
  "Hour_Fluctuation": 0.0093465707465708609,
  "Day": 0.000000000787472875688545,
  "Day_Fluctuation": 0.00044295962677783464,
  "Week": 0.000000000787622800222213,
  "Week_Fluctuation": 0.38308720419327841,
  "Updated": "2018-04-24T23:41:51.4989426Z"
}
