{
  "Live": 0.0000000000000001584,
  "Minute": 0.0000000000000001585213500418,
  "Minute_Fluctuation": 0.0066536229755383867,
  "Minute_5": 0.0000000000000001585372351611,
  "Minute_5_Fluctuation": 0.0015100816985202162,
  "Minute_10": 0.0000000000000001585671434584,
  "Minute_10_Fluctuation": 0.0012892343181895652,
  "Hour": 0.0000000000000001589717954572,
  "Hour_Fluctuation": 0.01001043020486028,
  "Day": 0.0000000000000001590960640634,
  "Day_Fluctuation": 0.0088575413634711941,
  "Week": 0.000000000000000158541204471,
  "Week_Fluctuation": 0.20496395173406015,
  "Updated": "2018-04-23T03:19:52.8476067Z"
}
