{
  "Live": 0.0000000000274125326136308,
  "Minute": 0.0000000000273095345032807,
  "Minute_Fluctuation": 0.020921226801016449,
  "Minute_5": 0.0000000000272387460976597,
  "Minute_5_Fluctuation": 0.0097470564373711033,
  "Minute_10": 0.000000000027307973004924,
  "Minute_10_Fluctuation": 0.0053687431818795423,
  "Hour": 0.0000000000273924206576382,
  "Hour_Fluctuation": 0.0014276502702744913,
  "Day": 0.000000000027411789647036,
  "Day_Fluctuation": 0.00010619449257384408,
  "Week": 0.0000000000274125326136308,
  "Week_Fluctuation": 0.38295195745402577,
  "Updated": "2018-04-24T23:41:51.7404919Z"
}
