{
  "Live": 0.0000000002005839,
  "Minute": 0.0000000002005839,
  "Minute_Fluctuation": 0.0822170024825037,
  "Minute_5": 0.0000000002005839,
  "Minute_5_Fluctuation": 0.0709035290280199,
  "Minute_10": 0.000000000196033912271257,
  "Minute_10_Fluctuation": 0.065620208183919809,
  "Hour": 0.000000000182385999698345,
  "Hour_Fluctuation": 0.15880765221532264,
  "Day": 0.00000000018722095640781,
  "Day_Fluctuation": 0.47375157474408192,
  "Week": 0.000000000187800960254812,
  "Week_Fluctuation": 0.49615662969887719,
  "Updated": "2018-04-28T01:27:55.6772765Z"
}
