{
  "Live": 0.0000000000044055,
  "Minute": 0.0000000000048559306858789,
  "Minute_Fluctuation": 0.041250924451858483,
  "Minute_5": 0.00000000000491643870815823,
  "Minute_5_Fluctuation": 0.0090899104095307874,
  "Minute_10": 0.00000000000492948205427741,
  "Minute_10_Fluctuation": 0.00905952812852521,
  "Hour": 0.00000000000490291280601927,
  "Hour_Fluctuation": 0.044802972815753926,
  "Day": 0.00000000000490414354071075,
  "Day_Fluctuation": 0.03941458521065766,
  "Week": 0.00000000000493155821025308,
  "Week_Fluctuation": 0.21265918120442306,
  "Updated": "2018-04-23T03:19:53.0723344Z"
}
