{
  "Live": 0.0000000000005445,
  "Minute": 0.0000000000005445,
  "Minute_Fluctuation": 0.006162078766701916,
  "Minute_5": 0.0000000000005445,
  "Minute_5_Fluctuation": 0.006162078766701916,
  "Minute_10": 0.0000000000005445,
  "Minute_10_Fluctuation": 0.0059056730447705945,
  "Hour": 0.000000000000543042175742286,
  "Hour_Fluctuation": 0.00559561977750985,
  "Day": 0.000000000000543711282893952,
  "Day_Fluctuation": 0.020391552550084908,
  "Week": 0.000000000000541168835077043,
  "Week_Fluctuation": 0.21597720447986107,
  "Updated": "2018-04-23T00:03:38.8662395Z"
}
