{
  "Live": 0.0000000000002309076,
  "Minute": 0.000000000000229322244472019,
  "Minute_Fluctuation": 0.041400794655682555,
  "Minute_5": 0.000000000000228993525478947,
  "Minute_5_Fluctuation": 0.048176931710433205,
  "Minute_10": 0.000000000000225565242339579,
  "Minute_10_Fluctuation": 0.13603850026775716,
  "Hour": 0.000000000000217876539985632,
  "Hour_Fluctuation": 0.086124177317435158,
  "Day": 0.000000000000230888762986725,
  "Day_Fluctuation": 0.04968970820259621,
  "Week": 0.000000000000228911386494443,
  "Week_Fluctuation": 0.23612979679181284,
  "Updated": "2018-04-22T08:33:17.2063872Z"
}
