{
  "Live": 0.0000000000000495,
  "Minute": 0.0000000000000408606563399103,
  "Minute_Fluctuation": 0.053204306959459505,
  "Minute_5": 0.0000000000000398494149893601,
  "Minute_5_Fluctuation": 0.011046184714826258,
  "Minute_10": 0.0000000000000397230098205413,
  "Minute_10_Fluctuation": 0.0055468150146797549,
  "Hour": 0.000000000000039617672179859,
  "Hour_Fluctuation": 0.0025206989010569396,
  "Day": 0.0000000000000395850276316796,
  "Day_Fluctuation": 0.23413231908522594,
  "Week": 0.0000000000000395967300536757,
  "Week_Fluctuation": 0.45573416846201481,
  "Updated": "2018-04-26T17:09:35.800125Z"
}
