{
  "Live": 0.00000000001287,
  "Minute": 0.00000000000620227896470091,
  "Minute_Fluctuation": 0.25738947069547513,
  "Minute_5": 0.0000000000052874422669287,
  "Minute_5_Fluctuation": 0.052131667479894186,
  "Minute_10": 0.00000000000517308767970718,
  "Minute_10_Fluctuation": 0.026103801054786682,
  "Hour": 0.0000000000050777921903559,
  "Hour_Fluctuation": 0.0046413376424965253,
  "Day": 0.00000000000505882053448738,
  "Day_Fluctuation": 0.23563586441622739,
  "Week": 0.00000000000505884653949678,
  "Week_Fluctuation": 0.45611562377149689,
  "Updated": "2018-04-26T17:09:37.1888385Z"
}
