{
  "Live": 0.0000000003413619,
  "Minute": 0.000000000232193118083622,
  "Minute_Fluctuation": 0.063903728990674272,
  "Minute_5": 0.00000000022192396604243,
  "Minute_5_Fluctuation": 0.012875946462025336,
  "Minute_10": 0.000000000220530606666957,
  "Minute_10_Fluctuation": 0.0079022766708403726,
  "Hour": 0.000000000219192544101577,
  "Hour_Fluctuation": 0.011560381809856511,
  "Day": 0.000000000219372000728464,
  "Day_Fluctuation": 0.15158312797277365,
  "Week": 0.000000000219357951488486,
  "Week_Fluctuation": 0.43059199868383913,
  "Updated": "2018-04-27T02:43:28.2602214Z"
}
