{
  "Live": 0.0000000000021087,
  "Minute": 0.00000000000458181921457026,
  "Minute_Fluctuation": 0.082542307864565762,
  "Minute_5": 0.00000000000486158624245149,
  "Minute_5_Fluctuation": 0.016797323406836782,
  "Minute_10": 0.00000000000489645331924839,
  "Minute_10_Fluctuation": 0.00918024825941848,
  "Hour": 0.0000000000049168139765329,
  "Hour_Fluctuation": 0.012004113482243875,
  "Day": 0.00000000000490547668226678,
  "Day_Fluctuation": 0.037397779301673394,
  "Week": 0.00000000000493149330608996,
  "Week_Fluctuation": 0.21065759742306411,
  "Updated": "2018-04-23T04:56:35.4506271Z"
}
