{
  "Live": 0.0000000000068508,
  "Minute": 0.0000000000068508,
  "Minute_Fluctuation": 0.38897735917674719,
  "Minute_5": 0.0000000000068508,
  "Minute_5_Fluctuation": 0.38897735917674719,
  "Minute_10": 0.0000000000068508,
  "Minute_10_Fluctuation": 0.38959165105444393,
  "Hour": 0.00000000000527844628170822,
  "Hour_Fluctuation": 0.078449648733196264,
  "Day": 0.00000000000492007540801956,
  "Day_Fluctuation": 0.029111841118588836,
  "Week": 0.00000000000493430107861801,
  "Week_Fluctuation": 0.21468898468163636,
  "Updated": "2018-04-23T00:03:40.0920647Z"
}
