{
  "Live": 0.000000000000002772,
  "Minute": 0.000000000000002772,
  "Minute_Fluctuation": 1.4229092807016807E-16,
  "Minute_5": 0.000000000000002772,
  "Minute_5_Fluctuation": 1.4229092807016807E-16,
  "Minute_10": 0.000000000000002772,
  "Minute_10_Fluctuation": 1.4229092807016807E-16,
  "Hour": 0.0000000000000026135388313963,
  "Hour_Fluctuation": 0.028814461650104938,
  "Day": 0.0000000000000025487668575222,
  "Day_Fluctuation": 0.013460647663639943,
  "Week": 0.0000000000000025343912754418,
  "Week_Fluctuation": 0.21030652234516939,
  "Updated": "2018-04-23T00:14:26.2977397Z"
}
