{
  "Live": 0.0000000000154242,
  "Minute": 0.0000000000102981558168088,
  "Minute_Fluctuation": 0.17022484950518646,
  "Minute_5": 0.00000000000957497050189876,
  "Minute_5_Fluctuation": 0.037389811466466756,
  "Minute_10": 0.00000000000949748396114502,
  "Minute_10_Fluctuation": 0.018771046464661739,
  "Hour": 0.00000000000938001624037158,
  "Hour_Fluctuation": 0.026225373809954388,
  "Day": 0.00000000000937935740121457,
  "Day_Fluctuation": 0.020934322266639844,
  "Week": 0.00000000000939426385388986,
  "Week_Fluctuation": 0.20927427510686658,
  "Updated": "2018-04-23T03:19:53.5314696Z"
}
