{
  "Live": 0.0000000000141174,
  "Minute": 0.0000000000141174,
  "Minute_Fluctuation": 0.35076776150464078,
  "Minute_5": 0.0000000000141174,
  "Minute_5_Fluctuation": 0.35076776150464078,
  "Minute_10": 0.0000000000141174,
  "Minute_10_Fluctuation": 0.35084101280246305,
  "Hour": 0.0000000000203775192708399,
  "Hour_Fluctuation": 0.065186885437806541,
  "Day": 0.0000000000215789323113666,
  "Day_Fluctuation": 0.023307357965799504,
  "Week": 0.0000000000217366149456307,
  "Week_Fluctuation": 0.21329378197604495,
  "Updated": "2018-04-23T00:03:43.5091578Z"
}
