{
  "Live": 0.0000000000000309177,
  "Minute": 0.0000000000000308461369145844,
  "Minute_Fluctuation": 0.06744299538225218,
  "Minute_5": 0.0000000000000308373464083832,
  "Minute_5_Fluctuation": 0.016124714585097694,
  "Minute_10": 0.0000000000000308843685966859,
  "Minute_10_Fluctuation": 0.010104103034104882,
  "Hour": 0.0000000000000304000847736077,
  "Hour_Fluctuation": 0.079500568339833155,
  "Day": 0.0000000000000301898642282757,
  "Day_Fluctuation": 0.037237928041074009,
  "Week": 0.0000000000000308351498719254,
  "Week_Fluctuation": 0.211182410324558,
  "Updated": "2018-04-23T03:19:52.2866327Z"
}
