{
  "Live": 0.0000000001012968,
  "Minute": 0.000000000209606308066967,
  "Minute_Fluctuation": 0.116350620986915,
  "Minute_5": 0.000000000223515958307769,
  "Minute_5_Fluctuation": 0.023968382633254327,
  "Minute_10": 0.00000000022525466458787,
  "Minute_10_Fluctuation": 0.012024114813797625,
  "Hour": 0.000000000226703586487953,
  "Hour_Fluctuation": 0.0055835474903015471,
  "Day": 0.000000000226715273302446,
  "Day_Fluctuation": 0.23557293757173264,
  "Week": 0.000000000226991645960946,
  "Week_Fluctuation": 0.455910247586182,
  "Updated": "2018-04-26T17:09:36.593817Z"
}
