{
  "Live": 0.0000000000038115,
  "Minute": 0.00000000000233936267873401,
  "Minute_Fluctuation": 0.15022038748553007,
  "Minute_5": 0.0000000000021948682745288,
  "Minute_5_Fluctuation": 0.0322737248386361,
  "Minute_10": 0.00000000000218393862324907,
  "Minute_10_Fluctuation": 0.0170882406288999,
  "Hour": 0.00000000000218303756845429,
  "Hour_Fluctuation": 0.035291639415967684,
  "Day": 0.00000000000216300198513568,
  "Day_Fluctuation": 0.15262441817678729,
  "Week": 0.0000000000021587625919304,
  "Week_Fluctuation": 0.43067615910827117,
  "Updated": "2018-04-27T02:43:28.5753318Z"
}
