{
  "Live": 0.0000000000876645,
  "Minute": 0.0000000000876645,
  "Minute_Fluctuation": 0.40151978854719805,
  "Minute_5": 0.0000000000876645,
  "Minute_5_Fluctuation": 0.40151978854719805,
  "Minute_10": 0.0000000000876645,
  "Minute_10_Fluctuation": 0.40147950100651447,
  "Hour": 0.000000000135937250049171,
  "Hour_Fluctuation": 0.073685143113178572,
  "Day": 0.000000000147159130904324,
  "Day_Fluctuation": 0.027214556519637181,
  "Week": 0.000000000146415956446971,
  "Week_Fluctuation": 0.21311434250376066,
  "Updated": "2018-04-23T00:03:40.7217496Z"
}
