{
  "Live": 0.0000000000124047,
  "Minute": 0.0000000000203814719742876,
  "Minute_Fluctuation": 0.14436879595264157,
  "Minute_5": 0.0000000000214613698181926,
  "Minute_5_Fluctuation": 0.0302893568407795,
  "Minute_10": 0.0000000000215929208388736,
  "Minute_10_Fluctuation": 0.019275818157190434,
  "Hour": 0.0000000000216333216246398,
  "Hour_Fluctuation": 0.011710931514676304,
  "Day": 0.0000000000215748284526517,
  "Day_Fluctuation": 0.026362141560147306,
  "Week": 0.0000000000217312103632656,
  "Week_Fluctuation": 0.20819957701507627,
  "Updated": "2018-04-23T04:56:37.0316899Z"
}
