{
  "Live": 0.000000000000376202395344272,
  "Minute": 0.000000000000376090069012341,
  "Minute_Fluctuation": 0.010883169250437998,
  "Minute_5": 0.000000000000373532955801661,
  "Minute_5_Fluctuation": 0.024538360970820881,
  "Minute_10": 0.000000000000374475203259211,
  "Minute_10_Fluctuation": 0.015665715853681397,
  "Hour": 0.000000000000375852563937699,
  "Hour_Fluctuation": 0.0021729693648365181,
  "Day": 0.000000000000376189353872753,
  "Day_Fluctuation": 0.00012088063266692771,
  "Week": 0.000000000000376202395344272,
  "Week_Fluctuation": 0.38297617918731458,
  "Updated": "2018-04-24T23:41:51.6687032Z"
}
