{
  "Live": 0.0000000001528857,
  "Minute": 0.000000000172533871922328,
  "Minute_Fluctuation": 0.073393961119569362,
  "Minute_5": 0.000000000174975198629234,
  "Minute_5_Fluctuation": 0.016753212246627382,
  "Minute_10": 0.000000000175280364467597,
  "Minute_10_Fluctuation": 0.0085112084283123033,
  "Hour": 0.000000000175534669332899,
  "Hour_Fluctuation": 0.00035123463114070114,
  "Day": 0.000000000175516483875305,
  "Day_Fluctuation": 0.23419080171744541,
  "Week": 0.000000000175585227562073,
  "Week_Fluctuation": 0.45571069630514049,
  "Updated": "2018-04-26T17:09:36.2886395Z"
}
