{
  "Live": 0.0000000000033165,
  "Minute": 0.00000000000461985199391638,
  "Minute_Fluctuation": 0.44561065804158567,
  "Minute_5": 0.00000000000486948376157146,
  "Minute_5_Fluctuation": 0.46822480412884315,
  "Minute_10": 0.00000000000440808886524183,
  "Minute_10_Fluctuation": 0.39546183164854587,
  "Hour": 0.00000000000453700413216552,
  "Hour_Fluctuation": 0.097535033976189525,
  "Day": 0.0000000000048680373584569,
  "Day_Fluctuation": 0.042562543273997069,
  "Week": 0.00000000000493186074716484,
  "Week_Fluctuation": 0.23534583257740843,
  "Updated": "2018-04-22T08:33:16.331291Z"
}
