{
  "Live": 0.0000000000058905,
  "Minute": 0.0000000000058905,
  "Minute_Fluctuation": 0.4881175701811693,
  "Minute_5": 0.0000000000058905,
  "Minute_5_Fluctuation": 0.49927310908829248,
  "Minute_10": 0.00000000000797275525889805,
  "Minute_10_Fluctuation": 0.40353565647320144,
  "Hour": 0.0000000000120838328281399,
  "Hour_Fluctuation": 0.31333679030522504,
  "Day": 0.000000000011845194235651,
  "Day_Fluctuation": 0.48239892371999676,
  "Week": 0.0000000000118241458041116,
  "Week_Fluctuation": 0.49740412779123988,
  "Updated": "2018-04-28T01:27:52.6448006Z"
}
