{
  "Live": 0.00000000000581117718895739,
  "Minute": 0.00000000000575487573078005,
  "Minute_Fluctuation": 0.057861246295633745,
  "Minute_5": 0.00000000000571626082299261,
  "Minute_5_Fluctuation": 0.023429834972339365,
  "Minute_10": 0.00000000000575430110095514,
  "Minute_10_Fluctuation": 0.012463095284333736,
  "Hour": 0.00000000000580027305375527,
  "Hour_Fluctuation": 0.0024585839023552789,
  "Day": 0.00000000000581077462309725,
  "Day_Fluctuation": 0.00012957583903891616,
  "Week": 0.00000000000581117718895739,
  "Week_Fluctuation": 0.38296211257590873,
  "Updated": "2018-04-24T23:41:51.4809539Z"
}
