{
  "Live": 0.0000000000006039,
  "Minute": 0.000000000000548246427082689,
  "Minute_Fluctuation": 0.030147615008167383,
  "Minute_5": 0.000000000000542338525314405,
  "Minute_5_Fluctuation": 0.0064908108850620181,
  "Minute_10": 0.000000000000541581113950971,
  "Minute_10_Fluctuation": 0.0050718647045507187,
  "Hour": 0.000000000000540062317302163,
  "Hour_Fluctuation": 0.0078827713053098991,
  "Day": 0.000000000000541375002851616,
  "Day_Fluctuation": 0.021194352349919041,
  "Week": 0.000000000000540862282499042,
  "Week_Fluctuation": 0.21049862674368058,
  "Updated": "2018-04-23T04:56:34.9525147Z"
}
