{
  "Live": 0.0000000000074052,
  "Minute": 0.00000000000531921327648926,
  "Minute_Fluctuation": 0.0659865708724109,
  "Minute_5": 0.00000000000511238585107308,
  "Minute_5_Fluctuation": 0.013448190098778625,
  "Minute_10": 0.00000000000509540358706299,
  "Minute_10_Fluctuation": 0.01778202479550663,
  "Hour": 0.00000000000512705614252597,
  "Hour_Fluctuation": 0.0312306028772262,
  "Day": 0.00000000000507102385281941,
  "Day_Fluctuation": 0.15262472520880821,
  "Week": 0.00000000000506070464296127,
  "Week_Fluctuation": 0.43089640007227686,
  "Updated": "2018-04-27T02:43:28.6528498Z"
}
