{
  "Live": 0.0000000000291852,
  "Minute": 0.0000000000248191045951565,
  "Minute_Fluctuation": 0.052833868952716731,
  "Minute_5": 0.0000000000242058072887551,
  "Minute_5_Fluctuation": 0.011249863772249836,
  "Minute_10": 0.0000000000241291451254549,
  "Minute_10_Fluctuation": 0.0056674682721642921,
  "Hour": 0.0000000000240652599893714,
  "Hour_Fluctuation": 0.0040883836619466894,
  "Day": 0.0000000000240712366918131,
  "Day_Fluctuation": 0.23463453869428269,
  "Week": 0.0000000000240525590158881,
  "Week_Fluctuation": 0.45576394426735051,
  "Updated": "2018-04-26T17:09:37.4044747Z"
}
