{
  "Live": 0.0000000000197901,
  "Minute": 0.0000000000110075258064264,
  "Minute_Fluctuation": 0.74534856548275941,
  "Minute_5": 0.00000000000896723624890624,
  "Minute_5_Fluctuation": 0.60719518554889085,
  "Minute_10": 0.0000000000122570232491651,
  "Minute_10_Fluctuation": 0.39500101524163267,
  "Hour": 0.0000000000128767974087179,
  "Hour_Fluctuation": 0.58286345352057,
  "Day": 0.0000000000097054944449207,
  "Day_Fluctuation": 0.17866036952446543,
  "Week": 0.00000000000845741687162412,
  "Week_Fluctuation": 0.26184294543151865,
  "Updated": "2018-04-22T08:33:18.5005767Z"
}
