{
  "Live": 0.0000000000144045,
  "Minute": 0.00000000000348349548076362,
  "Minute_Fluctuation": 12.600948521309098,
  "Minute_5": 0.000000000000913692291803509,
  "Minute_5_Fluctuation": 3.3051254399242316,
  "Minute_10": 0.00000000000501498163748462,
  "Minute_10_Fluctuation": 0.69737235726862778,
  "Hour": 0.0000000000057827771405619,
  "Hour_Fluctuation": 4.302295367120454,
  "Day": 0.00000000000160343195199354,
  "Day_Fluctuation": 113108.78431383772,
  "Week": 0.000000000000271560170554174,
  "Week_Fluctuation": 27860.98850810315,
  "Updated": "2018-04-22T08:33:18.651676Z"
}
