{
  "Live": 0.0000000000005445,
  "Minute": 0.0000000000005445,
  "Minute_Fluctuation": 0.035087719298245751,
  "Minute_5": 0.0000000000005445,
  "Minute_5_Fluctuation": 0.035087719298245751,
  "Minute_10": 0.0000000000005445,
  "Minute_10_Fluctuation": 0.035087719298245751,
  "Hour": 0.000000000000557729854982398,
  "Hour_Fluctuation": 0.012634301731073258,
  "Day": 0.000000000000559488858886182,
  "Day_Fluctuation": 0.020163744517942367,
  "Week": 0.000000000000557099158750277,
  "Week_Fluctuation": 0.21614334345815,
  "Updated": "2018-04-23T00:14:33.6792313Z"
}
