{
  "Live": 0.0000000000000396,
  "Minute": 0.0000000000000396,
  "Minute_Fluctuation": 1.5936583943858823E-16,
  "Minute_5": 0.0000000000000396,
  "Minute_5_Fluctuation": 1.5936583943858823E-16,
  "Minute_10": 0.0000000000000396,
  "Minute_10_Fluctuation": 1.5936583943858823E-16,
  "Hour": 0.0000000000000399122635542785,
  "Hour_Fluctuation": 0.0057018754440032651,
  "Day": 0.0000000000000403367211958528,
  "Day_Fluctuation": 0.01748377606001808,
  "Week": 0.0000000000000401127494903203,
  "Week_Fluctuation": 0.21000611855647741,
  "Updated": "2018-04-23T00:14:34.4632659Z"
}
