{
  "Live": 0.0000000000199584,
  "Minute": 0.0000000000192719495274988,
  "Minute_Fluctuation": 0.010461261838119511,
  "Minute_5": 0.0000000000191504719935585,
  "Minute_5_Fluctuation": 0.0021797344117323843,
  "Minute_10": 0.0000000000191352873018159,
  "Minute_10_Fluctuation": 0.0010951827394270635,
  "Hour": 0.0000000000191226333920305,
  "Hour_Fluctuation": 0.00044882628384460162,
  "Day": 0.000000000019120328791714,
  "Day_Fluctuation": 0.23322556290609667,
  "Week": 0.0000000000191201176742517,
  "Week_Fluctuation": 0.455548521670735,
  "Updated": "2018-04-26T17:09:40.1439613Z"
}
