{
  "Live": 0.0000000000193149,
  "Minute": 0.0000000000193149,
  "Minute_Fluctuation": 0.59929204530502467,
  "Minute_5": 0.0000000000193149,
  "Minute_5_Fluctuation": 0.96817164153628388,
  "Minute_10": 0.0000000000193149,
  "Minute_10_Fluctuation": 1.0226153325117828,
  "Hour": 0.0000000000111936721127432,
  "Hour_Fluctuation": 0.21611693518051717,
  "Day": 0.00000000000989302361886843,
  "Day_Fluctuation": 0.13652597161570296,
  "Week": 0.00000000000925857876346199,
  "Week_Fluctuation": 0.23650923476266117,
  "Updated": "2018-04-23T00:03:49.1588829Z"
}
