{
  "Live": 0.000000000000594,
  "Minute": 0.000000000000564448004335436,
  "Minute_Fluctuation": 0.022873327938556929,
  "Minute_5": 0.000000000000560828638514573,
  "Minute_5_Fluctuation": 0.0048910111363029418,
  "Minute_10": 0.000000000000559895065014772,
  "Minute_10_Fluctuation": 0.0036709806600308632,
  "Hour": 0.000000000000558702895208521,
  "Hour_Fluctuation": 0.0073752936412831791,
  "Day": 0.000000000000559647499921852,
  "Day_Fluctuation": 0.14973075049491674,
  "Week": 0.000000000000559924245889444,
  "Week_Fluctuation": 0.43025850558828033,
  "Updated": "2018-04-27T02:43:30.2441996Z"
}
