{
  "Live": 0.0000000000106128,
  "Minute": 0.0000000000125187392365595,
  "Minute_Fluctuation": 0.049672653342278023,
  "Minute_5": 0.0000000000128252873818546,
  "Minute_5_Fluctuation": 0.010487883055755045,
  "Minute_10": 0.0000000000128636059000164,
  "Minute_10_Fluctuation": 0.0052767467226829626,
  "Hour": 0.0000000000128955379984847,
  "Hour_Fluctuation": 0.0015055796294212789,
  "Day": 0.0000000000129063583779506,
  "Day_Fluctuation": 0.23477699477185587,
  "Week": 0.0000000000129018864037754,
  "Week_Fluctuation": 0.45582277439964836,
  "Updated": "2018-04-26T17:09:38.7663018Z"
}
