{
  "Live": 0.0000000000005841,
  "Minute": 0.0000000000005841,
  "Minute_Fluctuation": 0.04365200373601006,
  "Minute_5": 0.0000000000005841,
  "Minute_5_Fluctuation": 0.04313170934350545,
  "Minute_10": 0.000000000000593083890236482,
  "Minute_10_Fluctuation": 0.035264858557853343,
  "Hour": 0.000000000000628300843452668,
  "Hour_Fluctuation": 0.17300355090038391,
  "Day": 0.000000000000612220977042228,
  "Day_Fluctuation": 0.47415834071631596,
  "Week": 0.000000000000610328716549234,
  "Week_Fluctuation": 0.49621061959124341,
  "Updated": "2018-04-28T01:28:02.8241506Z"
}
