{
  "Live": 0.0000000000001485,
  "Minute": 0.000000000000141473863611927,
  "Minute_Fluctuation": 0.10587389337313678,
  "Minute_5": 0.000000000000140180148536185,
  "Minute_5_Fluctuation": 0.026923459604273468,
  "Minute_10": 0.000000000000140405764102632,
  "Minute_10_Fluctuation": 0.019420536696327758,
  "Hour": 0.000000000000141192640961596,
  "Hour_Fluctuation": 0.067896591304055065,
  "Day": 0.000000000000141168079153183,
  "Day_Fluctuation": 0.048540051160609436,
  "Week": 0.000000000000139856880198187,
  "Week_Fluctuation": 0.21598840306314224,
  "Updated": "2018-04-23T03:19:56.4109303Z"
}
