{
  "Live": 0.0000000000029205,
  "Minute": 0.00000000000360498982527108,
  "Minute_Fluctuation": 0.086792921122052724,
  "Minute_5": 0.00000000000371128116992275,
  "Minute_5_Fluctuation": 0.019693805986145493,
  "Minute_10": 0.00000000000372495127246828,
  "Minute_10_Fluctuation": 0.010840185303209264,
  "Hour": 0.00000000000374497965133335,
  "Hour_Fluctuation": 0.012997966306008852,
  "Day": 0.00000000000379408635974057,
  "Day_Fluctuation": 0.050363315120802186,
  "Week": 0.00000000000373784082511535,
  "Week_Fluctuation": 0.21233646345346563,
  "Updated": "2018-04-23T04:56:38.4201096Z"
}
