{
  "Live": 0.0000000001497276,
  "Minute": 0.0000000001497276,
  "Minute_Fluctuation": 2.6904506226384393,
  "Minute_5": 0.0000000001497276,
  "Minute_5_Fluctuation": 16.987432177289744,
  "Minute_10": 0.0000000001497276,
  "Minute_10_Fluctuation": 31.746839644935445,
  "Hour": 0.0000000000289623818238589,
  "Hour_Fluctuation": 10.181948009313864,
  "Day": 0.00000000000160998536014699,
  "Day_Fluctuation": 3.1050951845223724,
  "Week": 0.000000000000422608291124776,
  "Week_Fluctuation": 1.000426141342309,
  "Updated": "2018-04-23T00:03:47.4965077Z"
}
