{
  "Live": 0.0000000000000157707,
  "Minute": 0.0000000000000157707,
  "Minute_Fluctuation": 0.54268782066381782,
  "Minute_5": 0.0000000000000157707,
  "Minute_5_Fluctuation": 0.50974976283188267,
  "Minute_10": 0.0000000000000157707,
  "Minute_10_Fluctuation": 0.5053701553307316,
  "Hour": 0.0000000000000287933039773946,
  "Hour_Fluctuation": 0.095426036593885363,
  "Day": 0.0000000000000311996315974456,
  "Day_Fluctuation": 0.02915884802981529,
  "Week": 0.000000000000031573199046926,
  "Week_Fluctuation": 0.21412196471561643,
  "Updated": "2018-04-23T00:03:44.5732247Z"
}
