{
  "Live": 0.00000000000475011223801504,
  "Minute": 0.00000000000471605852528939,
  "Minute_Fluctuation": 0.036751684400127507,
  "Minute_5": 0.00000000000469887913086129,
  "Minute_5_Fluctuation": 0.02140963207665493,
  "Minute_10": 0.00000000000471937024263646,
  "Minute_10_Fluctuation": 0.012834664691259098,
  "Hour": 0.00000000000474420810433444,
  "Hour_Fluctuation": 0.0024612279848354704,
  "Day": 0.00000000000474989418038248,
  "Day_Fluctuation": 0.0001900255484392418,
  "Week": 0.00000000000475011223801504,
  "Week_Fluctuation": 0.38297037268874046,
  "Updated": "2018-04-24T23:41:52.1509377Z"
}
