{
  "Live": 0.0000000000434412,
  "Minute": 0.000000000440604786577032,
  "Minute_Fluctuation": 7.5331103968900868,
  "Minute_5": 0.000000000554071288999967,
  "Minute_5_Fluctuation": 9.4208768598163743,
  "Minute_10": 0.00000000040166180666542,
  "Minute_10_Fluctuation": 6.5949652167487534,
  "Hour": 0.000000000371832459326262,
  "Hour_Fluctuation": 2.3908983330681086,
  "Day": 0.000000000516559146954581,
  "Day_Fluctuation": 0.15327594196540853,
  "Week": 0.000000000582423843858873,
  "Week_Fluctuation": 0.25650323850949569,
  "Updated": "2018-04-22T08:33:21.1443861Z"
}
