{
  "Live": 0.0000000000078507,
  "Minute": 0.00000000000998469275939447,
  "Minute_Fluctuation": 0.30477863064776856,
  "Minute_5": 0.0000000000105545727839512,
  "Minute_5_Fluctuation": 0.31511121172604539,
  "Minute_10": 0.00000000000981574334828637,
  "Minute_10_Fluctuation": 0.29240017533492513,
  "Hour": 0.00000000000948192452036079,
  "Hour_Fluctuation": 0.13426155329550943,
  "Day": 0.0000000000106423865608664,
  "Day_Fluctuation": 0.040318968122445328,
  "Week": 0.0000000000106969721204445,
  "Week_Fluctuation": 0.23512312351327913,
  "Updated": "2018-04-22T08:33:20.1451431Z"
}
