{
  "Live": 0.0000000000016335,
  "Minute": 0.00000000000053614897476684,
  "Minute_Fluctuation": 0.54297293825271131,
  "Minute_5": 0.000000000000387264520711046,
  "Minute_5_Fluctuation": 0.10887354572222549,
  "Minute_10": 0.000000000000368826584803516,
  "Minute_10_Fluctuation": 0.058630524750422131,
  "Hour": 0.000000000000354640976124928,
  "Hour_Fluctuation": 0.021278580500371853,
  "Day": 0.000000000000350400204542056,
  "Day_Fluctuation": 0.15059889629968778,
  "Week": 0.000000000000350061870051024,
  "Week_Fluctuation": 0.43035777833190758,
  "Updated": "2018-04-27T02:43:31.3488416Z"
}
