{
  "Live": 0.0000000000032868,
  "Minute": 0.0000000000032868,
  "Minute_Fluctuation": 0.51104565537555224,
  "Minute_5": 0.0000000000032868,
  "Minute_5_Fluctuation": 0.51104565537555224,
  "Minute_10": 0.0000000000032868,
  "Minute_10_Fluctuation": 0.51104565537555224,
  "Hour": 0.00000000000473258915018162,
  "Hour_Fluctuation": 0.13948696003354677,
  "Day": 0.00000000000474132898370803,
  "Day_Fluctuation": 0.066898482803049331,
  "Week": 0.00000000000464713188519441,
  "Week_Fluctuation": 0.22467135490347057,
  "Updated": "2018-04-23T00:14:36.9525142Z"
}
