{
  "Live": 0.0000000000006336,
  "Minute": 0.000000000000495653651573913,
  "Minute_Fluctuation": 0.12570418011739384,
  "Minute_5": 0.000000000000469331022356283,
  "Minute_5_Fluctuation": 0.027962936273412807,
  "Minute_10": 0.000000000000466798746763491,
  "Minute_10_Fluctuation": 0.017938604264109821,
  "Hour": 0.000000000000461477732354454,
  "Hour_Fluctuation": 0.03929273047683108,
  "Day": 0.000000000000462854697887009,
  "Day_Fluctuation": 0.028600789143149098,
  "Week": 0.000000000000462753629266809,
  "Week_Fluctuation": 0.20995146061063583,
  "Updated": "2018-04-23T03:19:56.8270463Z"
}
