{
  "Live": 0.0000000101871,
  "Minute": 0.0000000101501396532592,
  "Minute_Fluctuation": 0.026008058387492209,
  "Minute_5": 0.0000000101447828867559,
  "Minute_5_Fluctuation": 0.0060764530851289567,
  "Minute_10": 0.0000000101608745857166,
  "Minute_10_Fluctuation": 0.0052325948449402715,
  "Hour": 0.0000000101700120111978,
  "Hour_Fluctuation": 0.0090280941137423042,
  "Day": 0.0000000101541283699368,
  "Day_Fluctuation": 0.15078885769852746,
  "Week": 0.0000000101434443594117,
  "Week_Fluctuation": 0.43036871311239888,
  "Updated": "2018-04-27T02:43:32.0025276Z"
}
