{
  "Live": 0.0000000000002673,
  "Minute": 0.0000000000002673,
  "Minute_Fluctuation": 0.24967737081361677,
  "Minute_5": 0.0000000000002673,
  "Minute_5_Fluctuation": 0.22339950977565848,
  "Minute_10": 0.0000000000002673,
  "Minute_10_Fluctuation": 0.21994148285263049,
  "Hour": 0.00000000000032934444347352,
  "Hour_Fluctuation": 0.048268814236158364,
  "Day": 0.000000000000342392216478294,
  "Day_Fluctuation": 0.027802022078667592,
  "Week": 0.000000000000341102925499986,
  "Week_Fluctuation": 0.21577695011677669,
  "Updated": "2018-04-23T00:03:48.2031281Z"
}
