{
  "Live": 0.0000000000083358,
  "Minute": 0.00000000000956590178599254,
  "Minute_Fluctuation": 0.047450770533620373,
  "Minute_5": 0.00000000000976074509875506,
  "Minute_5_Fluctuation": 0.010093541533135729,
  "Minute_10": 0.00000000000978510051285038,
  "Minute_10_Fluctuation": 0.0050824032717627513,
  "Hour": 0.00000000000980539669126314,
  "Hour_Fluctuation": 0.0015580783076689156,
  "Day": 0.0000000000098071287635672,
  "Day_Fluctuation": 0.23420568605999195,
  "Week": 0.00000000000980943176482853,
  "Week_Fluctuation": 0.45577383704214608,
  "Updated": "2018-04-26T17:09:38.5413052Z"
}
