{
  "Live": 0.000000000016632,
  "Minute": 0.000000000016632,
  "Minute_Fluctuation": 0.22673124920950088,
  "Minute_5": 0.000000000016632,
  "Minute_5_Fluctuation": 0.23963262573287097,
  "Minute_10": 0.0000000000184293831194932,
  "Minute_10_Fluctuation": 0.20484559089682608,
  "Hour": 0.000000000020277286877138,
  "Hour_Fluctuation": 0.20005563609087329,
  "Day": 0.0000000000218524254192957,
  "Day_Fluctuation": 0.47599892556525186,
  "Week": 0.000000000021961335894558,
  "Week_Fluctuation": 0.49647994499998122,
  "Updated": "2018-04-28T01:28:04.4667949Z"
}
