{
  "Live": 0.0000000001033065,
  "Minute": 0.0000000000185849110599365,
  "Minute_Fluctuation": 13.151647476225392,
  "Minute_5": 0.00000000000482795280884244,
  "Minute_5_Fluctuation": 3.1705595026392692,
  "Minute_10": 0.00000000000314730223873261,
  "Minute_10_Fluctuation": 1.8703187276057123,
  "Hour": 0.00000000000485500727709709,
  "Hour_Fluctuation": 1.1197538137744862,
  "Day": 0.00000000000727700732725415,
  "Day_Fluctuation": 4.3332716195196417,
  "Week": 0.00000000000139041921807428,
  "Week_Fluctuation": 2.2918562768717292,
  "Updated": "2018-04-23T04:56:38.9334019Z"
}
