{
  "Live": 0.0000000002621421,
  "Minute": 0.0000000002621421,
  "Minute_Fluctuation": 0.40539249509049397,
  "Minute_5": 0.0000000002621421,
  "Minute_5_Fluctuation": 0.40539249509049397,
  "Minute_10": 0.0000000002621421,
  "Minute_10_Fluctuation": 0.40539249509049397,
  "Hour": 0.0000000000775722016514466,
  "Hour_Fluctuation": 8.056799533731688,
  "Day": 0.00000000000404034393275303,
  "Day_Fluctuation": 4.3272878031427275,
  "Week": 0.000000000000740636787988717,
  "Week_Fluctuation": 1.9510729372110385,
  "Updated": "2018-04-23T00:14:35.9965737Z"
}
