{
  "Live": 0.0000000000000212751,
  "Minute": 0.0000000000000212751,
  "Minute_Fluctuation": 0.34902699309478963,
  "Minute_5": 0.0000000000000212751,
  "Minute_5_Fluctuation": 0.34902699309478963,
  "Minute_10": 0.0000000000000212751,
  "Minute_10_Fluctuation": 0.34902699309478963,
  "Hour": 0.0000000000000274391001013038,
  "Hour_Fluctuation": 0.12526948474880278,
  "Day": 0.0000000000000311251466140747,
  "Day_Fluctuation": 0.031327374239348074,
  "Week": 0.0000000000000315621578099563,
  "Week_Fluctuation": 0.21424209397372163,
  "Updated": "2018-04-23T00:14:33.017184Z"
}
