{
  "Live": 0.0000000000000190179,
  "Minute": 0.0000000000000227952698935054,
  "Minute_Fluctuation": 0.041323597799027972,
  "Minute_5": 0.0000000000000233831408616789,
  "Minute_5_Fluctuation": 0.00855569305959478,
  "Minute_10": 0.0000000000000234566247327006,
  "Minute_10_Fluctuation": 0.0042953045691097053,
  "Hour": 0.0000000000000235178612918854,
  "Hour_Fluctuation": 0.0016295527941075996,
  "Day": 0.0000000000000235291419915459,
  "Day_Fluctuation": 0.23374387282216491,
  "Week": 0.0000000000000235300357030566,
  "Week_Fluctuation": 0.45566434210617762,
  "Updated": "2018-04-26T17:09:38.3528527Z"
}
