{
  "Live": 0.0000000130482,
  "Minute": 0.0000000106790758287022,
  "Minute_Fluctuation": 0.076338256363176829,
  "Minute_5": 0.0000000102497394466514,
  "Minute_5_Fluctuation": 0.0159901661446395,
  "Minute_10": 0.0000000101960723988951,
  "Minute_10_Fluctuation": 0.0080378514750611314,
  "Hour": 0.0000000101513498590981,
  "Hour_Fluctuation": 0.0018267211527201789,
  "Day": 0.0000000101507796955804,
  "Day_Fluctuation": 0.23481048854162831,
  "Week": 0.0000000101424585922575,
  "Week_Fluctuation": 0.45579386286858742,
  "Updated": "2018-04-26T17:09:40.4478103Z"
}
