{
  "Live": 0.0000000000016236,
  "Minute": 0.00000000000231586357527724,
  "Minute_Fluctuation": 0.10266695552885288,
  "Minute_5": 0.00000000000245176140101041,
  "Minute_5_Fluctuation": 0.02160637912191099,
  "Minute_10": 0.00000000000246579001567525,
  "Minute_10_Fluctuation": 0.014603753562794752,
  "Hour": 0.0000000000025973579508176,
  "Hour_Fluctuation": 0.20745436762004574,
  "Day": 0.00000000000250449658121016,
  "Day_Fluctuation": 0.077311184815900519,
  "Week": 0.00000000000248571900503476,
  "Week_Fluctuation": 0.22574715515032445,
  "Updated": "2018-04-23T03:19:57.1647889Z"
}
