{
  "Live": 0.0000000000000024255,
  "Minute": 0.0000000000000030467566657582,
  "Minute_Fluctuation": 0.058642594485272807,
  "Minute_5": 0.0000000000000031217412523651,
  "Minute_5_Fluctuation": 0.012254441089105702,
  "Minute_10": 0.0000000000000031248737142471,
  "Minute_10_Fluctuation": 0.0099249509660411482,
  "Hour": 0.0000000000000031368403808099,
  "Hour_Fluctuation": 0.00894273502194337,
  "Day": 0.0000000000000031423199363486,
  "Day_Fluctuation": 0.14952430566680647,
  "Week": 0.0000000000000031404781003329,
  "Week_Fluctuation": 0.43014139561990544,
  "Updated": "2018-04-27T02:43:30.0795503Z"
}
