{
  "Live": 0.000000000000600000326626406,
  "Minute": 0.000000000000606300742705102,
  "Minute_Fluctuation": 0.047057330541454029,
  "Minute_5": 0.000000000000606664105169267,
  "Minute_5_Fluctuation": 0.01719191716769498,
  "Minute_10": 0.000000000000603847008948679,
  "Minute_10_Fluctuation": 0.0096132449344526472,
  "Hour": 0.000000000000600716813029459,
  "Hour_Fluctuation": 0.0018310633362480563,
  "Day": 0.000000000000600026638300487,
  "Day_Fluctuation": 8.2134551076346661E-05,
  "Week": 0.000000000000600000326626406,
  "Week_Fluctuation": 0.38295315066215385,
  "Updated": "2018-04-24T23:41:51.9377818Z"
}
