{
  "Live": 0.0000000000166716,
  "Minute": 0.0000000000166716,
  "Minute_Fluctuation": 0.90273645799611058,
  "Minute_5": 0.0000000000166716,
  "Minute_5_Fluctuation": 0.92229639185839374,
  "Minute_10": 0.0000000000166716,
  "Minute_10_Fluctuation": 0.9240894002309652,
  "Hour": 0.000000000185540779123207,
  "Hour_Fluctuation": 0.18843892782619343,
  "Day": 0.000000000698055098207621,
  "Day_Fluctuation": 24.698662441347658,
  "Week": 0.000000000225117027881539,
  "Week_Fluctuation": 8.80425717908565,
  "Updated": "2018-04-23T00:03:45.6421361Z"
}
