{
  "Live": 0.00000000001089,
  "Minute": 0.000000000018076859054195,
  "Minute_Fluctuation": 0.12011912953469325,
  "Minute_5": 0.000000000019104509823239,
  "Minute_5_Fluctuation": 0.024963692389036438,
  "Minute_10": 0.0000000000191649141939733,
  "Minute_10_Fluctuation": 0.017727599271854959,
  "Hour": 0.0000000000193042883252707,
  "Hour_Fluctuation": 0.010477146478965076,
  "Day": 0.0000000000193712101777145,
  "Day_Fluctuation": 0.15048658325467121,
  "Week": 0.0000000000193612950786487,
  "Week_Fluctuation": 0.43033905331561034,
  "Updated": "2018-04-27T02:43:31.8647942Z"
}
