{
  "Live": 0.0000000000186615,
  "Minute": 0.0000000000183172810738533,
  "Minute_Fluctuation": 0.0072927112671647351,
  "Minute_5": 0.0000000000182560359229635,
  "Minute_5_Fluctuation": 0.00157062738259185,
  "Minute_10": 0.0000000000182483802791022,
  "Minute_10_Fluctuation": 0.00079217342231554556,
  "Hour": 0.0000000000182420005758845,
  "Hour_Fluctuation": 0.0012346627749674182,
  "Day": 0.0000000000182438977663872,
  "Day_Fluctuation": 0.23340110464577296,
  "Week": 0.0000000000182407322301258,
  "Week_Fluctuation": 0.45557378698593687,
  "Updated": "2018-04-26T17:09:40.2191592Z"
}
