{
  "Live": 0.0000000000098802,
  "Minute": 0.0000000000098802,
  "Minute_Fluctuation": 0.00200000000000012,
  "Minute_5": 0.0000000000098802,
  "Minute_5_Fluctuation": 0.00200000000000012,
  "Minute_10": 0.0000000000098802,
  "Minute_10_Fluctuation": 0.00200000000000012,
  "Hour": 0.00000000000929415544720552,
  "Hour_Fluctuation": 0.031202963381757026,
  "Day": 0.00000000000907684185548066,
  "Day_Fluctuation": 0.019861700257291948,
  "Week": 0.0000000000089895210525762,
  "Week_Fluctuation": 0.20984028502823704,
  "Updated": "2018-04-23T00:14:32.8112796Z"
}
