{
  "Live": 0.0000000000002274921,
  "Minute": 0.000000000000193064754374829,
  "Minute_Fluctuation": 0.25797125553087835,
  "Minute_5": 0.000000000000182580358931904,
  "Minute_5_Fluctuation": 0.25609535147184376,
  "Minute_10": 0.000000000000169699245051976,
  "Minute_10_Fluctuation": 0.35640249685006153,
  "Hour": 0.000000000000194741507449575,
  "Hour_Fluctuation": 0.27439933941401562,
  "Day": 0.000000000000187868947887552,
  "Day_Fluctuation": 0.067924971781105875,
  "Week": 0.000000000000179960560219417,
  "Week_Fluctuation": 0.2445571600006009,
  "Updated": "2018-04-22T08:33:21.9891566Z"
}
