{
  "Live": 0.0000000000001683,
  "Minute": 0.0000000000001683,
  "Minute_Fluctuation": 0.14737690553206667,
  "Minute_5": 0.0000000000001683,
  "Minute_5_Fluctuation": 0.15591560601092133,
  "Minute_10": 0.000000000000179041671768153,
  "Minute_10_Fluctuation": 0.13845655080241581,
  "Hour": 0.00000000000019021712739638,
  "Hour_Fluctuation": 0.19737195911909719,
  "Day": 0.000000000000199090784068166,
  "Day_Fluctuation": 0.47616952096398435,
  "Week": 0.000000000000199866001401264,
  "Week_Fluctuation": 0.49650555851174455,
  "Updated": "2018-04-28T01:28:01.8441722Z"
}
