{
  "Live": 0.0000000000013662,
  "Minute": 0.00000000000239110314542272,
  "Minute_Fluctuation": 0.083471177064351018,
  "Minute_5": 0.00000000000253335475800473,
  "Minute_5_Fluctuation": 0.017132626499129878,
  "Minute_10": 0.00000000000254956320257031,
  "Minute_10_Fluctuation": 0.013827266010422258,
  "Hour": 0.00000000000256320696151263,
  "Hour_Fluctuation": 0.018647209128943031,
  "Day": 0.00000000000256594020110959,
  "Day_Fluctuation": 0.15322397027199647,
  "Week": 0.00000000000256890002082129,
  "Week_Fluctuation": 0.43079465818877255,
  "Updated": "2018-04-27T02:43:31.5703663Z"
}
