{
  "Live": 0.0000000000022869,
  "Minute": 0.000000000472528467735554,
  "Minute_Fluctuation": 0.34616413192003892,
  "Minute_5": 0.000000000557261888187727,
  "Minute_5_Fluctuation": 0.06979176476877258,
  "Minute_10": 0.000000000565584206180965,
  "Minute_10_Fluctuation": 0.046516571883810753,
  "Hour": 0.000000000535470152338755,
  "Hour_Fluctuation": 0.35201446406121423,
  "Day": 0.00000000053113055870796,
  "Day_Fluctuation": 0.16153090797316938,
  "Week": 0.000000000578434735684146,
  "Week_Fluctuation": 0.23562444403545868,
  "Updated": "2018-04-23T03:19:56.1338201Z"
}
