{
  "Live": 0.0000000000058707,
  "Minute": 0.00000000000465672211940129,
  "Minute_Fluctuation": 0.12592168954827487,
  "Minute_5": 0.00000000000449081748052662,
  "Minute_5_Fluctuation": 0.0287915003429254,
  "Minute_10": 0.00000000000449228670187879,
  "Minute_10_Fluctuation": 0.018703331316606821,
  "Hour": 0.00000000000445048999177485,
  "Hour_Fluctuation": 0.016620584372198714,
  "Day": 0.00000000000444840604939112,
  "Day_Fluctuation": 0.15116908098757373,
  "Week": 0.00000000000444936189429987,
  "Week_Fluctuation": 0.43041353643596381,
  "Updated": "2018-04-27T02:43:31.420852Z"
}
