{
  "Live": 0.0000000000006435,
  "Minute": 0.000000000000401982673653566,
  "Minute_Fluctuation": 0.16009144219732674,
  "Minute_5": 0.000000000000360404844239902,
  "Minute_5_Fluctuation": 0.032447753286012494,
  "Minute_10": 0.000000000000355207615563194,
  "Minute_10_Fluctuation": 0.016250425596621636,
  "Hour": 0.000000000000350876591665937,
  "Hour_Fluctuation": 0.0044355012016214354,
  "Day": 0.000000000000350123348033663,
  "Day_Fluctuation": 0.23422441346482725,
  "Week": 0.000000000000350015542867316,
  "Week_Fluctuation": 0.4557279400376964,
  "Updated": "2018-04-26T17:09:39.7602877Z"
}
