{
  "Live": 0.0000000000129591,
  "Minute": 0.0000000000129591,
  "Minute_Fluctuation": 0.33663792323996622,
  "Minute_5": 0.0000000000129591,
  "Minute_5_Fluctuation": 0.49519921253199378,
  "Minute_10": 0.0000000000129591,
  "Minute_10_Fluctuation": 0.51617972641252141,
  "Hour": 0.00000000000929009557000098,
  "Hour_Fluctuation": 0.10873322565790192,
  "Day": 0.00000000000870414825379761,
  "Day_Fluctuation": 0.073150276548915635,
  "Week": 0.0000000000084149978929247,
  "Week_Fluctuation": 0.22766916674097995,
  "Updated": "2018-04-23T00:03:49.3409335Z"
}
