{
  "Live": 0.000000000242405999866036,
  "Minute": 0.000000000241812517713605,
  "Minute_Fluctuation": 0.017291939487870167,
  "Minute_5": 0.000000000240001829738376,
  "Minute_5_Fluctuation": 0.017292373145477522,
  "Minute_10": 0.000000000240872308580102,
  "Minute_10_Fluctuation": 0.0099735875822520425,
  "Hour": 0.000000000242097800762826,
  "Hour_Fluctuation": 0.0019236086206341142,
  "Day": 0.000000000242394524036351,
  "Day_Fluctuation": 8.7218864095305051E-05,
  "Week": 0.000000000242405999866036,
  "Week_Fluctuation": 0.38297098655091688,
  "Updated": "2018-04-24T23:41:52.3198421Z"
}
