{
  "Live": 0.000000000000002475,
  "Minute": 0.0000000000000025772356479995,
  "Minute_Fluctuation": 0.022787396929222083,
  "Minute_5": 0.000000000000002602068077877,
  "Minute_5_Fluctuation": 0.0050548931301536773,
  "Minute_10": 0.0000000000000026051721316117,
  "Minute_10_Fluctuation": 0.0025575171675479859,
  "Hour": 0.0000000000000026072899565453,
  "Hour_Fluctuation": 0.0375212340668114,
  "Day": 0.0000000000000026276792100692,
  "Day_Fluctuation": 0.015428714778102842,
  "Week": 0.000000000000002608273105928,
  "Week_Fluctuation": 0.22768852686839444,
  "Updated": "2018-04-22T11:00:41.9366953Z"
}
