{
  "Live": 0.0000000001865259,
  "Minute": 0.0000000001865259,
  "Minute_Fluctuation": 2.1886588879309481,
  "Minute_5": 0.0000000001865259,
  "Minute_5_Fluctuation": 14.665547834396939,
  "Minute_10": 0.0000000001865259,
  "Minute_10_Fluctuation": 27.674870471117444,
  "Hour": 0.0000000000370317592541125,
  "Hour_Fluctuation": 8.4912535528461639,
  "Day": 0.000000000002088954686093,
  "Day_Fluctuation": 3.418795514365375,
  "Week": 0.000000000000460120830056596,
  "Week_Fluctuation": 1.3428552827718525,
  "Updated": "2018-04-23T00:03:47.6674381Z"
}
