{
  "Live": 0.0000000067023,
  "Minute": 0.00000000818264335855616,
  "Minute_Fluctuation": 0.25138271813422336,
  "Minute_5": 0.00000000869098404970564,
  "Minute_5_Fluctuation": 0.25531356803088617,
  "Minute_10": 0.00000000818339141442671,
  "Minute_10_Fluctuation": 0.19950220572440575,
  "Hour": 0.00000000823466724893679,
  "Hour_Fluctuation": 0.10969984858467964,
  "Day": 0.00000000879589918232529,
  "Day_Fluctuation": 0.023757862280621104,
  "Week": 0.00000000881800618421286,
  "Week_Fluctuation": 0.23098138727255504,
  "Updated": "2018-04-22T08:33:23.647956Z"
}
