{
  "Live": 0.0000000000008415,
  "Minute": 0.000000000890585818270347,
  "Minute_Fluctuation": 0.26596028672365091,
  "Minute_5": 0.00000000100385675305,
  "Minute_5_Fluctuation": 0.0533628903896666,
  "Minute_10": 0.0000000010097012784173,
  "Minute_10_Fluctuation": 0.042305677110622657,
  "Hour": 0.00000000100275789544257,
  "Hour_Fluctuation": 0.064918270180038692,
  "Day": 0.00000000102551080871603,
  "Day_Fluctuation": 0.15857263202111183,
  "Week": 0.00000000103216044025002,
  "Week_Fluctuation": 0.4316000806576672,
  "Updated": "2018-04-27T02:43:30.7016803Z"
}
