{
  "Live": 0.0000000000129591,
  "Minute": 0.0000000000129591,
  "Minute_Fluctuation": 0.0,
  "Minute_5": 0.0000000000129591,
  "Minute_5_Fluctuation": 0.0,
  "Minute_10": 0.0000000000129591,
  "Minute_10_Fluctuation": 0.0,
  "Hour": 0.00000000000995095032124385,
  "Hour_Fluctuation": 0.16028379389454162,
  "Day": 0.00000000000873608136094147,
  "Day_Fluctuation": 0.076270011778061822,
  "Week": 0.00000000000841986977290002,
  "Week_Fluctuation": 0.22800402722056709,
  "Updated": "2018-04-23T00:14:37.7667258Z"
}
