{
  "Live": 0.0000000000024354,
  "Minute": 0.00000000000247668955517478,
  "Minute_Fluctuation": 0.00823401593331134,
  "Minute_5": 0.00000000000248377448979091,
  "Minute_5_Fluctuation": 0.0017450806628824386,
  "Minute_10": 0.00000000000248463611635778,
  "Minute_10_Fluctuation": 0.001043425565525633,
  "Hour": 0.00000000000249600291209651,
  "Hour_Fluctuation": 0.047063562583559246,
  "Day": 0.00000000000250210671301034,
  "Day_Fluctuation": 0.0732859918309368,
  "Week": 0.00000000000248554484485682,
  "Week_Fluctuation": 0.22367567277854217,
  "Updated": "2018-04-23T04:56:39.5223071Z"
}
