{
  "Live": 0.0000000000705573,
  "Minute": 0.0000000000705573,
  "Minute_Fluctuation": 0.48665599325121917,
  "Minute_5": 0.0000000000705573,
  "Minute_5_Fluctuation": 0.74317965324745283,
  "Minute_10": 0.0000000000705573,
  "Minute_10_Fluctuation": 0.779701762251429,
  "Hour": 0.0000000000446545826867171,
  "Hour_Fluctuation": 0.15338897143546051,
  "Day": 0.000000000039845709504591,
  "Day_Fluctuation": 0.055596332862934007,
  "Week": 0.0000000000387644083176601,
  "Week_Fluctuation": 0.21768896598175214,
  "Updated": "2018-04-23T00:03:49.7431046Z"
}
