{
  "Live": 0.00000000000846016900431206,
  "Minute": 0.00000000000857317844483785,
  "Minute_Fluctuation": 0.064435505377416408,
  "Minute_5": 0.00000000000863140699967892,
  "Minute_5_Fluctuation": 0.027240503813927952,
  "Minute_10": 0.00000000000856215492195486,
  "Minute_10_Fluctuation": 0.01453567880551127,
  "Hour": 0.00000000000847962245932221,
  "Hour_Fluctuation": 0.0026913660468057079,
  "Day": 0.00000000000846088650246496,
  "Day_Fluctuation": 0.00013308068431015896,
  "Week": 0.00000000000846016900431206,
  "Week_Fluctuation": 0.3829576515701652,
  "Updated": "2018-04-24T23:41:52.2854201Z"
}
