{
  "Live": 0.0000000000255717,
  "Minute": 0.0000000000234042340324491,
  "Minute_Fluctuation": 0.12096989185694203,
  "Minute_5": 0.0000000000226753267441187,
  "Minute_5_Fluctuation": 0.11562322610269253,
  "Minute_10": 0.0000000000218524168348419,
  "Minute_10_Fluctuation": 0.35713414161914109,
  "Hour": 0.0000000000208068280711709,
  "Hour_Fluctuation": 0.11111040366816523,
  "Day": 0.0000000000222381957357214,
  "Day_Fluctuation": 0.034570715991763694,
  "Week": 0.0000000000224931903123248,
  "Week_Fluctuation": 0.23426887764583412,
  "Updated": "2018-04-22T08:33:23.3559964Z"
}
