{
  "Live": 0.0000000000139293,
  "Minute": 0.000000000190620040737159,
  "Minute_Fluctuation": 0.29326795376996706,
  "Minute_5": 0.000000000217234575711595,
  "Minute_5_Fluctuation": 0.060029121885840565,
  "Minute_10": 0.000000000220490744154347,
  "Minute_10_Fluctuation": 0.038723780580472669,
  "Hour": 0.000000000218548007248078,
  "Hour_Fluctuation": 0.098898171432863516,
  "Day": 0.000000000603117375218496,
  "Day_Fluctuation": 20.264172565682117,
  "Week": 0.000000000223884909041641,
  "Week_Fluctuation": 8.557313053476,
  "Updated": "2018-04-23T04:56:38.0391739Z"
}
