{
  "Live": 0.0000000001500642,
  "Minute": 0.00000000014643236721993,
  "Minute_Fluctuation": 0.060366032574612233,
  "Minute_5": 0.000000000145768353857793,
  "Minute_5_Fluctuation": 0.0148010190234247,
  "Minute_10": 0.000000000145922566931056,
  "Minute_10_Fluctuation": 0.010619009193938749,
  "Hour": 0.000000000146077263731197,
  "Hour_Fluctuation": 0.021130647899587358,
  "Day": 0.000000000146463341506823,
  "Day_Fluctuation": 0.0285273637707005,
  "Week": 0.000000000145602432860186,
  "Week_Fluctuation": 0.2106940112745205,
  "Updated": "2018-04-23T03:19:56.3272651Z"
}
