{
  "Live": 0.0000000000028215,
  "Minute": 0.0000000000041589096901228,
  "Minute_Fluctuation": 0.074615274987720442,
  "Minute_5": 0.00000000000439104341243462,
  "Minute_5_Fluctuation": 0.015228355844735041,
  "Minute_10": 0.00000000000442006012772359,
  "Minute_10_Fluctuation": 0.0076325595429173271,
  "Hour": 0.00000000000444424072379774,
  "Hour_Fluctuation": 0.0072844170510628272,
  "Day": 0.00000000000444494233790503,
  "Day_Fluctuation": 0.23460988447302636,
  "Week": 0.00000000000444904805658867,
  "Week_Fluctuation": 0.45575445670611681,
  "Updated": "2018-04-26T17:09:39.848476Z"
}
