{
  "Live": 0.0000000000001182951,
  "Minute": 0.000000000000141908727902545,
  "Minute_Fluctuation": 0.05090977449997186,
  "Minute_5": 0.000000000000145723182445078,
  "Minute_5_Fluctuation": 0.010700483407812694,
  "Minute_10": 0.000000000000146199989262895,
  "Minute_10_Fluctuation": 0.0053810488909043774,
  "Hour": 0.000000000000146597328277743,
  "Hour_Fluctuation": 0.0006804545158655452,
  "Day": 0.00000000000014666298640191,
  "Day_Fluctuation": 0.23346371056117626,
  "Week": 0.000000000000146676323058075,
  "Week_Fluctuation": 0.45559294997385352,
  "Updated": "2018-04-26T17:09:38.8339667Z"
}
