{
  "Live": 0.000000001022373,
  "Minute": 0.00000000118922483660979,
  "Minute_Fluctuation": 0.041449284905753309,
  "Minute_5": 0.00000000121151302304921,
  "Minute_5_Fluctuation": 0.0087123597860301986,
  "Minute_10": 0.0000000012124759052418,
  "Minute_10_Fluctuation": 0.007980320835916252,
  "Hour": 0.00000000121095255307729,
  "Hour_Fluctuation": 0.010981456762932173,
  "Day": 0.00000000121609755444136,
  "Day_Fluctuation": 0.14955157730594951,
  "Week": 0.00000000121708230574706,
  "Week_Fluctuation": 0.43016158957865536,
  "Updated": "2018-04-27T02:43:31.1995971Z"
}
