{
  "Live": 0.0000000000189684,
  "Minute": 0.000000000012011318673839,
  "Minute_Fluctuation": 0.14915365725771537,
  "Minute_5": 0.0000000000109569946655491,
  "Minute_5_Fluctuation": 0.030660316924485079,
  "Minute_10": 0.0000000000108255519658828,
  "Minute_10_Fluctuation": 0.014718860544056177,
  "Hour": 0.0000000000107698639128692,
  "Hour_Fluctuation": 0.028304501405586029,
  "Day": 0.0000000000108817101655446,
  "Day_Fluctuation": 0.0351096117798469,
  "Week": 0.0000000000106935444080213,
  "Week_Fluctuation": 0.20936993953315602,
  "Updated": "2018-04-23T04:56:38.1212623Z"
}
