{
  "Live": 0.000000000005445,
  "Minute": 0.00000000000514685505273777,
  "Minute_Fluctuation": 0.05502594347210913,
  "Minute_5": 0.00000000000509653300860488,
  "Minute_5_Fluctuation": 0.012439844989104288,
  "Minute_10": 0.00000000000508965033214591,
  "Minute_10_Fluctuation": 0.0089971819510984881,
  "Hour": 0.00000000000506996680094181,
  "Hour_Fluctuation": 0.013589346476917879,
  "Day": 0.00000000000506215873505709,
  "Day_Fluctuation": 0.037332530754605089,
  "Week": 0.0000000000050839587379045,
  "Week_Fluctuation": 0.21285260178229093,
  "Updated": "2018-04-23T04:56:39.3461595Z"
}
