{
  "Live": 0.000000000003069,
  "Minute": 0.000000000003069,
  "Minute_Fluctuation": 0.62962962962962965,
  "Minute_5": 0.000000000003069,
  "Minute_5_Fluctuation": 0.62962962962962965,
  "Minute_10": 0.000000000003069,
  "Minute_10_Fluctuation": 0.62962962962962965,
  "Hour": 0.00000000000428600392443238,
  "Hour_Fluctuation": 0.2446278762454199,
  "Day": 0.00000000000382499617810879,
  "Day_Fluctuation": 0.0510091531189593,
  "Week": 0.00000000000374046338713385,
  "Week_Fluctuation": 0.21742300073674514,
  "Updated": "2018-04-23T00:14:34.6597295Z"
}
