{
  "Live": 0.0000000000001881,
  "Minute": 0.000000000000173124304219295,
  "Minute_Fluctuation": 0.082397453419871647,
  "Minute_5": 0.000000000000170635915342422,
  "Minute_5_Fluctuation": 0.019590598533110726,
  "Minute_10": 0.000000000000170324866732813,
  "Minute_10_Fluctuation": 0.010000592185100956,
  "Hour": 0.000000000000170065659558139,
  "Hour_Fluctuation": 0.0035963580924416763,
  "Day": 0.000000000000170091403558801,
  "Day_Fluctuation": 0.23422628277150856,
  "Week": 0.000000000000170014126703174,
  "Week_Fluctuation": 0.45574013519393,
  "Updated": "2018-04-26T17:09:39.3066795Z"
}
