{
  "Live": 0.0000000000000179784,
  "Minute": 0.000000000000028244229115206,
  "Minute_Fluctuation": 0.5043533408965013,
  "Minute_5": 0.000000000000030922291071532,
  "Minute_5_Fluctuation": 0.52351111713682563,
  "Minute_10": 0.0000000000000278300673357531,
  "Minute_10_Fluctuation": 0.38144129313802944,
  "Hour": 0.0000000000000274854274521594,
  "Hour_Fluctuation": 0.21200147118388932,
  "Day": 0.0000000000000310034942719382,
  "Day_Fluctuation": 0.036303752227427127,
  "Week": 0.0000000000000315914744596764,
  "Week_Fluctuation": 0.23469010928430137,
  "Updated": "2018-04-22T08:33:19.8465453Z"
}
