{
  "Live": 0.0000000000393228,
  "Minute": 0.00000000000793264812132849,
  "Minute_Fluctuation": 44.914886474010416,
  "Minute_5": 0.00000000000172706023981161,
  "Minute_5_Fluctuation": 9.57097159311589,
  "Minute_10": 0.0000000000010265495026968,
  "Minute_10_Fluctuation": 4.0722797410443521,
  "Hour": 0.00000000000211696696489172,
  "Hour_Fluctuation": 1.4056887528265074,
  "Day": 0.000000000000993027571348175,
  "Day_Fluctuation": 4.5806669144832561,
  "Week": 0.000000000000176432811580391,
  "Week_Fluctuation": 2.4730790422316469,
  "Updated": "2018-04-23T03:19:57.2493645Z"
}
