{
  "Live": 0.0000000000180279,
  "Minute": 0.0000000000180279,
  "Minute_Fluctuation": 0.30496183206106864,
  "Minute_5": 0.0000000000180279,
  "Minute_5_Fluctuation": 0.30496183206106864,
  "Minute_10": 0.0000000000180279,
  "Minute_10_Fluctuation": 0.30496183206106864,
  "Hour": 0.00000000000752182813230268,
  "Hour_Fluctuation": 7.2521468516343939,
  "Day": 0.000000000000411365040177297,
  "Day_Fluctuation": 4.04500279013462,
  "Week": 0.0000000000000804357520126766,
  "Week_Fluctuation": 1.6730165323310446,
  "Updated": "2018-04-23T00:14:37.4166385Z"
}
