{
  "Live": 0.000000000000158697,
  "Minute": 0.000000000000163698437653922,
  "Minute_Fluctuation": 0.0081452990048216239,
  "Minute_5": 0.000000000000164580557856067,
  "Minute_5_Fluctuation": 0.0016807176713257732,
  "Minute_10": 0.000000000000164701907965143,
  "Minute_10_Fluctuation": 0.0012044963871908911,
  "Hour": 0.000000000000164912548831061,
  "Hour_Fluctuation": 0.00463607781821952,
  "Day": 0.000000000000164958709952594,
  "Day_Fluctuation": 0.0066463250330117936,
  "Week": 0.000000000000164800978516697,
  "Week_Fluctuation": 0.20514640127523437,
  "Updated": "2018-04-23T03:19:55.8463991Z"
}
