{
  "Live": 0.0000000101898556490373,
  "Minute": 0.0000000101971645621413,
  "Minute_Fluctuation": 0.00333932205627774,
  "Minute_5": 0.0000000101926995378795,
  "Minute_5_Fluctuation": 0.0019011437635836151,
  "Minute_10": 0.0000000101910054671717,
  "Minute_10_Fluctuation": 0.0011658971905910641,
  "Hour": 0.0000000101899911034392,
  "Hour_Fluctuation": 0.00097801735430730927,
  "Day": 0.0000000101898600622077,
  "Day_Fluctuation": 7.8294513884384948E-05,
  "Week": 0.0000000101898556490373,
  "Week_Fluctuation": 0.38294910891657413,
  "Updated": "2018-04-24T23:41:52.5174453Z"
}
