{
  "Live": 0.0000000000297495,
  "Minute": 0.0000000000290882964108911,
  "Minute_Fluctuation": 0.04266447704202013,
  "Minute_5": 0.0000000000289718371634298,
  "Minute_5_Fluctuation": 0.0095415221073340637,
  "Minute_10": 0.0000000000289572797574972,
  "Minute_10_Fluctuation": 0.0048293292143019887,
  "Hour": 0.0000000000289451485858866,
  "Hour_Fluctuation": 0.0013066035091878216,
  "Day": 0.0000000000289511972576976,
  "Day_Fluctuation": 0.23411296560855227,
  "Week": 0.0000000000289427367934355,
  "Week_Fluctuation": 0.45568917570749129,
  "Updated": "2018-04-26T17:09:40.0742156Z"
}
