{
  "Live": 0.0000000000242352,
  "Minute": 0.000000000861536118652131,
  "Minute_Fluctuation": 0.25897299867685641,
  "Minute_5": 0.00000000099872182680125,
  "Minute_5_Fluctuation": 0.053053345037942512,
  "Minute_10": 0.00000000101587004031989,
  "Minute_10_Fluctuation": 0.026593595722761973,
  "Hour": 0.00000000103016021825209,
  "Hour_Fluctuation": 0.011020553502038918,
  "Day": 0.00000000102989736225425,
  "Day_Fluctuation": 0.23916552232793373,
  "Week": 0.00000000103300124172194,
  "Week_Fluctuation": 0.45645190453490625,
  "Updated": "2018-04-26T17:09:39.0884596Z"
}
