{
  "Live": 0.0000000011611809,
  "Minute": 0.0000000011611809,
  "Minute_Fluctuation": 0.03938996508516026,
  "Minute_5": 0.0000000011611809,
  "Minute_5_Fluctuation": 0.03938996508516026,
  "Minute_10": 0.0000000011611809,
  "Minute_10_Fluctuation": 0.03938996508516026,
  "Hour": 0.00000000038775598624312,
  "Hour_Fluctuation": 8.6504680513575476,
  "Day": 0.0000000000206368808815514,
  "Day_Fluctuation": 4.1908401939924,
  "Week": 0.00000000000395275609122198,
  "Week_Fluctuation": 1.7530123535885858,
  "Updated": "2018-04-23T00:14:36.1750447Z"
}
