{
  "Live": 0.0000000000198600283088526,
  "Minute": 0.0000000000198745013555519,
  "Minute_Fluctuation": 0.003331271645244598,
  "Minute_5": 0.000000000019877020153038,
  "Minute_5_Fluctuation": 0.0011758881310520183,
  "Minute_10": 0.000000000019869954554358,
  "Minute_10_Fluctuation": 0.00062888422201395758,
  "Hour": 0.0000000000198618940693983,
  "Hour_Fluctuation": 0.00014342484796691686,
  "Day": 0.0000000000198600969390935,
  "Day_Fluctuation": 9.0045729405794169E-06,
  "Week": 0.0000000000198600283088526,
  "Week_Fluctuation": 0.38293722746461634,
  "Updated": "2018-04-24T23:41:52.4513908Z"
}
