{
  "Live": 0.0000000000193604831190773,
  "Minute": 0.0000000000194364391012447,
  "Minute_Fluctuation": 0.018054429270553382,
  "Minute_5": 0.0000000000194629165872915,
  "Minute_5_Fluctuation": 0.0094138666812911779,
  "Minute_10": 0.000000000019421551131802,
  "Minute_10_Fluctuation": 0.00551271568553944,
  "Hour": 0.0000000000193721554688347,
  "Hour_Fluctuation": 0.0038887662016037312,
  "Day": 0.0000000000193609138439751,
  "Day_Fluctuation": 0.000164254294703788,
  "Week": 0.0000000000193604831190773,
  "Week_Fluctuation": 0.38296932572900283,
  "Updated": "2018-04-24T23:41:52.4846065Z"
}
