{
  "Live": 0.0000000000007524,
  "Minute": 0.000000000000562163353640941,
  "Minute_Fluctuation": 0.10870159915607805,
  "Minute_5": 0.000000000000536553057667031,
  "Minute_5_Fluctuation": 0.02355528637939663,
  "Minute_10": 0.000000000000535021114780781,
  "Minute_10_Fluctuation": 0.01514317522607701,
  "Hour": 0.000000000000533280426035305,
  "Hour_Fluctuation": 0.014525546944703451,
  "Day": 0.00000000000053073202995175,
  "Day_Fluctuation": 0.15047411796960272,
  "Week": 0.000000000000530153659553511,
  "Week_Fluctuation": 0.43032099123174816,
  "Updated": "2018-04-27T02:43:31.2746163Z"
}
