{
  "Live": 0.0000000000217899,
  "Minute": 0.0000000000217899,
  "Minute_Fluctuation": 1.0411334648157935,
  "Minute_5": 0.0000000000217899,
  "Minute_5_Fluctuation": 1.0378354594074304,
  "Minute_10": 0.0000000000217899,
  "Minute_10_Fluctuation": 1.0360165212967987,
  "Hour": 0.0000000000126676442242057,
  "Hour_Fluctuation": 0.18573253586228303,
  "Day": 0.0000000000107540922965179,
  "Day_Fluctuation": 0.028567515863922165,
  "Week": 0.0000000000107085805907414,
  "Week_Fluctuation": 0.21506269044506635,
  "Updated": "2018-04-23T00:03:45.2152593Z"
}
