{
  "Live": 0.0000000000190179,
  "Minute": 0.0000000000190179,
  "Minute_Fluctuation": 0.27963514267406347,
  "Minute_5": 0.0000000000190179,
  "Minute_5_Fluctuation": 0.26638497176110615,
  "Minute_10": 0.000000000017647309930143,
  "Minute_10_Fluctuation": 0.21135719242112766,
  "Hour": 0.0000000000164034113986128,
  "Hour_Fluctuation": 0.193231835322564,
  "Day": 0.0000000000151679964510919,
  "Day_Fluctuation": 0.4779407252049761,
  "Week": 0.0000000000150589042492587,
  "Week_Fluctuation": 0.496783649931438,
  "Updated": "2018-04-28T01:28:00.4412718Z"
}
