{
  "Live": 0.0000000000082566,
  "Minute": 0.00000000000888000521561184,
  "Minute_Fluctuation": 0.022644532284318047,
  "Minute_5": 0.0000000000089702413820276,
  "Minute_5_Fluctuation": 0.0048837230716774534,
  "Minute_10": 0.00000000000898129369347749,
  "Minute_10_Fluctuation": 0.0031983546558971582,
  "Hour": 0.00000000000899107866084271,
  "Hour_Fluctuation": 0.00519075209150881,
  "Day": 0.0000000000090810473481725,
  "Day_Fluctuation": 0.019957134549490767,
  "Week": 0.00000000000899278923363074,
  "Week_Fluctuation": 0.20442933702967639,
  "Updated": "2018-04-23T04:56:37.5943469Z"
}
