{
  "Live": 0.0000000000007029,
  "Minute": 0.000000000000579931842840256,
  "Minute_Fluctuation": 0.0636229780528908,
  "Minute_5": 0.000000000000561513034816066,
  "Minute_5_Fluctuation": 0.013439722321830935,
  "Minute_10": 0.000000000000559180758318364,
  "Minute_10_Fluctuation": 0.0081449955679677947,
  "Hour": 0.000000000000556606633891858,
  "Hour_Fluctuation": 0.00599149032620834,
  "Day": 0.000000000000557927546197607,
  "Day_Fluctuation": 0.02126441580288508,
  "Week": 0.000000000000556910616888395,
  "Week_Fluctuation": 0.21088764286665618,
  "Updated": "2018-04-23T04:56:37.9555373Z"
}
