{
  "Live": 0.0000000000116424,
  "Minute": 0.00000000000844975050574628,
  "Minute_Fluctuation": 0.11827691878284244,
  "Minute_5": 0.00000000000795548427229494,
  "Minute_5_Fluctuation": 0.025226845601138369,
  "Minute_10": 0.00000000000789370099311353,
  "Minute_10_Fluctuation": 0.012713787176805536,
  "Hour": 0.00000000000784221492712901,
  "Hour_Fluctuation": 0.0066186958360208671,
  "Day": 0.00000000000783951707921402,
  "Day_Fluctuation": 0.23472142621095515,
  "Week": 0.00000000000783197900686781,
  "Week_Fluctuation": 0.45577324862665586,
  "Updated": "2018-04-26T17:09:38.2834363Z"
}
