{
  "Live": 0.0000000000203841,
  "Minute": 0.0000000000193101499328473,
  "Minute_Fluctuation": 0.01779374943389158,
  "Minute_5": 0.0000000000191587494789114,
  "Minute_5_Fluctuation": 0.0037941521623703653,
  "Minute_10": 0.0000000000191509823872837,
  "Minute_10_Fluctuation": 0.0030142883623042443,
  "Hour": 0.0000000000191554797217443,
  "Hour_Fluctuation": 0.0036584997950798556,
  "Day": 0.0000000000191255446813047,
  "Day_Fluctuation": 0.14848424085642542,
  "Week": 0.0000000000191209181402853,
  "Week_Fluctuation": 0.42998353665788158,
  "Updated": "2018-04-27T02:43:31.7218371Z"
}
