{
  "Live": 0.000000000011979,
  "Minute": 0.0000000000100974296815504,
  "Minute_Fluctuation": 0.031904144052531724,
  "Minute_5": 0.0000000000098676594302315,
  "Minute_5_Fluctuation": 0.0064433359166885026,
  "Minute_10": 0.00000000000984484487083861,
  "Minute_10_Fluctuation": 0.0077040926269941312,
  "Hour": 0.00000000000987964448545125,
  "Hour_Fluctuation": 0.015218322421650811,
  "Day": 0.00000000000981358395008546,
  "Day_Fluctuation": 0.15033783303314482,
  "Week": 0.00000000000981024536073652,
  "Week_Fluctuation": 0.43037207302593916,
  "Updated": "2018-04-27T02:43:30.1784154Z"
}
