{
  "Live": 0.0000000000000041481,
  "Minute": 0.0000000000000033053910397718,
  "Minute_Fluctuation": 0.057425752643817246,
  "Minute_5": 0.0000000000000031732520233861,
  "Minute_5_Fluctuation": 0.011641240788554896,
  "Minute_10": 0.0000000000000031567346463379,
  "Minute_10_Fluctuation": 0.0058301679248801514,
  "Hour": 0.0000000000000031429701654644,
  "Hour_Fluctuation": 0.0017851465733594854,
  "Day": 0.0000000000000031410829596573,
  "Day_Fluctuation": 0.23360102677069475,
  "Week": 0.0000000000000031402336555765,
  "Week_Fluctuation": 0.45560528238457376,
  "Updated": "2018-04-26T17:09:38.4339432Z"
}
