{
  "Live": 0.000000000017919,
  "Minute": 0.000000000017919,
  "Minute_Fluctuation": 0.33875739644970404,
  "Minute_5": 0.000000000017919,
  "Minute_5_Fluctuation": 0.33875739644970404,
  "Minute_10": 0.000000000017919,
  "Minute_10_Fluctuation": 0.33875739644970404,
  "Hour": 0.0000000000203240040572192,
  "Hour_Fluctuation": 0.087154875465137269,
  "Day": 0.0000000000222729671263446,
  "Day_Fluctuation": 0.02559149730540327,
  "Week": 0.0000000000224777056873282,
  "Week_Fluctuation": 0.21363141557555207,
  "Updated": "2018-04-23T00:14:37.9441385Z"
}
