{
  "Live": 0.0000000011171754,
  "Minute": 0.0000000011171754,
  "Minute_Fluctuation": 2.555570827385361,
  "Minute_5": 0.0000000011171754,
  "Minute_5_Fluctuation": 16.44225119156555,
  "Minute_10": 0.0000000011171754,
  "Minute_10_Fluctuation": 31.038136081522453,
  "Hour": 0.000000000217873734354244,
  "Hour_Fluctuation": 9.5995427016649941,
  "Day": 0.0000000000120137128109991,
  "Day_Fluctuation": 3.4993214355845828,
  "Week": 0.00000000000271090253672942,
  "Week_Fluctuation": 1.2963059841032232,
  "Updated": "2018-04-23T00:03:47.8431661Z"
}
