{
  "Live": 0.0000000000077319,
  "Minute": 0.0000000000077319,
  "Minute_Fluctuation": 0.18601214285262782,
  "Minute_5": 0.0000000000077319,
  "Minute_5_Fluctuation": 0.20263275741443035,
  "Minute_10": 0.00000000000841337753956452,
  "Minute_10_Fluctuation": 0.17204694293521855,
  "Hour": 0.00000000000926713684604283,
  "Hour_Fluctuation": 0.15837112158165703,
  "Day": 0.00000000000971544149074696,
  "Day_Fluctuation": 0.47323382893434229,
  "Week": 0.00000000000974494721713512,
  "Week_Fluctuation": 0.49607799907222128,
  "Updated": "2018-04-28T01:28:02.0724481Z"
}
