{
  "Live": 0.0000000000566082,
  "Minute": 0.0000000000566082,
  "Minute_Fluctuation": 0.016960227657145763,
  "Minute_5": 0.0000000000566082,
  "Minute_5_Fluctuation": 0.015639723965339882,
  "Minute_10": 0.00000000005631510103614,
  "Minute_10_Fluctuation": 0.057496023445509664,
  "Hour": 0.0000000000560540516546045,
  "Hour_Fluctuation": 0.18007212732962491,
  "Day": 0.0000000000557838324742421,
  "Day_Fluctuation": 0.47675890778357338,
  "Week": 0.0000000000557551399194801,
  "Week_Fluctuation": 0.49660126785129044,
  "Updated": "2018-04-28T01:28:04.6472473Z"
}
