{
  "Live": 0.0000000000141966,
  "Minute": 0.00000000001010940975455,
  "Minute_Fluctuation": 0.34408050958383657,
  "Minute_5": 0.00000000000874883086954745,
  "Minute_5_Fluctuation": 0.0854784678605417,
  "Minute_10": 0.00000000000857875850892214,
  "Minute_10_Fluctuation": 0.043999480743562282,
  "Hour": 0.00000000000846420402452906,
  "Hour_Fluctuation": 0.1856126094621276,
  "Day": 0.00000000000891301692077789,
  "Day_Fluctuation": 0.0856426530671239,
  "Week": 0.00000000000840885487087681,
  "Week_Fluctuation": 0.24580106237472674,
  "Updated": "2018-04-22T11:00:46.0759253Z"
}
