{
  "Live": 0.0000000000072369,
  "Minute": 0.000000000185152160870221,
  "Minute_Fluctuation": 0.3255363954589936,
  "Minute_5": 0.000000000216171843679802,
  "Minute_5_Fluctuation": 0.0657812734768616,
  "Minute_10": 0.000000000219225559741911,
  "Minute_10_Fluctuation": 0.043790934265274556,
  "Hour": 0.000000000208049707014863,
  "Hour_Fluctuation": 0.32938981192174466,
  "Day": 0.000000000629865952126492,
  "Day_Fluctuation": 21.633895373812976,
  "Week": 0.000000000223922917695341,
  "Week_Fluctuation": 8.6396922645898169,
  "Updated": "2018-04-23T03:19:55.6795993Z"
}
