{
  "Live": 0.0000000000002574,
  "Minute": 0.000000000000176784286760672,
  "Minute_Fluctuation": 0.10481641076853077,
  "Minute_5": 0.000000000000164089821665562,
  "Minute_5_Fluctuation": 0.021218856209386145,
  "Minute_10": 0.000000000000162505889515227,
  "Minute_10_Fluctuation": 0.011135604428918651,
  "Hour": 0.000000000000161688078269807,
  "Hour_Fluctuation": 0.020575702302167483,
  "Day": 0.000000000000164255454984732,
  "Day_Fluctuation": 0.042783257899481411,
  "Week": 0.000000000000160917779606206,
  "Week_Fluctuation": 0.21087593217813222,
  "Updated": "2018-04-23T04:56:38.5996706Z"
}
