{
  "Live": 0.0000000000003168,
  "Minute": 0.000000000000422327811599045,
  "Minute_Fluctuation": 0.15213492438412005,
  "Minute_5": 0.000000000000455124531912822,
  "Minute_5_Fluctuation": 0.10113163508357426,
  "Minute_10": 0.000000000000447331903384785,
  "Minute_10_Fluctuation": 0.18250868831130068,
  "Hour": 0.000000000000497698172661352,
  "Hour_Fluctuation": 0.13448775774529032,
  "Day": 0.000000000000471203290725381,
  "Day_Fluctuation": 0.033531847721768371,
  "Week": 0.000000000000463319644937657,
  "Week_Fluctuation": 0.23377081710828043,
  "Updated": "2018-04-22T08:33:22.2629103Z"
}
