{
  "Live": 0.0000000000003663,
  "Minute": 0.0000000000003663,
  "Minute_Fluctuation": 0.21492049138916505,
  "Minute_5": 0.0000000000003663,
  "Minute_5_Fluctuation": 0.21052419164442404,
  "Minute_10": 0.0000000000003663,
  "Minute_10_Fluctuation": 0.21013950018563288,
  "Hour": 0.000000000000446930064971906,
  "Hour_Fluctuation": 0.040124861758359706,
  "Day": 0.000000000000466238178387203,
  "Day_Fluctuation": 0.024546944043008573,
  "Week": 0.000000000000463227882925406,
  "Week_Fluctuation": 0.212944396526973,
  "Updated": "2018-04-23T00:03:48.0246912Z"
}
