{
  "Live": 0.0000000000003465,
  "Minute": 0.000000000000497714859553979,
  "Minute_Fluctuation": 0.070388823266953143,
  "Minute_5": 0.000000000000523606855511736,
  "Minute_5_Fluctuation": 0.014416461954100058,
  "Minute_10": 0.000000000000526843355006455,
  "Minute_10_Fluctuation": 0.007229106611339544,
  "Hour": 0.000000000000529540437918722,
  "Hour_Fluctuation": 0.0011368509037795473,
  "Day": 0.000000000000530306461134265,
  "Day_Fluctuation": 0.23453264302486704,
  "Week": 0.000000000000530076643688184,
  "Week_Fluctuation": 0.45574902780610882,
  "Updated": "2018-04-26T17:09:39.6860151Z"
}
