{
  "Live": 0.0000000000002673,
  "Minute": 0.000000000000200705274704466,
  "Minute_Fluctuation": 0.075261625218658673,
  "Minute_5": 0.000000000000192175997310834,
  "Minute_5_Fluctuation": 0.015465914968769649,
  "Minute_10": 0.000000000000191252116176185,
  "Minute_10_Fluctuation": 0.013950160867137736,
  "Hour": 0.000000000000191272188354408,
  "Hour_Fluctuation": 0.018924818047083257,
  "Day": 0.000000000000190242310813477,
  "Day_Fluctuation": 0.15197225985904461,
  "Week": 0.000000000000190044735660516,
  "Week_Fluctuation": 0.43067698835259716,
  "Updated": "2018-04-27T02:43:30.7779226Z"
}
