{
  "Live": 0.0000000000129591,
  "Minute": 0.00000000000925404266461526,
  "Minute_Fluctuation": 0.16797136911575455,
  "Minute_5": 0.0000000000086037398513003,
  "Minute_5_Fluctuation": 0.038062567583204754,
  "Minute_10": 0.0000000000085244553837223,
  "Minute_10_Fluctuation": 0.0245844458855633,
  "Hour": 0.00000000000856318672115863,
  "Hour_Fluctuation": 0.04389339246758879,
  "Day": 0.00000000000881067946027391,
  "Day_Fluctuation": 0.082682816068731485,
  "Week": 0.00000000000844124479068155,
  "Week_Fluctuation": 0.22418881138042532,
  "Updated": "2018-04-23T04:56:39.7730321Z"
}
