{
  "Live": 0.0000000000002574,
  "Minute": 0.0000000000002574,
  "Minute_Fluctuation": 0.36012442039855991,
  "Minute_5": 0.0000000000002574,
  "Minute_5_Fluctuation": 0.36976686253124597,
  "Minute_10": 0.000000000000309247475714083,
  "Minute_10_Fluctuation": 0.3239983294637413,
  "Hour": 0.000000000000389029991123465,
  "Hour_Fluctuation": 0.21015942764207768,
  "Day": 0.000000000000409017973346107,
  "Day_Fluctuation": 0.47684089813311115,
  "Week": 0.000000000000409858520977912,
  "Week_Fluctuation": 0.49660357685958234,
  "Updated": "2018-04-28T01:28:03.0069385Z"
}
