{
  "Live": 0.0000000000133848,
  "Minute": 0.0000000000133848,
  "Minute_Fluctuation": 0.34414906990574856,
  "Minute_5": 0.0000000000133848,
  "Minute_5_Fluctuation": 0.39368200690180361,
  "Minute_10": 0.0000000000133848,
  "Minute_10_Fluctuation": 0.3994097515953231,
  "Hour": 0.0000000000208523385803807,
  "Hour_Fluctuation": 0.07539817840647127,
  "Day": 0.0000000000223058895847398,
  "Day_Fluctuation": 0.024297893018158979,
  "Week": 0.0000000000224825983461009,
  "Week_Fluctuation": 0.21364284342803441,
  "Updated": "2018-04-23T00:03:49.5347472Z"
}
