{
  "Live": 0.000000000009504,
  "Minute": 0.00000000000908163291397154,
  "Minute_Fluctuation": 0.017164348283570958,
  "Minute_5": 0.00000000000901065618920439,
  "Minute_5_Fluctuation": 0.0036896242084559277,
  "Minute_10": 0.00000000000900366082001904,
  "Minute_10_Fluctuation": 0.0024561892515610087,
  "Hour": 0.00000000000904475693578331,
  "Hour_Fluctuation": 0.018707467576053665,
  "Day": 0.00000000000908815575539037,
  "Day_Fluctuation": 0.020537993172550745,
  "Week": 0.00000000000899292080968978,
  "Week_Fluctuation": 0.20638670752543592,
  "Updated": "2018-04-23T03:19:55.2310403Z"
}
