{
  "Live": 0.0000000000184338,
  "Minute": 0.0000000000136464752037956,
  "Minute_Fluctuation": 0.08544791664327421,
  "Minute_5": 0.0000000000130532490790275,
  "Minute_5_Fluctuation": 0.017947625233785808,
  "Minute_10": 0.0000000000130061094076746,
  "Minute_10_Fluctuation": 0.013484325317471294,
  "Hour": 0.0000000000129945736029802,
  "Hour_Fluctuation": 0.018276982773312696,
  "Day": 0.0000000000129250801150282,
  "Day_Fluctuation": 0.15142752471548068,
  "Week": 0.0000000000129050161125831,
  "Week_Fluctuation": 0.43051138324504157,
  "Updated": "2018-04-27T02:43:30.3864698Z"
}
