{
  "Live": 0.0000000000212256,
  "Minute": 0.0000000000212256,
  "Minute_Fluctuation": 0.0054902370183543226,
  "Minute_5": 0.0000000000212256,
  "Minute_5_Fluctuation": 0.0061199300603799051,
  "Minute_10": 0.0000000000212706616836767,
  "Minute_10_Fluctuation": 0.0057462492520191583,
  "Hour": 0.0000000000213183271772381,
  "Hour_Fluctuation": 0.10061810649619289,
  "Day": 0.0000000000213571850543876,
  "Day_Fluctuation": 0.46958196469939029,
  "Week": 0.0000000000213595901783388,
  "Week_Fluctuation": 0.49554690838879789,
  "Updated": "2018-04-28T01:28:04.0690316Z"
}
