{
  "Live": 0.0000000068904,
  "Minute": 0.0000000068904,
  "Minute_Fluctuation": 0.18544848339058723,
  "Minute_5": 0.0000000068904,
  "Minute_5_Fluctuation": 0.21219623846723934,
  "Minute_10": 0.0000000068904,
  "Minute_10_Fluctuation": 0.21544960042414774,
  "Hour": 0.00000000847080779644478,
  "Hour_Fluctuation": 0.042279575472435257,
  "Day": 0.0000000087942025798907,
  "Day_Fluctuation": 0.013853215586629287,
  "Week": 0.0000000088160842979256,
  "Week_Fluctuation": 0.21044519786486529,
  "Updated": "2018-04-23T00:03:49.9164353Z"
}
