{
  "Live": 0.0000000000102663,
  "Minute": 0.0000000000102663,
  "Minute_Fluctuation": 0.14458074042558297,
  "Minute_5": 0.0000000000102663,
  "Minute_5_Fluctuation": 0.16043083229269992,
  "Minute_10": 0.00000000000977045138926428,
  "Minute_10_Fluctuation": 0.15140440405024985,
  "Hour": 0.00000000000943888046393416,
  "Hour_Fluctuation": 0.17053671438090198,
  "Day": 0.00000000000885983083708466,
  "Day_Fluctuation": 0.4750922207226389,
  "Week": 0.00000000000881730115833736,
  "Week_Fluctuation": 0.49635582954090551,
  "Updated": "2018-04-28T01:27:59.1879231Z"
}
