{
  "Live": 0.0000000001614492,
  "Minute": 0.000000000169774753748128,
  "Minute_Fluctuation": 0.010506698358405222,
  "Minute_5": 0.000000000171149693792074,
  "Minute_5_Fluctuation": 0.0021172574645278038,
  "Minute_10": 0.000000000171321561297568,
  "Minute_10_Fluctuation": 0.0010595969666416258,
  "Hour": 0.000000000171464784218812,
  "Hour_Fluctuation": 0.00063458205965597132,
  "Day": 0.000000000171443310332234,
  "Day_Fluctuation": 0.23423843691264334,
  "Week": 0.000000000171493258299583,
  "Week_Fluctuation": 0.45573084902668959,
  "Updated": "2018-04-26T17:09:39.2322419Z"
}
