{
  "Live": 0.0000000000063855,
  "Minute": 0.00000000000842494741106196,
  "Minute_Fluctuation": 0.084363671770813026,
  "Minute_5": 0.00000000000876571031782292,
  "Minute_5_Fluctuation": 0.017794043289071294,
  "Minute_10": 0.00000000000880830568116804,
  "Minute_10_Fluctuation": 0.0089505374643595662,
  "Hour": 0.00000000000884380181728897,
  "Hour_Fluctuation": 0.0019291782151701822,
  "Day": 0.00000000000885301769499658,
  "Day_Fluctuation": 0.23466211570152323,
  "Week": 0.00000000000885085878720825,
  "Week_Fluctuation": 0.45585157481327404,
  "Updated": "2018-04-26T17:09:39.37979Z"
}
