{
  "Live": 0.000000000026235,
  "Minute": 0.0000000000285391570426806,
  "Minute_Fluctuation": 0.056679171824262686,
  "Minute_5": 0.000000000028861558203914,
  "Minute_5_Fluctuation": 0.01293642131052989,
  "Minute_10": 0.0000000000289888871053506,
  "Minute_10_Fluctuation": 0.010683315414038368,
  "Hour": 0.0000000000289783058172869,
  "Hour_Fluctuation": 0.007694118059261513,
  "Day": 0.0000000000289442945850952,
  "Day_Fluctuation": 0.14967051279807012,
  "Week": 0.0000000000289421185139197,
  "Week_Fluctuation": 0.43020005420777291,
  "Updated": "2018-04-27T02:43:31.6473484Z"
}
