{
  "Live": 0.0000000000100089,
  "Minute": 0.000000000170731052398694,
  "Minute_Fluctuation": 13.490396050639415,
  "Minute_5": 0.000000000214434459852558,
  "Minute_5_Fluctuation": 16.898848798334431,
  "Minute_10": 0.000000000152836356141451,
  "Minute_10_Fluctuation": 11.765659910087763,
  "Hour": 0.00000000014166087961135,
  "Hour_Fluctuation": 0.77348490682179727,
  "Day": 0.00000000127892143952038,
  "Day_Fluctuation": 53.876225238415387,
  "Week": 0.000000000225354892146647,
  "Week_Fluctuation": 9.6758117403608157,
  "Updated": "2018-04-22T08:33:20.4172681Z"
}
