{
  "Live": 0.000000000000168590165443289,
  "Minute": 0.000000000000168876240060114,
  "Minute_Fluctuation": 0.00821823206167738,
  "Minute_5": 0.000000000000168967579977665,
  "Minute_5_Fluctuation": 0.0046972287707919723,
  "Minute_10": 0.00000000000016881331219571,
  "Minute_10_Fluctuation": 0.002859173515083622,
  "Hour": 0.000000000000168632523393126,
  "Hour_Fluctuation": 0.00035728155859477605,
  "Day": 0.000000000000168591726447373,
  "Day_Fluctuation": 1.4983020385165651E-05,
  "Week": 0.000000000000168590165443289,
  "Week_Fluctuation": 0.38294191906789038,
  "Updated": "2018-04-24T23:41:52.0389721Z"
}
