{
  "Live": 0.0000000014920884,
  "Minute": 0.00000000126541159351984,
  "Minute_Fluctuation": 0.045522051121199912,
  "Minute_5": 0.00000000122686364739539,
  "Minute_5_Fluctuation": 0.0093138010807400726,
  "Minute_10": 0.00000000122204515412984,
  "Minute_10_Fluctuation": 0.0046697493402677211,
  "Hour": 0.00000000121802974307521,
  "Hour_Fluctuation": 0.00093771296453447643,
  "Day": 0.0000000012169948002306,
  "Day_Fluctuation": 0.23381192337816745,
  "Week": 0.00000000121723144111554,
  "Week_Fluctuation": 0.45564015934108737,
  "Updated": "2018-04-26T17:09:39.6069309Z"
}
