{
  "Live": 0.0000000000019899,
  "Minute": 0.0000000000019899,
  "Minute_Fluctuation": 0.99604770713348212,
  "Minute_5": 0.0000000000019899,
  "Minute_5_Fluctuation": 0.99641036384602089,
  "Minute_10": 0.000000000193888660858996,
  "Minute_10_Fluctuation": 2.5713878157700858,
  "Hour": 0.000000000333583286093145,
  "Hour_Fluctuation": 0.75631371530980174,
  "Day": 0.000000000550829737265423,
  "Day_Fluctuation": 0.5024466192526843,
  "Week": 0.000000000566688022492333,
  "Week_Fluctuation": 0.50029972493936492,
  "Updated": "2018-04-28T01:28:01.2246462Z"
}
