{
  "Live": 0.0000000000001612215,
  "Minute": 0.000000000000148653038984682,
  "Minute_Fluctuation": 0.019163635758394811,
  "Minute_5": 0.000000000000147086964770487,
  "Minute_5_Fluctuation": 0.0039842998784512468,
  "Minute_10": 0.000000000000146947373643133,
  "Minute_10_Fluctuation": 0.002541024935256805,
  "Hour": 0.00000000000014699463381942,
  "Hour_Fluctuation": 0.0070931463364661638,
  "Day": 0.000000000000146792172113605,
  "Day_Fluctuation": 0.14933208329520439,
  "Week": 0.00000000000014669564042257,
  "Week_Fluctuation": 0.4301239773662795,
  "Updated": "2018-04-27T02:43:30.4609182Z"
}
