{
  "Live": 0.0000000000005148,
  "Minute": 0.000000000000471731582844569,
  "Minute_Fluctuation": 0.049267572960272496,
  "Minute_5": 0.000000000000464572578542927,
  "Minute_5_Fluctuation": 0.011347504602071633,
  "Minute_10": 0.000000000000463720515825556,
  "Minute_10_Fluctuation": 0.0081318205423316376,
  "Hour": 0.00000000000046441895059171,
  "Hour_Fluctuation": 0.013242366993275316,
  "Day": 0.000000000000463051317525708,
  "Day_Fluctuation": 0.027199099880265695,
  "Week": 0.000000000000462783715240867,
  "Week_Fluctuation": 0.20801010631997202,
  "Updated": "2018-04-23T04:56:39.1811849Z"
}
