{
  "Live": 0.0000000000036927,
  "Minute": 0.0000000000036927,
  "Minute_Fluctuation": 0.31598076350058196,
  "Minute_5": 0.0000000000036927,
  "Minute_5_Fluctuation": 0.3218947410037683,
  "Minute_10": 0.00000000000429720735754584,
  "Minute_10_Fluctuation": 0.26846194111276245,
  "Hour": 0.00000000000515378143798451,
  "Hour_Fluctuation": 0.2462977149755064,
  "Day": 0.000000000005434400844386,
  "Day_Fluctuation": 0.47938080756144613,
  "Week": 0.00000000000545623054225085,
  "Week_Fluctuation": 0.49697097072581387,
  "Updated": "2018-04-28T01:28:01.0094322Z"
}
