{
  "Live": 0.0000000000002376,
  "Minute": 0.000000000000321096524382422,
  "Minute_Fluctuation": 0.18335091400247969,
  "Minute_5": 0.000000000000337135753746547,
  "Minute_5_Fluctuation": 0.04563232609263379,
  "Minute_10": 0.000000000000340295668132156,
  "Minute_10_Fluctuation": 0.025907916396923043,
  "Hour": 0.000000000000341435201650929,
  "Hour_Fluctuation": 0.027020142537715296,
  "Day": 0.000000000000342481066094372,
  "Day_Fluctuation": 0.031594333877903343,
  "Week": 0.000000000000341143572095841,
  "Week_Fluctuation": 0.21270371949231121,
  "Updated": "2018-04-23T03:19:56.9116288Z"
}
