{
  "Live": 0.0000000000019503,
  "Minute": 0.00000000000245781899033873,
  "Minute_Fluctuation": 0.089107934118620419,
  "Minute_5": 0.00000000000254690589899003,
  "Minute_5_Fluctuation": 0.019926584601318367,
  "Minute_10": 0.00000000000255804176257145,
  "Minute_10_Fluctuation": 0.010099189169182987,
  "Hour": 0.00000000000256732164888929,
  "Hour_Fluctuation": 0.000854877020943143,
  "Day": 0.00000000000256675639280792,
  "Day_Fluctuation": 0.236080110273916,
  "Week": 0.00000000000256916657866915,
  "Week_Fluctuation": 0.45599340401722843,
  "Updated": "2018-04-26T17:09:40.0022207Z"
}
