{
  "Live": 0.0000000000073161,
  "Minute": 0.000000000010101454323752,
  "Minute_Fluctuation": 0.0854440645540617,
  "Minute_5": 0.0000000000105815241212011,
  "Minute_5_Fluctuation": 0.017907331740212886,
  "Minute_10": 0.0000000000106321577688282,
  "Minute_10_Fluctuation": 0.011828478099603315,
  "Hour": 0.0000000000106915850134807,
  "Hour_Fluctuation": 0.024356609216248777,
  "Day": 0.0000000000107037579957185,
  "Day_Fluctuation": 0.0318350703215725,
  "Week": 0.0000000000107014820380984,
  "Week_Fluctuation": 0.21199012603816197,
  "Updated": "2018-04-23T03:19:55.5121254Z"
}
