{
  "Live": 0.0000000000124305877668285,
  "Minute": 0.0000000000127923746615737,
  "Minute_Fluctuation": 0.13094193645120733,
  "Minute_5": 0.0000000000129595533183599,
  "Minute_5_Fluctuation": 0.057706511699383047,
  "Minute_10": 0.0000000000127473022300131,
  "Minute_10_Fluctuation": 0.031202088925659323,
  "Hour": 0.0000000000124913179698087,
  "Hour_Fluctuation": 0.0068481026087662813,
  "Day": 0.0000000000124328300858196,
  "Day_Fluctuation": 0.00029768619521434466,
  "Week": 0.0000000000124305877668285,
  "Week_Fluctuation": 0.38298738114677711,
  "Updated": "2018-04-24T23:41:51.9987957Z"
}
