{
  "Live": 0.0000000098505,
  "Minute": 0.00000000901772031154432,
  "Minute_Fluctuation": 0.04750338160660908,
  "Minute_5": 0.00000000886815788984475,
  "Minute_5_Fluctuation": 0.010985858078754157,
  "Minute_10": 0.00000000885035555159886,
  "Minute_10_Fluctuation": 0.0084332622992077909,
  "Hour": 0.0000000088773252565533,
  "Hour_Fluctuation": 0.022465125899813438,
  "Day": 0.00000000888738468167641,
  "Day_Fluctuation": 0.034721218138680621,
  "Week": 0.00000000883078583134715,
  "Week_Fluctuation": 0.20809273224526667,
  "Updated": "2018-04-23T04:56:40.0277802Z"
}
