{
  "Live": 0.0000000000077121,
  "Minute": 0.0000000000077121,
  "Minute_Fluctuation": 0.0025740025740025184,
  "Minute_5": 0.0000000000077121,
  "Minute_5_Fluctuation": 0.0025740025740025184,
  "Minute_10": 0.0000000000077121,
  "Minute_10_Fluctuation": 0.0025740025740025184,
  "Hour": 0.00000000000897399076342155,
  "Hour_Fluctuation": 0.060906580776019473,
  "Day": 0.00000000000946381792340202,
  "Day_Fluctuation": 0.025246860886064502,
  "Week": 0.00000000000956220777755683,
  "Week_Fluctuation": 0.21211792148406472,
  "Updated": "2018-04-23T00:14:35.6152445Z"
}
