{
  "Live": 0.0000000000000578457,
  "Minute": 0.0000000000000340767980424426,
  "Minute_Fluctuation": 1.0584826947070638,
  "Minute_5": 0.000000000000026310728406307,
  "Minute_5_Fluctuation": 0.95548424242688834,
  "Minute_10": 0.000000000000127483278015905,
  "Minute_10_Fluctuation": 8.0624318002050614,
  "Hour": 0.0000000000000742058059987895,
  "Hour_Fluctuation": 2.5698426104841388,
  "Day": 0.0000000000000267833274887262,
  "Day_Fluctuation": 0.15378874396479689,
  "Week": 0.0000000000000243701740515435,
  "Week_Fluctuation": 0.25102394309987724,
  "Updated": "2018-04-22T08:33:22.948127Z"
}
