{
  "Live": 0.000000000162459,
  "Minute": 0.000000000205423248584891,
  "Minute_Fluctuation": 0.045861159998918,
  "Minute_5": 0.000000000211080765250009,
  "Minute_5_Fluctuation": 0.00953619382530962,
  "Minute_10": 0.000000000211825953985901,
  "Minute_10_Fluctuation": 0.0066840037045273869,
  "Hour": 0.000000000212345756940798,
  "Hour_Fluctuation": 0.013060040805216245,
  "Day": 0.000000000212385043842519,
  "Day_Fluctuation": 0.15197865217166082,
  "Week": 0.000000000212494442839321,
  "Week_Fluctuation": 0.43057469173830987,
  "Updated": "2018-04-27T02:43:31.0606882Z"
}
