{
  "Live": 0.0000000000493416,
  "Minute": 0.0000000000418893627608451,
  "Minute_Fluctuation": 0.2575367231195867,
  "Minute_5": 0.0000000000393584082158516,
  "Minute_5_Fluctuation": 0.25190070796256231,
  "Minute_10": 0.0000000000431493119998841,
  "Minute_10_Fluctuation": 0.17581211058617277,
  "Hour": 0.0000000000443832193843918,
  "Hour_Fluctuation": 0.23349984204682936,
  "Day": 0.0000000000406238169576834,
  "Day_Fluctuation": 0.061432447048627638,
  "Week": 0.0000000000387259834380537,
  "Week_Fluctuation": 0.23818780444977738,
  "Updated": "2018-04-22T08:33:23.49336Z"
}
