{
  "Live": 0.0000000000000495,
  "Minute": 0.0000000000000416035266085838,
  "Minute_Fluctuation": 0.068807902256281944,
  "Minute_5": 0.0000000000000403191458025141,
  "Minute_5_Fluctuation": 0.014512565700425917,
  "Minute_10": 0.0000000000000401585982017554,
  "Minute_10_Fluctuation": 0.0073003120313817459,
  "Hour": 0.0000000000000400248085344565,
  "Hour_Fluctuation": 0.0033299294287979925,
  "Day": 0.0000000000000399894849848145,
  "Day_Fluctuation": 0.23397315398896712,
  "Week": 0.0000000000000399982098744102,
  "Week_Fluctuation": 0.45570577467828743,
  "Updated": "2018-04-26T17:09:38.9402047Z"
}
