{
  "Live": 0.0000000000222354,
  "Minute": 0.0000000000192226561976007,
  "Minute_Fluctuation": 0.033271190515950871,
  "Minute_5": 0.0000000000187406034741779,
  "Minute_5_Fluctuation": 0.0066834638269775,
  "Minute_10": 0.0000000000186803468837501,
  "Minute_10_Fluctuation": 0.0033435115087128171,
  "Hour": 0.0000000000186301330583935,
  "Hour_Fluctuation": 0.0012529527001622137,
  "Day": 0.000000000018621247521899,
  "Day_Fluctuation": 0.23334321624036813,
  "Week": 0.0000000000186201500716857,
  "Week_Fluctuation": 0.455573078268674,
  "Updated": "2018-04-26T17:09:38.6926797Z"
}
