{
  "Live": 0.00000000000436998417091866,
  "Minute": 0.00000000000432708257754095,
  "Minute_Fluctuation": 0.048401035024434089,
  "Minute_5": 0.0000000000043097652230939,
  "Minute_5_Fluctuation": 0.019679404661547287,
  "Minute_10": 0.00000000000433396243425823,
  "Minute_10_Fluctuation": 0.010599865991631652,
  "Hour": 0.00000000000436308087352317,
  "Hour_Fluctuation": 0.003411972552818764,
  "Day": 0.00000000000436972930539096,
  "Day_Fluctuation": 0.00011919790056598226,
  "Week": 0.00000000000436998417091866,
  "Week_Fluctuation": 0.38298344240285409,
  "Updated": "2018-04-24T23:41:52.3843176Z"
}
