{
  "Live": 0.00000000000017000021521311,
  "Minute": 0.000000000000174256748259163,
  "Minute_Fluctuation": 0.10564474021894052,
  "Minute_5": 0.000000000000172294540929063,
  "Minute_5_Fluctuation": 0.034591785309462282,
  "Minute_10": 0.000000000000171165591154616,
  "Minute_10_Fluctuation": 0.019490134235023226,
  "Hour": 0.000000000000170193132384677,
  "Hour_Fluctuation": 0.00291208398424416,
  "Day": 0.00000000000017000713216329,
  "Day_Fluctuation": 0.00013715745492074458,
  "Week": 0.00000000000017000021521311,
  "Week_Fluctuation": 0.38297520731859841,
  "Updated": "2018-04-24T23:41:52.2091665Z"
}
