{
  "Live": 0.0000000000077022,
  "Minute": 0.00000000000781560617276313,
  "Minute_Fluctuation": 0.0040572080126286929,
  "Minute_5": 0.00000000000782909089201821,
  "Minute_5_Fluctuation": 0.00085583450608615744,
  "Minute_10": 0.00000000000782974188893131,
  "Minute_10_Fluctuation": 0.00079555602631563348,
  "Hour": 0.0000000000078448613206966,
  "Hour_Fluctuation": 0.0046112190587542816,
  "Day": 0.00000000000783991213031564,
  "Day_Fluctuation": 0.14988848002397728,
  "Week": 0.00000000000783246039961977,
  "Week_Fluctuation": 0.43021649868984707,
  "Updated": "2018-04-27T02:43:29.9416278Z"
}
