{
  "Live": 0.0000000113949,
  "Minute": 0.00000000960158148840132,
  "Minute_Fluctuation": 0.12461787071095412,
  "Minute_5": 0.00000000897475916088194,
  "Minute_5_Fluctuation": 0.02783351664118898,
  "Minute_10": 0.00000000889640636994202,
  "Minute_10_Fluctuation": 0.014105044365898517,
  "Hour": 0.00000000883725562053514,
  "Hour_Fluctuation": 0.057008602186925009,
  "Day": 0.00000000879901522183572,
  "Day_Fluctuation": 0.021699173053944764,
  "Week": 0.00000000881813130994549,
  "Week_Fluctuation": 0.22762250610232784,
  "Updated": "2018-04-22T11:00:46.7348163Z"
}
