{
  "Live": 0.0000000000075141,
  "Minute": 0.00000000000917036554032732,
  "Minute_Fluctuation": 0.086286950141844565,
  "Minute_5": 0.00000000000947758756985629,
  "Minute_5_Fluctuation": 0.018488312167387215,
  "Minute_10": 0.0000000000095045682992074,
  "Minute_10_Fluctuation": 0.012310804642783651,
  "Hour": 0.00000000000941109562059916,
  "Hour_Fluctuation": 0.047196476605664117,
  "Day": 0.00000000000942497880173846,
  "Day_Fluctuation": 0.028409864377516608,
  "Week": 0.0000000000095543549792686,
  "Week_Fluctuation": 0.20906106453403481,
  "Updated": "2018-04-23T03:19:56.4965461Z"
}
