{
  "Live": 0.0000000000000297,
  "Minute": 0.0000000000000297,
  "Minute_Fluctuation": 0.23517614409866616,
  "Minute_5": 0.0000000000000297,
  "Minute_5_Fluctuation": 0.25272293018191216,
  "Minute_10": 0.0000000000000331933860690995,
  "Minute_10_Fluctuation": 0.26311787214879284,
  "Hour": 0.000000000000036434397701735,
  "Hour_Fluctuation": 0.20095328720017391,
  "Day": 0.0000000000000397624159373296,
  "Day_Fluctuation": 0.47544184608428014,
  "Week": 0.000000000000039965451370644,
  "Week_Fluctuation": 0.49639618605481461,
  "Updated": "2018-04-28T01:28:00.8227594Z"
}
