{
  "Live": 0.00000000000244985911077553,
  "Minute": 0.00000000000238489550582246,
  "Minute_Fluctuation": 0.13782026450404378,
  "Minute_5": 0.00000000000236008146436136,
  "Minute_5_Fluctuation": 0.059193917564805743,
  "Minute_10": 0.00000000000239621680313541,
  "Minute_10_Fluctuation": 0.032943682456257214,
  "Hour": 0.0000000000024395878584529,
  "Hour_Fluctuation": 0.0043720526523359322,
  "Day": 0.00000000000244947996237062,
  "Day_Fluctuation": 0.00029683603630124053,
  "Week": 0.00000000000244985911077553,
  "Week_Fluctuation": 0.38300837288614226,
  "Updated": "2018-04-24T23:41:52.4182389Z"
}
