{
  "Live": 0.000000001123155,
  "Minute": 0.000000000199722479907383,
  "Minute_Fluctuation": 21.193137374815944,
  "Minute_5": 0.000000000047410247597834,
  "Minute_5_Fluctuation": 4.866850075557271,
  "Minute_10": 0.0000000000288310878430484,
  "Minute_10_Fluctuation": 2.7262784759099317,
  "Hour": 0.0000000000408532896746066,
  "Hour_Fluctuation": 1.2589424023613862,
  "Day": 0.0000000000507856226660815,
  "Day_Fluctuation": 4.5584750721779015,
  "Week": 0.0000000000093510774460804,
  "Week_Fluctuation": 2.6313991899348212,
  "Updated": "2018-04-23T04:56:39.0992356Z"
}
