{
  "Live": 0.0000000000054153,
  "Minute": 0.0000000000054153,
  "Minute_Fluctuation": 0.75147660154475238,
  "Minute_5": 0.0000000000054153,
  "Minute_5_Fluctuation": 0.75147660154475238,
  "Minute_10": 0.0000000000054153,
  "Minute_10_Fluctuation": 0.75147660154475238,
  "Hour": 0.0000000000113616602154309,
  "Hour_Fluctuation": 0.25538232954124573,
  "Day": 0.0000000000107140341146972,
  "Day_Fluctuation": 0.032078091742388515,
  "Week": 0.000000000010702906776875,
  "Week_Fluctuation": 0.21536200501295746,
  "Updated": "2018-04-23T00:14:33.4942552Z"
}
