{
  "Live": 0.0000000000070587,
  "Minute": 0.00000000000859974849899772,
  "Minute_Fluctuation": 0.049826672171820338,
  "Minute_5": 0.00000000000880129940948278,
  "Minute_5_Fluctuation": 0.010428079317651773,
  "Minute_10": 0.00000000000881391534956454,
  "Minute_10_Fluctuation": 0.0082713972051443249,
  "Hour": 0.00000000000888351521908561,
  "Hour_Fluctuation": 0.011852681075617596,
  "Day": 0.00000000000885758139193673,
  "Day_Fluctuation": 0.14998336423307246,
  "Week": 0.00000000000885166214319154,
  "Week_Fluctuation": 0.43034315869440393,
  "Updated": "2018-04-27T02:43:30.9953511Z"
}
