{
  "Live": 0.0000000000034155,
  "Minute": 0.0000000000034155,
  "Minute_Fluctuation": 0.57204530459120806,
  "Minute_5": 0.0000000000034155,
  "Minute_5_Fluctuation": 0.4119191902139242,
  "Minute_10": 0.0000000000034155,
  "Minute_10_Fluctuation": 0.39134867652082705,
  "Hour": 0.00000000000265266396357755,
  "Hour_Fluctuation": 0.079297095323128244,
  "Day": 0.00000000000247600128125543,
  "Day_Fluctuation": 0.048746202069224136,
  "Week": 0.00000000000248159726899209,
  "Week_Fluctuation": 0.22489060899111674,
  "Updated": "2018-04-23T00:03:48.7868976Z"
}
