{
  "Live": 0.0000000000003267,
  "Minute": 0.000000000000213316805276055,
  "Minute_Fluctuation": 0.13530550143298517,
  "Minute_5": 0.000000000000194672814029569,
  "Minute_5_Fluctuation": 0.027440593964858585,
  "Minute_10": 0.000000000000192342315123758,
  "Minute_10_Fluctuation": 0.013743022110763456,
  "Hour": 0.000000000000190400232702249,
  "Hour_Fluctuation": 0.0026147458626504449,
  "Day": 0.000000000000190056921548001,
  "Day_Fluctuation": 0.23497318004589254,
  "Week": 0.00000000000019001412822083,
  "Week_Fluctuation": 0.45591653653359715,
  "Updated": "2018-04-26T17:09:39.159259Z"
}
