{
  "Live": 0.0000000000202158,
  "Minute": 0.0000000000124470619971938,
  "Minute_Fluctuation": 0.73079235905956885,
  "Minute_5": 0.00000000000988461118095891,
  "Minute_5_Fluctuation": 0.58034565305034358,
  "Minute_10": 0.0000000000130413965745281,
  "Minute_10_Fluctuation": 0.37171226730819956,
  "Hour": 0.0000000000135648273492911,
  "Hour_Fluctuation": 0.5318857528212918,
  "Day": 0.0000000000104696467734335,
  "Day_Fluctuation": 0.16202072561671743,
  "Week": 0.00000000000924431624113831,
  "Week_Fluctuation": 0.25827555972680982,
  "Updated": "2018-04-22T08:33:23.0847751Z"
}
