{
  "Live": 0.0000000001906839,
  "Minute": 0.000000000174172923793201,
  "Minute_Fluctuation": 0.13625023686151838,
  "Minute_5": 0.000000000172045183294192,
  "Minute_5_Fluctuation": 0.033793853671533244,
  "Minute_10": 0.000000000173436370410596,
  "Minute_10_Fluctuation": 0.031347053270942678,
  "Hour": 0.00000000017298180080402,
  "Hour_Fluctuation": 0.015849778365259179,
  "Day": 0.000000000171597372830654,
  "Day_Fluctuation": 0.15024439441668477,
  "Week": 0.000000000171513512026149,
  "Week_Fluctuation": 0.43031183239049248,
  "Updated": "2018-04-27T02:43:30.8514414Z"
}
