{
  "Live": 0.0000000000028116,
  "Minute": 0.00000000000435565533099442,
  "Minute_Fluctuation": 0.099581564249566323,
  "Minute_5": 0.00000000000455118015452911,
  "Minute_5_Fluctuation": 0.021559201650973102,
  "Minute_10": 0.0000000000045865672956775,
  "Minute_10_Fluctuation": 0.012869733335635698,
  "Hour": 0.00000000000463393527890404,
  "Hour_Fluctuation": 0.02002947620880112,
  "Day": 0.00000000000460327225713279,
  "Day_Fluctuation": 0.15086330215537985,
  "Week": 0.00000000000460003711378288,
  "Week_Fluctuation": 0.43041388782325152,
  "Updated": "2018-04-27T02:43:30.635699Z"
}
