{
  "Live": 0.0000000000066033,
  "Minute": 0.00000000000905926195197858,
  "Minute_Fluctuation": 0.081870499306628888,
  "Minute_5": 0.00000000000945501501923888,
  "Minute_5_Fluctuation": 0.017395664567808992,
  "Minute_10": 0.00000000000950372598389418,
  "Minute_10_Fluctuation": 0.010702060025085714,
  "Hour": 0.00000000000949911965814794,
  "Hour_Fluctuation": 0.018317963092315287,
  "Day": 0.00000000000943036643657023,
  "Day_Fluctuation": 0.0277244431776992,
  "Week": 0.00000000000955390420953272,
  "Week_Fluctuation": 0.20711051579877571,
  "Updated": "2018-04-23T04:56:38.8510545Z"
}
