{
  "Live": 0.0000000000516384,
  "Minute": 0.0000000000426219951994895,
  "Minute_Fluctuation": 0.1988842972065111,
  "Minute_5": 0.0000000000395056893676271,
  "Minute_5_Fluctuation": 0.049917390891934123,
  "Minute_10": 0.0000000000391161511386443,
  "Minute_10_Fluctuation": 0.02567723367509149,
  "Hour": 0.0000000000388731223560885,
  "Hour_Fluctuation": 0.10268268115590022,
  "Day": 0.0000000000404383515651081,
  "Day_Fluctuation": 0.060035425518383208,
  "Week": 0.0000000000387269993563172,
  "Week_Fluctuation": 0.23473571549140743,
  "Updated": "2018-04-22T11:00:46.5784466Z"
}
