{
  "Live": 0.000000000000594,
  "Minute": 0.000000000000594,
  "Minute_Fluctuation": 0.054903334519738244,
  "Minute_5": 0.000000000000594,
  "Minute_5_Fluctuation": 0.044484623611625682,
  "Minute_10": 0.000000000000585522782316518,
  "Minute_10_Fluctuation": 0.1155673165286111,
  "Hour": 0.000000000000567558076238029,
  "Hour_Fluctuation": 0.18446294443377226,
  "Day": 0.000000000000570780172856446,
  "Day_Fluctuation": 0.476533256961061,
  "Week": 0.000000000000570120554850667,
  "Week_Fluctuation": 0.49656442812363671,
  "Updated": "2018-04-28T01:28:00.0753056Z"
}
