{
  "Live": 0.0000000014300352,
  "Minute": 0.000000000396470771060039,
  "Minute_Fluctuation": 0.76640037783822512,
  "Minute_5": 0.000000000259337559767937,
  "Minute_5_Fluctuation": 0.15340053088800745,
  "Minute_10": 0.000000000242102628781764,
  "Minute_10_Fluctuation": 0.078458347817588883,
  "Hour": 0.00000000022770124869335,
  "Hour_Fluctuation": 0.021754415835844195,
  "Day": 0.000000000225183268470547,
  "Day_Fluctuation": 0.15141721955649839,
  "Week": 0.00000000022507126255147,
  "Week_Fluctuation": 0.43051316339709028,
  "Updated": "2018-04-27T02:43:31.133848Z"
}
