{
  "Live": 0.0000000002983167,
  "Minute": 0.0000000002983167,
  "Minute_Fluctuation": 0.12456360464152344,
  "Minute_5": 0.0000000002983167,
  "Minute_5_Fluctuation": 0.091780573544999938,
  "Minute_10": 0.000000000290077364234485,
  "Minute_10_Fluctuation": 0.1294580727578499,
  "Hour": 0.000000000285529926286749,
  "Hour_Fluctuation": 0.23347265305564149,
  "Day": 0.00000000027574462648597,
  "Day_Fluctuation": 0.48061188711034641,
  "Week": 0.000000000275244124695898,
  "Week_Fluctuation": 0.49716336242374631,
  "Updated": "2018-04-28T01:28:02.4548683Z"
}
