{
  "Live": 0.0000000000129987,
  "Minute": 0.0000000000129987,
  "Minute_Fluctuation": 0.14906027219701884,
  "Minute_5": 0.0000000000129987,
  "Minute_5_Fluctuation": 0.14906027219701884,
  "Minute_10": 0.0000000000129987,
  "Minute_10_Fluctuation": 0.14906027219701884,
  "Hour": 0.0000000000118011877813633,
  "Hour_Fluctuation": 0.093170808480210088,
  "Day": 0.0000000000107832785707706,
  "Day_Fluctuation": 0.026480831441590563,
  "Week": 0.0000000000106743340287874,
  "Week_Fluctuation": 0.2134489917941996,
  "Updated": "2018-04-23T00:14:34.074532Z"
}
