{
  "Live": 0.000000000002871,
  "Minute": 0.000000000002871,
  "Minute_Fluctuation": 0.993311262367932,
  "Minute_5": 0.000000000002871,
  "Minute_5_Fluctuation": 0.99479577210508074,
  "Minute_10": 0.000000000002871,
  "Minute_10_Fluctuation": 0.99492774893133529,
  "Hour": 0.000000000471301637964686,
  "Hour_Fluctuation": 0.20248330507355228,
  "Day": 0.000000000547436676065031,
  "Day_Fluctuation": 0.13541300101265771,
  "Week": 0.000000000581654867111528,
  "Week_Fluctuation": 0.2346809626787042,
  "Updated": "2018-04-23T00:03:46.6052888Z"
}
