{
  "Live": 0.0000000000001485,
  "Minute": 0.000000000000157306985792717,
  "Minute_Fluctuation": 0.12768208709102549,
  "Minute_5": 0.000000000000159849586663848,
  "Minute_5_Fluctuation": 0.14298357581637203,
  "Minute_10": 0.000000000000168868659595496,
  "Minute_10_Fluctuation": 0.15901230303098091,
  "Hour": 0.000000000000162964694478479,
  "Hour_Fluctuation": 0.084790353862260831,
  "Day": 0.000000000000163654461485489,
  "Day_Fluctuation": 0.0434150028719457,
  "Week": 0.000000000000160484921578944,
  "Week_Fluctuation": 0.23545334869084206,
  "Updated": "2018-04-22T08:33:21.2807229Z"
}
