{
  "Live": 0.0000000000258588,
  "Minute": 0.000000000020548836582092,
  "Minute_Fluctuation": 0.066785664634743488,
  "Minute_5": 0.000000000019597970996083,
  "Minute_5_Fluctuation": 0.013556515253002017,
  "Minute_10": 0.0000000000194791127978318,
  "Minute_10_Fluctuation": 0.0067904970628539047,
  "Hour": 0.0000000000193800642992892,
  "Hour_Fluctuation": 0.0090289706322101981,
  "Day": 0.0000000000193685237626593,
  "Day_Fluctuation": 0.2347621861142522,
  "Week": 0.0000000000193603725144599,
  "Week_Fluctuation": 0.45578639709894,
  "Updated": "2018-04-26T17:09:40.2947654Z"
}
