{
  "Live": 0.0000000056034,
  "Minute": 0.0000000056034,
  "Minute_Fluctuation": 0.18678160919540232,
  "Minute_5": 0.0000000056034,
  "Minute_5_Fluctuation": 0.18678160919540232,
  "Minute_10": 0.0000000056034,
  "Minute_10_Fluctuation": 0.18678160919540232,
  "Hour": 0.00000000795433744343701,
  "Hour_Fluctuation": 0.09563489767503322,
  "Day": 0.00000000877025593754854,
  "Day_Fluctuation": 0.016472251906271006,
  "Week": 0.00000000881263988901618,
  "Week_Fluctuation": 0.2106102696723833,
  "Updated": "2018-04-23T00:14:38.339472Z"
}
