{
  "Live": 0.0000000000017127,
  "Minute": 0.0000000000017127,
  "Minute_Fluctuation": 0.403448275862069,
  "Minute_5": 0.0000000000017127,
  "Minute_5_Fluctuation": 0.403448275862069,
  "Minute_10": 0.0000000000017127,
  "Minute_10_Fluctuation": 0.403448275862069,
  "Hour": 0.000000000386742403913591,
  "Hour_Fluctuation": 0.345438364283121,
  "Day": 0.000000000543342137408575,
  "Day_Fluctuation": 0.14187647879255791,
  "Week": 0.000000000581033256259079,
  "Week_Fluctuation": 0.23549811358525416,
  "Updated": "2018-04-23T00:14:34.8600026Z"
}
