{
  "Live": 0.0000000000101397134769277,
  "Minute": 0.0000000000100209011831307,
  "Minute_Fluctuation": 0.061392488216368654,
  "Minute_5": 0.00000000000996545385008709,
  "Minute_5_Fluctuation": 0.026208872547479868,
  "Minute_10": 0.000000000010035569853878,
  "Minute_10_Fluctuation": 0.014386524811549735,
  "Hour": 0.0000000000101197769033332,
  "Hour_Fluctuation": 0.0028783509776527556,
  "Day": 0.0000000000101389776060915,
  "Day_Fluctuation": 0.00016424467124229,
  "Week": 0.0000000000101397134769277,
  "Week_Fluctuation": 0.38296214810119972,
  "Updated": "2018-04-24T23:41:51.9030567Z"
}
