{
  "Live": 0.0000000000238194,
  "Minute": 0.0000000000238194,
  "Minute_Fluctuation": 0.067052583569016624,
  "Minute_5": 0.0000000000238194,
  "Minute_5_Fluctuation": 0.074050566473110355,
  "Minute_10": 0.00000000002324743097649,
  "Minute_10_Fluctuation": 0.15706256807693003,
  "Hour": 0.0000000000275310654717293,
  "Hour_Fluctuation": 0.40729109454662177,
  "Day": 0.0000000000225040725754052,
  "Day_Fluctuation": 0.48855790725629322,
  "Week": 0.0000000000221419170121554,
  "Week_Fluctuation": 0.4983222640944826,
  "Updated": "2018-04-28T01:28:00.2548166Z"
}
