{
  "Live": 0.0000000000126621,
  "Minute": 0.0000000000206952805350521,
  "Minute_Fluctuation": 0.18330341293063435,
  "Minute_5": 0.0000000000221163334076147,
  "Minute_5_Fluctuation": 0.038903132001302319,
  "Minute_10": 0.0000000000222883162980506,
  "Minute_10_Fluctuation": 0.024112107865071494,
  "Hour": 0.0000000000223550494357382,
  "Hour_Fluctuation": 0.017167731724477553,
  "Day": 0.0000000000222696109530679,
  "Day_Fluctuation": 0.026117325310230189,
  "Week": 0.000000000022471420403921,
  "Week_Fluctuation": 0.20830121909200164,
  "Updated": "2018-04-23T04:56:39.8612013Z"
}
