{
  "Live": 0.0000000000001644885,
  "Minute": 0.000000000000164751103298284,
  "Minute_Fluctuation": 0.0038488065051889763,
  "Minute_5": 0.000000000000164791153127464,
  "Minute_5_Fluctuation": 0.00089279065690978771,
  "Minute_10": 0.000000000000164794799897418,
  "Minute_10_Fluctuation": 0.0006340072773106816,
  "Hour": 0.000000000000164801247425946,
  "Hour_Fluctuation": 0.0014244962905440406,
  "Day": 0.000000000000164949555666018,
  "Day_Fluctuation": 0.0063160848511901232,
  "Week": 0.000000000000164801160618262,
  "Week_Fluctuation": 0.20319269281615293,
  "Updated": "2018-04-23T04:56:38.2036225Z"
}
