{
  "Live": 0.0000000000060489,
  "Minute": 0.00000000000484482581196449,
  "Minute_Fluctuation": 0.054691299462384553,
  "Minute_5": 0.00000000000464837301546979,
  "Minute_5_Fluctuation": 0.010980144066757411,
  "Minute_10": 0.00000000000462381641590795,
  "Minute_10_Fluctuation": 0.0054926163991240746,
  "Hour": 0.00000000000460335258293975,
  "Hour_Fluctuation": 0.00089395598937195609,
  "Day": 0.00000000000459768130783727,
  "Day_Fluctuation": 0.23485783788413234,
  "Week": 0.00000000000459928417805202,
  "Week_Fluctuation": 0.45580852092240276,
  "Updated": "2018-04-26T17:09:39.0107439Z"
}
