{
  "Live": 0.0000000000001683,
  "Minute": 0.000000000000169793227409082,
  "Minute_Fluctuation": 0.013325988320268859,
  "Minute_5": 0.000000000000169987105478977,
  "Minute_5_Fluctuation": 0.0030032457901962065,
  "Minute_10": 0.000000000000170095271564866,
  "Minute_10_Fluctuation": 0.0019249842335569639,
  "Hour": 0.000000000000170617952564979,
  "Hour_Fluctuation": 0.0099264342730135541,
  "Day": 0.000000000000170203143507786,
  "Day_Fluctuation": 0.15008546486954244,
  "Week": 0.000000000000170035550954032,
  "Week_Fluctuation": 0.43028462747533042,
  "Updated": "2018-04-27T02:43:30.9245923Z"
}
