{
  "Live": 0.0000000012158091,
  "Minute": 0.000000000240160615545607,
  "Minute_Fluctuation": 26.227464700082116,
  "Minute_5": 0.0000000000552958221588152,
  "Minute_5_Fluctuation": 5.889466690593018,
  "Minute_10": 0.0000000000374198916154857,
  "Minute_10_Fluctuation": 2.7229381269862651,
  "Hour": 0.0000000000970675958481398,
  "Hour_Fluctuation": 1.3367621765845319,
  "Day": 0.0000000000518926973301371,
  "Day_Fluctuation": 4.7867843748765067,
  "Week": 0.00000000000910254851367812,
  "Week_Fluctuation": 2.6296975226620294,
  "Updated": "2018-04-23T03:19:56.744719Z"
}
