{
  "Live": 0.0000000000000297,
  "Minute": 0.0000000000000384072094439305,
  "Minute_Fluctuation": 0.07830813937585801,
  "Minute_5": 0.0000000000000397511006222771,
  "Minute_5_Fluctuation": 0.016790047068094727,
  "Minute_10": 0.0000000000000399154255252408,
  "Minute_10_Fluctuation": 0.01083200876648592,
  "Hour": 0.0000000000000399075882454967,
  "Hour_Fluctuation": 0.012330876027658227,
  "Day": 0.0000000000000401382604078522,
  "Day_Fluctuation": 0.018589233561577417,
  "Week": 0.0000000000000400869067636919,
  "Week_Fluctuation": 0.20483710896599563,
  "Updated": "2018-04-23T04:56:38.3377361Z"
}
