{
  "Live": 0.0000000000016632,
  "Minute": 0.0000000000016632,
  "Minute_Fluctuation": 0.62496250237428219,
  "Minute_5": 0.0000000000016632,
  "Minute_5_Fluctuation": 0.60717846470267389,
  "Minute_10": 0.00000000000253195944448081,
  "Minute_10_Fluctuation": 0.49096733145403981,
  "Hour": 0.00000000000352369108588577,
  "Hour_Fluctuation": 0.28518189217527729,
  "Day": 0.00000000000413667522187666,
  "Day_Fluctuation": 0.48227757745850075,
  "Week": 0.00000000000418216822175979,
  "Week_Fluctuation": 0.49740209857913048,
  "Updated": "2018-04-28T01:28:03.2620241Z"
}
