{
  "Live": 0.0000000000000025245,
  "Minute": 0.0000000000000025975908072597,
  "Minute_Fluctuation": 0.010438941579793835,
  "Minute_5": 0.0000000000000026100635104137,
  "Minute_5_Fluctuation": 0.0022354976464228123,
  "Minute_10": 0.0000000000000026112708599829,
  "Minute_10_Fluctuation": 0.0015619880940799487,
  "Hour": 0.0000000000000026432069026795,
  "Hour_Fluctuation": 0.050779358348303986,
  "Day": 0.0000000000000026478068437761,
  "Day_Fluctuation": 0.022639958277797204,
  "Week": 0.000000000000002613180139488,
  "Week_Fluctuation": 0.20803115935136915,
  "Updated": "2018-04-23T03:19:55.400995Z"
}
