{
  "Live": 0.0000000001543707,
  "Minute": 0.000000000147923832106634,
  "Minute_Fluctuation": 0.42783543633630577,
  "Minute_5": 0.000000000146043256841656,
  "Minute_5_Fluctuation": 0.5350077543773295,
  "Minute_10": 0.000000000129300890046727,
  "Minute_10_Fluctuation": 0.505530646830329,
  "Hour": 0.000000000137552025960289,
  "Hour_Fluctuation": 0.13795690732361016,
  "Day": 0.000000000147370037401201,
  "Day_Fluctuation": 0.035867436758844504,
  "Week": 0.000000000145573346231669,
  "Week_Fluctuation": 0.2345458807973882,
  "Updated": "2018-04-22T08:33:21.4177261Z"
}
