{
  "Live": 0.0000000000052371,
  "Minute": 0.000000000484619149207264,
  "Minute_Fluctuation": 0.3231120443963828,
  "Minute_5": 0.000000000559594500530715,
  "Minute_5_Fluctuation": 0.0658707529851063,
  "Minute_10": 0.000000000568758904621567,
  "Minute_10_Fluctuation": 0.042503947056855049,
  "Hour": 0.000000000563608702664598,
  "Hour_Fluctuation": 0.10551722711017449,
  "Day": 0.000000000533499468638173,
  "Day_Fluctuation": 0.15779280968373441,
  "Week": 0.000000000578329040822971,
  "Week_Fluctuation": 0.23355498696862315,
  "Updated": "2018-04-23T04:56:38.5084437Z"
}
