{
  "Live": 0.0000000000034947,
  "Minute": 0.00000000000477464150384585,
  "Minute_Fluctuation": 0.1672251623125254,
  "Minute_5": 0.00000000000502220261567996,
  "Minute_5_Fluctuation": 0.0405475136188847,
  "Minute_10": 0.00000000000506634877813366,
  "Minute_10_Fluctuation": 0.022068507904906019,
  "Hour": 0.00000000000504453020701482,
  "Hour_Fluctuation": 0.043758489816829831,
  "Day": 0.00000000000506137862142696,
  "Day_Fluctuation": 0.039283252185553723,
  "Week": 0.00000000000508406219409585,
  "Week_Fluctuation": 0.21485662156011942,
  "Updated": "2018-04-23T03:19:56.9922508Z"
}
