{
  "Live": 0.0000000000082863,
  "Minute": 0.0000000000082863,
  "Minute_Fluctuation": 1.0300962867660095,
  "Minute_5": 0.0000000000082863,
  "Minute_5_Fluctuation": 1.177478212974473,
  "Minute_10": 0.0000000000082863,
  "Minute_10_Fluctuation": 1.1980188487002528,
  "Hour": 0.00000000000455328340732736,
  "Hour_Fluctuation": 0.22676105366571581,
  "Day": 0.00000000000383071133247368,
  "Day_Fluctuation": 0.049891561431916205,
  "Week": 0.00000000000374118387653941,
  "Week_Fluctuation": 0.21746350868329239,
  "Updated": "2018-04-23T00:03:46.396646Z"
}
