{
  "Live": 0.0000000000001485,
  "Minute": 0.0000000000001485,
  "Minute_Fluctuation": 0.22705540002623781,
  "Minute_5": 0.0000000000001485,
  "Minute_5_Fluctuation": 0.1859013921751223,
  "Minute_10": 0.000000000000159722965402282,
  "Minute_10_Fluctuation": 0.19730019922197989,
  "Hour": 0.00000000000017688818591047,
  "Hour_Fluctuation": 0.27259957986327205,
  "Day": 0.000000000000179748584765503,
  "Day_Fluctuation": 0.48273985195795249,
  "Week": 0.000000000000179963001548258,
  "Week_Fluctuation": 0.49746875373955468,
  "Updated": "2018-04-28T01:28:01.4234473Z"
}
