{
  "Live": 0.0000000000002673,
  "Minute": 0.000000000000161090656443192,
  "Minute_Fluctuation": 0.23796203177414382,
  "Minute_5": 0.000000000000144116902800764,
  "Minute_5_Fluctuation": 0.052925799115243741,
  "Minute_10": 0.000000000000142031268807903,
  "Minute_10_Fluctuation": 0.032870539389907791,
  "Hour": 0.000000000000141491735704714,
  "Hour_Fluctuation": 0.030561401691880721,
  "Day": 0.000000000000141209386317016,
  "Day_Fluctuation": 0.046858867161716868,
  "Week": 0.000000000000139875569270321,
  "Week_Fluctuation": 0.21405767833305706,
  "Updated": "2018-04-23T04:56:38.7662998Z"
}
