{
  "Live": 0.0000000000194139,
  "Minute": 0.0000000000111226401239196,
  "Minute_Fluctuation": 0.32644032793015015,
  "Minute_5": 0.00000000000967817758781037,
  "Minute_5_Fluctuation": 0.075858291385267854,
  "Minute_10": 0.00000000000950204244482658,
  "Minute_10_Fluctuation": 0.049059371611644892,
  "Hour": 0.00000000000959102400811406,
  "Hour_Fluctuation": 0.084201268592800665,
  "Day": 0.0000000000101333640818241,
  "Day_Fluctuation": 0.15610847284967366,
  "Week": 0.00000000000931724107860152,
  "Week_Fluctuation": 0.23590613587308915,
  "Updated": "2018-04-23T04:56:39.6913337Z"
}
