{
  "Live": 0.0000000000000028500775720444,
  "Minute": 0.000000000000002874483246233,
  "Minute_Fluctuation": 0.041525703150579976,
  "Minute_5": 0.000000000000002884759913467,
  "Minute_5_Fluctuation": 0.018238583340365815,
  "Minute_10": 0.0000000000000028707312545685,
  "Minute_10_Fluctuation": 0.010089714376443,
  "Hour": 0.0000000000000028540203325831,
  "Hour_Fluctuation": 0.0019761522729517342,
  "Day": 0.0000000000000028502230262555,
  "Day_Fluctuation": 0.00015629457663760316,
  "Week": 0.0000000000000028500775720444,
  "Week_Fluctuation": 0.38296793432271242,
  "Updated": "2018-04-24T23:41:51.8847139Z"
}
