{
  "Live": 0.0000000000000495,
  "Minute": 0.0000000000000425499194985701,
  "Minute_Fluctuation": 0.20115106638021318,
  "Minute_5": 0.00000000000004060056436226,
  "Minute_5_Fluctuation": 0.19193565847713354,
  "Minute_10": 0.0000000000000433107406500096,
  "Minute_10_Fluctuation": 0.2075289835182923,
  "Hour": 0.0000000000000414128586703553,
  "Hour_Fluctuation": 0.072852075325785526,
  "Day": 0.0000000000000406305137898667,
  "Day_Fluctuation": 0.024704760982169692,
  "Week": 0.0000000000000401134673136905,
  "Week_Fluctuation": 0.23098056423274219,
  "Updated": "2018-04-22T08:33:20.872849Z"
}
