{
  "Live": 0.0000000000000400005333387885,
  "Minute": 0.0000000000000399834479966783,
  "Minute_Fluctuation": 0.0021001099773255553,
  "Minute_5": 0.0000000000000399767014351891,
  "Minute_5_Fluctuation": 0.0008996940154776833,
  "Minute_10": 0.0000000000000399863482551358,
  "Minute_10_Fluctuation": 0.00049666280237241638,
  "Hour": 0.0000000000000399978262868814,
  "Hour_Fluctuation": 0.00042605229765834427,
  "Day": 0.0000000000000400004334768855,
  "Day_Fluctuation": 6.1815220645494487E-05,
  "Week": 0.0000000000000400005333387885,
  "Week_Fluctuation": 0.38294722281498228,
  "Updated": "2018-04-24T23:41:52.0975728Z"
}
