{
  "Live": 0.0000000000015444,
  "Minute": 0.0000000000015444,
  "Minute_Fluctuation": 0.7346060579104251,
  "Minute_5": 0.0000000000015444,
  "Minute_5_Fluctuation": 0.74893970280509314,
  "Minute_10": 0.00000000000312980258246353,
  "Minute_10_Fluctuation": 0.66045872139442,
  "Hour": 0.00000000000526322911400665,
  "Hour_Fluctuation": 0.40453306746969886,
  "Day": 0.00000000000618123197841769,
  "Day_Fluctuation": 0.48975522892632595,
  "Week": 0.00000000000623146216982903,
  "Week_Fluctuation": 0.4984802116272391,
  "Updated": "2018-04-28T01:28:03.4577411Z"
}
