{
  "Live": 0.0000000000002772,
  "Minute": 0.0000000000002772,
  "Minute_Fluctuation": 0.75,
  "Minute_5": 0.0000000000002772,
  "Minute_5_Fluctuation": 0.75,
  "Minute_10": 0.0000000000002772,
  "Minute_10_Fluctuation": 0.75,
  "Hour": 0.000000000000181201940883738,
  "Hour_Fluctuation": 0.1347653202302673,
  "Day": 0.000000000000162764678896199,
  "Day_Fluctuation": 0.033880866632483644,
  "Week": 0.000000000000160607562277975,
  "Week_Fluctuation": 0.21481339031492053,
  "Updated": "2018-04-23T00:14:35.0395719Z"
}
