{
  "Live": 0.0000000014088393,
  "Minute": 0.0000000014088393,
  "Minute_Fluctuation": 0.28614821846835525,
  "Minute_5": 0.0000000014088393,
  "Minute_5_Fluctuation": 0.31184555514390361,
  "Minute_10": 0.00000000129339629244661,
  "Minute_10_Fluctuation": 0.22978063119038908,
  "Hour": 0.00000000113902796055661,
  "Hour_Fluctuation": 0.16659915735567535,
  "Day": 0.00000000107260392849199,
  "Day_Fluctuation": 0.47365950540104818,
  "Week": 0.00000000106879731696258,
  "Week_Fluctuation": 0.49614005097932068,
  "Updated": "2018-04-28T01:28:02.6245897Z"
}
