{
  "Live": 0.0000000000002772,
  "Minute": 0.0000000000002772,
  "Minute_Fluctuation": 0.24324324324324323,
  "Minute_5": 0.0000000000002772,
  "Minute_5_Fluctuation": 0.24324324324324323,
  "Minute_10": 0.0000000000002772,
  "Minute_10_Fluctuation": 0.24324324324324323,
  "Hour": 0.00000000000041636232614051,
  "Hour_Fluctuation": 0.10129343071422728,
  "Day": 0.000000000000464819634362838,
  "Day_Fluctuation": 0.027405274389661092,
  "Week": 0.000000000000463028460819292,
  "Week_Fluctuation": 0.21314662528942008,
  "Updated": "2018-04-23T00:14:36.3709922Z"
}
