{
  "Live": 0.000000000000495,
  "Minute": 0.000000000000545893664392867,
  "Minute_Fluctuation": 0.057411901801838541,
  "Minute_5": 0.000000000000554710449357984,
  "Minute_5_Fluctuation": 0.012470683991628196,
  "Minute_10": 0.000000000000555625101845166,
  "Minute_10_Fluctuation": 0.0058956542019203808,
  "Hour": 0.00000000000055626771826879,
  "Hour_Fluctuation": 0.018175295490701886,
  "Day": 0.000000000000558019752647038,
  "Day_Fluctuation": 0.022427010319287462,
  "Week": 0.000000000000556913552247953,
  "Week_Fluctuation": 0.21289567600753903,
  "Updated": "2018-04-23T03:19:55.5950146Z"
}
