{
  "Live": 0.0000000000882486,
  "Minute": 0.000000000190902318404269,
  "Minute_Fluctuation": 0.14626272486227088,
  "Minute_5": 0.000000000208169687407601,
  "Minute_5_Fluctuation": 0.0303188407146597,
  "Minute_10": 0.000000000210328108533017,
  "Minute_10_Fluctuation": 0.015220668091224536,
  "Hour": 0.000000000212126792804198,
  "Hour_Fluctuation": 0.0069448700345513814,
  "Day": 0.000000000212228506376637,
  "Day_Fluctuation": 0.2355465633861788,
  "Week": 0.000000000212484388367635,
  "Week_Fluctuation": 0.45590612568133287,
  "Updated": "2018-04-26T17:09:39.4570365Z"
}
