{
  "Live": 0.000000000000297,
  "Minute": 0.000000000000297,
  "Minute_Fluctuation": 0.11111111111111117,
  "Minute_5": 0.000000000000297,
  "Minute_5_Fluctuation": 0.11111111111111117,
  "Minute_10": 0.000000000000297,
  "Minute_10_Fluctuation": 0.11111111111111117,
  "Hour": 0.000000000000323519058379104,
  "Hour_Fluctuation": 0.057263195286414832,
  "Day": 0.000000000000342051576900984,
  "Day_Fluctuation": 0.028588266863998135,
  "Week": 0.00000000000034105564488964,
  "Week_Fluctuation": 0.21568423707821863,
  "Updated": "2018-04-23T00:14:36.5799152Z"
}
