{
  "Live": 0.000000000025060570378329,
  "Minute": 0.0000000000250820052720291,
  "Minute_Fluctuation": 0.0091292879156587986,
  "Minute_5": 0.0000000000251242832052779,
  "Minute_5_Fluctuation": 0.01064077087481166,
  "Minute_10": 0.0000000000250980593430788,
  "Minute_10_Fluctuation": 0.0067010041495412873,
  "Hour": 0.0000000000250676030581776,
  "Hour_Fluctuation": 0.0019042684192846209,
  "Day": 0.000000000025060828775921,
  "Day_Fluctuation": 0.00014127958986720452,
  "Week": 0.000000000025060570378329,
  "Week_Fluctuation": 0.38296979684642157,
  "Updated": "2018-04-24T23:41:52.4357745Z"
}
