{
  "Live": 0.0000000000014058,
  "Minute": 0.00000000000217112099926751,
  "Minute_Fluctuation": 1.3107595072976133,
  "Minute_5": 0.00000000000241870168057392,
  "Minute_5_Fluctuation": 1.5946228672025011,
  "Minute_10": 0.00000000000195888075655134,
  "Minute_10_Fluctuation": 1.1051598118678863,
  "Hour": 0.00000000000185558297455228,
  "Hour_Fluctuation": 0.35884266123756,
  "Day": 0.000000000002454062429756,
  "Day_Fluctuation": 0.088022815177919919,
  "Week": 0.00000000000248056614893111,
  "Week_Fluctuation": 0.24653096083771428,
  "Updated": "2018-04-22T08:33:22.8110831Z"
}
