{
  "Live": 0.000000000017226,
  "Minute": 0.00000000000320937176919283,
  "Minute_Fluctuation": 17.60676706282862,
  "Minute_5": 0.00000000000078591404773153,
  "Minute_5_Fluctuation": 4.1373668119715745,
  "Minute_10": 0.000000000000491652447182258,
  "Minute_10_Fluctuation": 2.3750894560823128,
  "Hour": 0.000000000000782394325316909,
  "Hour_Fluctuation": 1.2236509419718411,
  "Day": 0.000000000000966364974826931,
  "Day_Fluctuation": 4.3600292316092641,
  "Week": 0.000000000000180350145357459,
  "Week_Fluctuation": 2.4713243827012188,
  "Updated": "2018-04-23T04:56:39.6075132Z"
}
