{
  "Live": 0.000000000000031581,
  "Minute": 0.0000000000000315252710668432,
  "Minute_Fluctuation": 0.089455179244962824,
  "Minute_5": 0.0000000000000315158325204574,
  "Minute_5_Fluctuation": 0.022868689090980804,
  "Minute_10": 0.0000000000000315901054430065,
  "Minute_10_Fluctuation": 0.014392198078016732,
  "Hour": 0.0000000000000309649980001915,
  "Hour_Fluctuation": 0.0893934290641529,
  "Day": 0.0000000000000308651558900516,
  "Day_Fluctuation": 0.039407415753832761,
  "Week": 0.0000000000000315134740543157,
  "Week_Fluctuation": 0.21191930030566308,
  "Updated": "2018-04-23T03:19:55.318036Z"
}
