{
  "Live": 0.000000000012969,
  "Minute": 0.000000000011057311032531,
  "Minute_Fluctuation": 0.052253632532708677,
  "Minute_5": 0.0000000000107727160820641,
  "Minute_5_Fluctuation": 0.011051387236018326,
  "Minute_10": 0.0000000000107366637970239,
  "Minute_10_Fluctuation": 0.0066819133117202879,
  "Hour": 0.0000000000107038637028842,
  "Hour_Fluctuation": 0.00692015457747625,
  "Day": 0.0000000000107044156325167,
  "Day_Fluctuation": 0.029971049611430021,
  "Week": 0.00000000001070160263648,
  "Week_Fluctuation": 0.20999355600319483,
  "Updated": "2018-04-23T04:56:37.8722848Z"
}
