{
  "Live": 0.000000000020295,
  "Minute": 0.0000000000185523170209673,
  "Minute_Fluctuation": 0.030386044370174739,
  "Minute_5": 0.000000000018304779622777,
  "Minute_5_Fluctuation": 0.0064966391945560208,
  "Minute_10": 0.0000000000182920802477812,
  "Minute_10_Fluctuation": 0.0051653607495513211,
  "Hour": 0.0000000000183207987438432,
  "Hour_Fluctuation": 0.0094802511582250566,
  "Day": 0.0000000000182571738998545,
  "Day_Fluctuation": 0.14918793208194547,
  "Week": 0.0000000000182429259698314,
  "Week_Fluctuation": 0.430084929148427,
  "Updated": "2018-04-27T02:43:31.7957326Z"
}
