{
  "Live": 0.0000000000097119,
  "Minute": 0.00000000000916385758063931,
  "Minute_Fluctuation": 0.075370826540226407,
  "Minute_5": 0.00000000000902254307227486,
  "Minute_5_Fluctuation": 0.074013398852985343,
  "Minute_10": 0.00000000000922907543541841,
  "Minute_10_Fluctuation": 0.05103594294683559,
  "Hour": 0.00000000000926673393059568,
  "Hour_Fluctuation": 0.082394601667606968,
  "Day": 0.000000000009152451152198,
  "Day_Fluctuation": 0.022543137832309247,
  "Week": 0.00000000000898723196930432,
  "Week_Fluctuation": 0.230616127018234,
  "Updated": "2018-04-22T08:33:19.7011818Z"
}
