{
  "Live": 0.0000000001563606,
  "Minute": 0.0000000000307103825611424,
  "Minute_Fluctuation": 22.265071276682352,
  "Minute_5": 0.00000000000723412979011208,
  "Minute_5_Fluctuation": 5.0512349198480848,
  "Minute_10": 0.00000000000488324375293988,
  "Minute_10_Fluctuation": 2.4887467289296574,
  "Hour": 0.0000000000133642854852777,
  "Hour_Fluctuation": 1.3077837985386065,
  "Day": 0.00000000000752673215851664,
  "Day_Fluctuation": 4.5593199956196067,
  "Week": 0.00000000000136797783901757,
  "Week_Fluctuation": 2.2976109038179593,
  "Updated": "2018-04-23T03:19:56.5792304Z"
}
