{
  "Live": 0.0000000000043758,
  "Minute": 0.00000000000385438547932797,
  "Minute_Fluctuation": 0.14610767880724529,
  "Minute_5": 0.00000000000376101899427736,
  "Minute_5_Fluctuation": 0.036757365969865043,
  "Minute_10": 0.00000000000376368944027378,
  "Minute_10_Fluctuation": 0.027380868969590313,
  "Hour": 0.00000000000374499510926641,
  "Hour_Fluctuation": 0.039764955660126444,
  "Day": 0.00000000000379693775871002,
  "Day_Fluctuation": 0.052430025714441796,
  "Week": 0.00000000000373768895119986,
  "Week_Fluctuation": 0.21432750505827253,
  "Updated": "2018-04-23T03:19:56.045461Z"
}
