{
  "Live": 0.0000000000099,
  "Minute": 0.0000000000099,
  "Minute_Fluctuation": 0.062414635934085409,
  "Minute_5": 0.0000000000099,
  "Minute_5_Fluctuation": 0.093470436282491492,
  "Minute_10": 0.0000000000099,
  "Minute_10_Fluctuation": 0.097269751215732558,
  "Hour": 0.00000000000916540384599777,
  "Hour_Fluctuation": 0.020924370204614396,
  "Day": 0.00000000000907076694157224,
  "Day_Fluctuation": 0.019337103662801086,
  "Week": 0.00000000000898856507386323,
  "Week_Fluctuation": 0.209959040530197,
  "Updated": "2018-04-23T00:03:44.3665982Z"
}
