{
  "Live": 0.0000000000000028413,
  "Minute": 0.0000000000000028413,
  "Minute_Fluctuation": 0.0670330475246647,
  "Minute_5": 0.0000000000000028413,
  "Minute_5_Fluctuation": 0.084776186309861737,
  "Minute_10": 0.0000000000000028413,
  "Minute_10_Fluctuation": 0.086896822893881065,
  "Hour": 0.0000000000000026531674554116,
  "Hour_Fluctuation": 0.018372572881230387,
  "Day": 0.0000000000000026203253172206,
  "Day_Fluctuation": 0.011925820753032368,
  "Week": 0.0000000000000026086101802107,
  "Week_Fluctuation": 0.21034612516607809,
  "Updated": "2018-04-23T00:03:44.7992092Z"
}
