{
  "Live": 0.0000000000080883,
  "Minute": 0.0000000000182100983347064,
  "Minute_Fluctuation": 0.21843348705719812,
  "Minute_5": 0.0000000000216365034551376,
  "Minute_5_Fluctuation": 0.045348910419783339,
  "Minute_10": 0.0000000000220648040951915,
  "Minute_10_Fluctuation": 0.022773025349839396,
  "Hour": 0.0000000000224106300295169,
  "Hour_Fluctuation": 0.066321175073911748,
  "Day": 0.0000000000222604969032543,
  "Day_Fluctuation": 0.03236729522201625,
  "Week": 0.0000000000224926798338168,
  "Week_Fluctuation": 0.23087054830605275,
  "Updated": "2018-04-22T11:00:46.3012207Z"
}
