{
  "Live": 0.0000000002219778,
  "Minute": 0.0000000002219778,
  "Minute_Fluctuation": 0.36276320595293715,
  "Minute_5": 0.0000000002219778,
  "Minute_5_Fluctuation": 0.36124217276320847,
  "Minute_10": 0.00000000020182012288275,
  "Minute_10_Fluctuation": 0.25941224132019425,
  "Hour": 0.000000000171304676253993,
  "Hour_Fluctuation": 0.16981775573676836,
  "Day": 0.000000000163421179940836,
  "Day_Fluctuation": 0.47380674268646394,
  "Week": 0.000000000163153913356547,
  "Week_Fluctuation": 0.49615991674890009,
  "Updated": "2018-04-28T01:28:02.2688031Z"
}
