{
  "Live": 0.0000000000152757,
  "Minute": 0.0000000000152757,
  "Minute_Fluctuation": 0.33602695152441642,
  "Minute_5": 0.0000000000152757,
  "Minute_5_Fluctuation": 0.41176428669444615,
  "Minute_10": 0.0000000000152757,
  "Minute_10_Fluctuation": 0.42075638316623332,
  "Hour": 0.0000000000115381967567894,
  "Hour_Fluctuation": 0.085833698619115439,
  "Day": 0.0000000000107665309063471,
  "Day_Fluctuation": 0.0251137261083712,
  "Week": 0.0000000000106718400120066,
  "Week_Fluctuation": 0.21344406851356948,
  "Updated": "2018-04-23T00:03:45.8269551Z"
}
