{
  "Live": 0.0000000002902086,
  "Minute": 0.0000000000509408669065976,
  "Minute_Fluctuation": 25.453008587580847,
  "Minute_5": 0.0000000000117750405153038,
  "Minute_5_Fluctuation": 5.6435812884283614,
  "Minute_10": 0.00000000000693993049574281,
  "Minute_10_Fluctuation": 3.0783351306349616,
  "Hour": 0.00000000000827873568476768,
  "Hour_Fluctuation": 1.2042163350100643,
  "Day": 0.000000000011108224286066,
  "Day_Fluctuation": 4.8281733967356244,
  "Week": 0.00000000000198844079079271,
  "Week_Fluctuation": 3.0034394985472583,
  "Updated": "2018-04-23T04:56:39.0169559Z"
}
