{
  "Live": 0.0000000000159000743604466,
  "Minute": 0.000000000015846216284421,
  "Minute_Fluctuation": 0.019545058287698036,
  "Minute_5": 0.0000000000157714212418582,
  "Minute_5_Fluctuation": 0.012636428978072527,
  "Minute_10": 0.000000000015819968109909,
  "Minute_10_Fluctuation": 0.0070191519676217435,
  "Hour": 0.0000000000158842532226552,
  "Hour_Fluctuation": 0.00149097016315113,
  "Day": 0.0000000000158994870592007,
  "Day_Fluctuation": 9.8748340103718636E-05,
  "Week": 0.0000000000159000743604466,
  "Week_Fluctuation": 0.38295631239947664,
  "Updated": "2018-04-24T23:41:51.9715529Z"
}
