{
  "Live": 0.000000000006039,
  "Minute": 0.00000000000528110574099509,
  "Minute_Fluctuation": 0.077361709454825012,
  "Minute_5": 0.00000000000517667021387999,
  "Minute_5_Fluctuation": 0.017508009505755619,
  "Minute_10": 0.00000000000517183704242196,
  "Minute_10_Fluctuation": 0.013133614919019898,
  "Hour": 0.00000000000519831179691289,
  "Hour_Fluctuation": 0.028302329720948309,
  "Day": 0.0000000000051570033444234,
  "Day_Fluctuation": 0.15276930885877682,
  "Week": 0.00000000000515057428293544,
  "Week_Fluctuation": 0.43085575681074273,
  "Updated": "2018-04-27T02:43:31.4983061Z"
}
