{
  "Live": 0.0000000000003861,
  "Minute": 0.0000000000003861,
  "Minute_Fluctuation": 0.84564996895383082,
  "Minute_5": 0.0000000000003861,
  "Minute_5_Fluctuation": 0.84901548600451349,
  "Minute_10": 0.00000000000112840213674329,
  "Minute_10_Fluctuation": 0.593428130146514,
  "Hour": 0.00000000000243490659610453,
  "Hour_Fluctuation": 0.37440453572090654,
  "Day": 0.00000000000256789463223213,
  "Day_Fluctuation": 0.4861339586223139,
  "Week": 0.00000000000256971971409407,
  "Week_Fluctuation": 0.4979496389192552,
  "Updated": "2018-04-28T01:28:03.6739088Z"
}
