{
  "Live": 0.0000000000000029205,
  "Minute": 0.0000000000000026856986175064,
  "Minute_Fluctuation": 0.12781522432333611,
  "Minute_5": 0.000000000000002623757423821,
  "Minute_5_Fluctuation": 0.12995425054531523,
  "Minute_10": 0.0000000000000027389081173402,
  "Minute_10_Fluctuation": 0.097584445967782332,
  "Hour": 0.0000000000000027399576902767,
  "Hour_Fluctuation": 0.079185760727184334,
  "Day": 0.0000000000000026299213410205,
  "Day_Fluctuation": 0.016229982217869796,
  "Week": 0.0000000000000026082798065993,
  "Week_Fluctuation": 0.23105975902618894,
  "Updated": "2018-04-22T08:33:19.9862041Z"
}
