{
  "Live": 0.00000000000959982723040572,
  "Minute": 0.00000000000958339330359576,
  "Minute_Fluctuation": 0.0087145712537273455,
  "Minute_5": 0.00000000000957586912186279,
  "Minute_5_Fluctuation": 0.0037382975471821492,
  "Minute_10": 0.00000000000958553371271367,
  "Minute_10_Fluctuation": 0.002051952727208053,
  "Hour": 0.00000000000959709482986992,
  "Hour_Fluctuation": 0.000462872928445609,
  "Day": 0.00000000000959972640276487,
  "Day_Fluctuation": 8.3680899945376668E-05,
  "Week": 0.00000000000959982723040572,
  "Week_Fluctuation": 0.382949611341784,
  "Updated": "2018-04-24T23:41:51.8487924Z"
}
