{
  "Live": 0.000000000075339,
  "Minute": 0.000000000075339,
  "Minute_Fluctuation": 0.067770450399887661,
  "Minute_5": 0.000000000075339,
  "Minute_5_Fluctuation": 0.067770450399887661,
  "Minute_10": 0.000000000075339,
  "Minute_10_Fluctuation": 0.067770450399887661,
  "Hour": 0.0000000000501812308126415,
  "Hour_Fluctuation": 0.24952610628399469,
  "Day": 0.000000000040112075606909,
  "Day_Fluctuation": 0.061864037800509017,
  "Week": 0.0000000000388036198792753,
  "Week_Fluctuation": 0.21846711713814165,
  "Updated": "2018-04-23T00:14:38.1482234Z"
}
