{
  "Live": 0.0000000000131175,
  "Minute": 0.00000000000657661358332431,
  "Minute_Fluctuation": 0.31654057165522975,
  "Minute_5": 0.0000000000054345993608769,
  "Minute_5_Fluctuation": 0.064336381537339588,
  "Minute_10": 0.00000000000529184758307097,
  "Minute_10_Fluctuation": 0.032227752675185385,
  "Hour": 0.0000000000051728877682327,
  "Hour_Fluctuation": 0.00781888643078501,
  "Day": 0.00000000000514761435026982,
  "Day_Fluctuation": 0.23623279997995478,
  "Week": 0.00000000000514923742409223,
  "Week_Fluctuation": 0.4561160472074639,
  "Updated": "2018-04-26T17:09:39.9271722Z"
}
