{
  "Live": 0.0000000001272447,
  "Minute": 0.0000000000257980391456731,
  "Minute_Fluctuation": 13.065827682599661,
  "Minute_5": 0.00000000000671214379537704,
  "Minute_5_Fluctuation": 3.2340893983235359,
  "Minute_10": 0.00000000000538697701469483,
  "Minute_10_Fluctuation": 1.8848622598245659,
  "Hour": 0.0000000000215779183388454,
  "Hour_Fluctuation": 1.3034623281904016,
  "Day": 0.0000000000114187966166741,
  "Day_Fluctuation": 5.0808093788686319,
  "Week": 0.00000000000194303676030182,
  "Week_Fluctuation": 3.0091896588413674,
  "Updated": "2018-04-23T03:19:56.6614989Z"
}
