{
  "Live": 0.000000000005148,
  "Minute": 0.00000000000474659194315918,
  "Minute_Fluctuation": 0.071967296099654646,
  "Minute_5": 0.00000000000467829361676007,
  "Minute_5_Fluctuation": 0.016456624754346956,
  "Minute_10": 0.00000000000466902943350105,
  "Minute_10_Fluctuation": 0.012364417341513972,
  "Hour": 0.00000000000469335301343108,
  "Hour_Fluctuation": 0.042055409317401114,
  "Day": 0.00000000000481002350203921,
  "Day_Fluctuation": 0.088578416983314243,
  "Week": 0.00000000000466122750469481,
  "Week_Fluctuation": 0.22337855033002174,
  "Updated": "2018-04-23T04:56:39.433104Z"
}
