{
  "Live": 0.0000000000197901,
  "Minute": 0.0000000000219309913237058,
  "Minute_Fluctuation": 0.063599022805217467,
  "Minute_5": 0.000000000022363819889002,
  "Minute_5_Fluctuation": 0.013952183372558827,
  "Minute_10": 0.0000000000223903916141617,
  "Minute_10_Fluctuation": 0.011156484356064849,
  "Hour": 0.0000000000221987406451767,
  "Hour_Fluctuation": 0.040527158557284518,
  "Day": 0.0000000000222595700854764,
  "Day_Fluctuation": 0.026816859014509694,
  "Week": 0.0000000000224719733561488,
  "Week_Fluctuation": 0.21024339019714894,
  "Updated": "2018-04-23T03:19:57.5163607Z"
}
