{
  "Live": 0.0000000000055044,
  "Minute": 0.00000000000520302151099255,
  "Minute_Fluctuation": 0.47108185294411531,
  "Minute_5": 0.00000000000510746561171631,
  "Minute_5_Fluctuation": 0.5941976100459897,
  "Minute_10": 0.00000000000447700227307539,
  "Minute_10_Fluctuation": 0.56545709080008677,
  "Hour": 0.00000000000454316449143427,
  "Hour_Fluctuation": 0.23989527509873232,
  "Day": 0.00000000000502009348691427,
  "Day_Fluctuation": 0.057954149366463911,
  "Week": 0.00000000000508358848658714,
  "Week_Fluctuation": 0.23887513973972563,
  "Updated": "2018-04-22T08:33:22.5355593Z"
}
