{
  "Live": 0.0000000000100584,
  "Minute": 0.0000000000105105133673942,
  "Minute_Fluctuation": 0.038401061536276447,
  "Minute_5": 0.000000000010634607626789,
  "Minute_5_Fluctuation": 0.033314365763637617,
  "Minute_10": 0.000000000010761144231464,
  "Minute_10_Fluctuation": 0.075266556691191241,
  "Hour": 0.0000000000104572659974555,
  "Hour_Fluctuation": 0.047069768351698009,
  "Day": 0.0000000000107939502660386,
  "Day_Fluctuation": 0.0346310105723533,
  "Week": 0.0000000000106656158029647,
  "Week_Fluctuation": 0.23395112462695361,
  "Updated": "2018-04-22T08:33:20.5553958Z"
}
