{
  "Live": 0.000000000000203643,
  "Minute": 0.000000000000213736749627762,
  "Minute_Fluctuation": 0.090646274926752951,
  "Minute_5": 0.000000000000216778771731346,
  "Minute_5_Fluctuation": 0.098713192143741829,
  "Minute_10": 0.000000000000224850999279694,
  "Minute_10_Fluctuation": 0.20964735433036674,
  "Hour": 0.000000000000204082739234622,
  "Hour_Fluctuation": 0.20543355397936272,
  "Day": 0.000000000000210237408464765,
  "Day_Fluctuation": 0.04734882626731711,
  "Week": 0.000000000000217538900022358,
  "Week_Fluctuation": 0.23517908944942761,
  "Updated": "2018-04-22T08:33:21.8486357Z"
}
