{
  "Live": 0.0000000000496188,
  "Minute": 0.0000000000468366404066305,
  "Minute_Fluctuation": 0.018299921444075551,
  "Minute_5": 0.0000000000464359056927031,
  "Minute_5_Fluctuation": 0.0038872497576372825,
  "Minute_10": 0.0000000000463818039226513,
  "Minute_10_Fluctuation": 0.0069673049828723275,
  "Hour": 0.0000000000467243460177761,
  "Hour_Fluctuation": 0.019944832820963935,
  "Day": 0.0000000000464036890158207,
  "Day_Fluctuation": 0.15072302565067935,
  "Week": 0.0000000000463357717085062,
  "Week_Fluctuation": 0.43032951766782279,
  "Updated": "2018-04-27T02:43:31.9368364Z"
}
