{
  "Live": 0.0000000000001649835,
  "Minute": 0.0000000000001649835,
  "Minute_Fluctuation": 0.010788326789928105,
  "Minute_5": 0.0000000000001649835,
  "Minute_5_Fluctuation": 0.0011966340832487243,
  "Minute_10": 0.0000000000001649835,
  "Minute_10_Fluctuation": 8.2504441077333032E-05,
  "Hour": 0.000000000000164896769017572,
  "Hour_Fluctuation": 0.00086424253622153428,
  "Day": 0.000000000000164841563504055,
  "Day_Fluctuation": 0.0058214539597643148,
  "Week": 0.000000000000164781160374836,
  "Week_Fluctuation": 0.2089456934820102,
  "Updated": "2018-04-23T00:03:46.0101679Z"
}
