{
  "Live": 0.0000000000625878,
  "Minute": 0.0000000000436889891480826,
  "Minute_Fluctuation": 0.1838946441496202,
  "Minute_5": 0.0000000000398410514491348,
  "Minute_5_Fluctuation": 0.040154695117823783,
  "Minute_10": 0.0000000000394336391425382,
  "Minute_10_Fluctuation": 0.02456398452568289,
  "Hour": 0.0000000000402661997760061,
  "Hour_Fluctuation": 0.10183192337983955,
  "Day": 0.0000000000404431080961083,
  "Day_Fluctuation": 0.06891502821197705,
  "Week": 0.0000000000388795441992117,
  "Week_Fluctuation": 0.21641302535856774,
  "Updated": "2018-04-23T03:19:57.6010281Z"
}
