{
  "Live": 0.0000000001373823,
  "Minute": 0.0000000001373823,
  "Minute_Fluctuation": 0.17360252476311336,
  "Minute_5": 0.0000000001373823,
  "Minute_5_Fluctuation": 0.1984664286615519,
  "Minute_10": 0.000000000149272745828115,
  "Minute_10_Fluctuation": 0.22632489625007457,
  "Hour": 0.000000000166952948458629,
  "Hour_Fluctuation": 0.25385947186186758,
  "Day": 0.000000000172228123540927,
  "Day_Fluctuation": 0.48025540335745281,
  "Week": 0.000000000172664886067238,
  "Week_Fluctuation": 0.49710021701511636,
  "Updated": "2018-04-28T01:28:01.6139119Z"
}
