{
  "Live": 0.0000000000000693,
  "Minute": 0.000000000000120607798273198,
  "Minute_Fluctuation": 0.87592180233477179,
  "Minute_5": 0.000000000000135737253426013,
  "Minute_5_Fluctuation": 0.985800432203947,
  "Minute_10": 0.000000000000115481973004508,
  "Minute_10_Fluctuation": 0.67735389985520789,
  "Hour": 0.000000000000116036454193403,
  "Hour_Fluctuation": 0.218130067387981,
  "Day": 0.000000000000138272111538308,
  "Day_Fluctuation": 0.054120322863123696,
  "Week": 0.000000000000139517741041703,
  "Week_Fluctuation": 0.2380295678276769,
  "Updated": "2018-04-22T08:33:21.5592644Z"
}
