{
  "Live": 0.0000000001718,
  "Minute": 0.00000000015242456948362,
  "Minute_Fluctuation": 0.047063720312148408,
  "Minute_5": 0.000000000146943590882059,
  "Minute_5_Fluctuation": 0.0094127440624296819,
  "Minute_10": 0.000000000146258468556864,
  "Minute_10_Fluctuation": 0.0047063720312148409,
  "Hour": 0.000000000145687533285868,
  "Hour_Fluctuation": 0.045711874438204847,
  "Day": 0.000000000147192518645499,
  "Day_Fluctuation": 0.033483090274047042,
  "Week": 0.000000000145574025916515,
  "Week_Fluctuation": 0.23112563851434487,
  "Updated": "2018-04-22T11:00:43.9106664Z"
}
