{
  "Live": 0.000000000158963557312274,
  "Minute": 0.000000000160126434958728,
  "Minute_Fluctuation": 0.038115056734539993,
  "Minute_5": 0.000000000161215595456013,
  "Minute_5_Fluctuation": 0.019140940186161106,
  "Minute_10": 0.000000000160339178945044,
  "Minute_10_Fluctuation": 0.010198186518925935,
  "Hour": 0.000000000159231258436464,
  "Hour_Fluctuation": 0.0023127113120050284,
  "Day": 0.000000000158973467775171,
  "Day_Fluctuation": 0.00013602675896848938,
  "Week": 0.000000000158963557312274,
  "Week_Fluctuation": 0.38296880184734433,
  "Updated": "2018-04-24T23:41:52.2404308Z"
}
