{
  "Live": 0.0000000000000396,
  "Minute": 0.0000000000000396,
  "Minute_Fluctuation": 0.00948316736430262,
  "Minute_5": 0.0000000000000396,
  "Minute_5_Fluctuation": 0.012146264815567128,
  "Minute_10": 0.0000000000000396,
  "Minute_10_Fluctuation": 0.012382090882748265,
  "Hour": 0.0000000000000399808431842241,
  "Hour_Fluctuation": 0.0048620961408563177,
  "Day": 0.0000000000000403422906379234,
  "Day_Fluctuation": 0.017476851025933056,
  "Week": 0.0000000000000401132996777448,
  "Week_Fluctuation": 0.21021772752643228,
  "Updated": "2018-04-23T00:03:46.1999438Z"
}
