{
  "Live": 0.000000000000490039852115473,
  "Minute": 0.000000000000494888974406683,
  "Minute_Fluctuation": 0.045614604442310462,
  "Minute_5": 0.000000000000496602342305404,
  "Minute_5_Fluctuation": 0.017708580078104212,
  "Minute_10": 0.000000000000493943293501914,
  "Minute_10_Fluctuation": 0.00936807574256816,
  "Hour": 0.000000000000490784482110746,
  "Hour_Fluctuation": 0.0019320592201605036,
  "Day": 0.000000000000490067319515231,
  "Day_Fluctuation": 0.00040383266933141632,
  "Week": 0.000000000000490039852115473,
  "Week_Fluctuation": 0.38301800257069135,
  "Updated": "2018-04-24T23:41:52.3511304Z"
}
