{
  "Live": 0.0000000000740322,
  "Minute": 0.000000000045287851232935,
  "Minute_Fluctuation": 0.22395613674073411,
  "Minute_5": 0.0000000000401644020936878,
  "Minute_5_Fluctuation": 0.048329028647299793,
  "Minute_10": 0.0000000000395314367509533,
  "Minute_10_Fluctuation": 0.028421996467893673,
  "Hour": 0.0000000000394490996708535,
  "Hour_Fluctuation": 0.04241221831759278,
  "Day": 0.0000000000403725291819425,
  "Day_Fluctuation": 0.067563753916644986,
  "Week": 0.0000000000388841751572316,
  "Week_Fluctuation": 0.21446381691558558,
  "Updated": "2018-04-23T04:56:39.9444274Z"
}
