{
  "Live": 0.000000000013480522401222,
  "Minute": 0.0000000000138005848879584,
  "Minute_Fluctuation": 0.10245481397009665,
  "Minute_5": 0.000000000013903112773013,
  "Minute_5_Fluctuation": 0.046335548194686792,
  "Minute_10": 0.0000000000137317494993203,
  "Minute_10_Fluctuation": 0.025862232860609062,
  "Hour": 0.0000000000135284323912526,
  "Hour_Fluctuation": 0.0067309773219553122,
  "Day": 0.0000000000134822895903702,
  "Day_Fluctuation": 0.00026328435228667593,
  "Week": 0.000000000013480522401222,
  "Week_Fluctuation": 0.38298127127403547,
  "Updated": "2018-04-24T23:41:52.4688146Z"
}
