{
  "Live": 0.0000000000056034,
  "Minute": 0.0000000000056034,
  "Minute_Fluctuation": 0.16331723263155326,
  "Minute_5": 0.0000000000056034,
  "Minute_5_Fluctuation": 0.11402268046712589,
  "Minute_10": 0.0000000000056034,
  "Minute_10_Fluctuation": 0.10833278716390593,
  "Hour": 0.00000000000516427349181082,
  "Hour_Fluctuation": 0.02687870887113496,
  "Day": 0.00000000000505619022552427,
  "Day_Fluctuation": 0.033526314437853824,
  "Week": 0.00000000000508368254305892,
  "Week_Fluctuation": 0.217560495196172,
  "Updated": "2018-04-23T00:03:48.3842937Z"
}
