{
  "Live": 0.0000000104742,
  "Minute": 0.00000000916584706678592,
  "Minute_Fluctuation": 0.04968756138435676,
  "Minute_5": 0.00000000889742568557528,
  "Minute_5_Fluctuation": 0.010449570438611441,
  "Minute_10": 0.00000000887226696037199,
  "Minute_10_Fluctuation": 0.010477189891150034,
  "Hour": 0.00000000893536063923612,
  "Hour_Fluctuation": 0.0768205668649334,
  "Day": 0.00000000888823145044346,
  "Day_Fluctuation": 0.036311837241700853,
  "Week": 0.00000000883035362665422,
  "Week_Fluctuation": 0.21004438628330682,
  "Updated": "2018-04-23T03:19:57.6913167Z"
}
