{
  "Live": 0.0000000000124641,
  "Minute": 0.0000000000092470569167751,
  "Minute_Fluctuation": 0.16000516616534755,
  "Minute_5": 0.00000000000860162345946125,
  "Minute_5_Fluctuation": 0.035645088894063919,
  "Minute_10": 0.00000000000853850166936557,
  "Minute_10_Fluctuation": 0.023947298435200198,
  "Hour": 0.00000000000878114916637364,
  "Hour_Fluctuation": 0.11111120119976674,
  "Day": 0.00000000000882999309311829,
  "Day_Fluctuation": 0.084825852291176382,
  "Week": 0.00000000000844034513400398,
  "Week_Fluctuation": 0.22624440358804862,
  "Updated": "2018-04-23T03:19:57.4246449Z"
}
