{
  "Live": 0.000000000149536817413011,
  "Minute": 0.000000000148543863142363,
  "Minute_Fluctuation": 0.032761508307787179,
  "Minute_5": 0.00000000014817796418649,
  "Minute_5_Fluctuation": 0.0149603030057341,
  "Minute_10": 0.000000000148728338864312,
  "Minute_10_Fluctuation": 0.008478225703376507,
  "Hour": 0.000000000149382564894704,
  "Hour_Fluctuation": 0.0018195348933344698,
  "Day": 0.000000000149531127305845,
  "Day_Fluctuation": 0.00012124234656052877,
  "Week": 0.000000000149536817413011,
  "Week_Fluctuation": 0.38296519032386728,
  "Updated": "2018-04-24T23:41:52.3039913Z"
}
