{
  "Live": 0.000000000168003,
  "Minute": 0.000000000168003,
  "Minute_Fluctuation": 0.12205765670457548,
  "Minute_5": 0.000000000168003,
  "Minute_5_Fluctuation": 0.12205765670457548,
  "Minute_10": 0.000000000168003,
  "Minute_10_Fluctuation": 0.12205765670457548,
  "Hour": 0.0000000000540021493428738,
  "Hour_Fluctuation": 9.2128469465096625,
  "Day": 0.00000000000285855408117466,
  "Day_Fluctuation": 3.8573109541504564,
  "Week": 0.000000000000602248074165071,
  "Week_Fluctuation": 1.4244276902862643,
  "Updated": "2018-04-23T00:14:35.8190213Z"
}
