{
  "Live": 0.0000000000000032967,
  "Minute": 0.0000000000000027195757889971,
  "Minute_Fluctuation": 0.073428937405368211,
  "Minute_5": 0.0000000000000026345832629611,
  "Minute_5_Fluctuation": 0.016148601820206256,
  "Minute_10": 0.000000000000002624179907741,
  "Minute_10_Fluctuation": 0.010401617873418326,
  "Hour": 0.0000000000000026289618742705,
  "Hour_Fluctuation": 0.019459681082322915,
  "Day": 0.0000000000000026466674889928,
  "Day_Fluctuation": 0.022396229708725617,
  "Week": 0.0000000000000026133456711999,
  "Week_Fluctuation": 0.20610650652733123,
  "Updated": "2018-04-23T04:56:37.7646354Z"
}
