{
  "Live": 0.0000000000067221,
  "Minute": 0.0000000000067221,
  "Minute_Fluctuation": 0.37157954104434832,
  "Minute_5": 0.0000000000067221,
  "Minute_5_Fluctuation": 0.43105266285477656,
  "Minute_10": 0.0000000000067221,
  "Minute_10_Fluctuation": 0.43733113023535941,
  "Hour": 0.00000000000505018788481764,
  "Hour_Fluctuation": 0.093424963489454671,
  "Day": 0.00000000000475232697791395,
  "Day_Fluctuation": 0.065072584176489034,
  "Week": 0.00000000000464859181625681,
  "Week_Fluctuation": 0.22459808015037294,
  "Updated": "2018-04-23T00:03:48.5668388Z"
}
