{
  "Live": 0.0000000000011892969,
  "Minute": 0.00000000000113001117504939,
  "Minute_Fluctuation": 0.072072791923504631,
  "Minute_5": 0.00000000000111177548706682,
  "Minute_5_Fluctuation": 0.071439356910596316,
  "Minute_10": 0.00000000000113634575408009,
  "Minute_10_Fluctuation": 0.10473582222866784,
  "Hour": 0.0000000000011757535208646,
  "Hour_Fluctuation": 0.12753037556193209,
  "Day": 0.00000000000113203021067774,
  "Day_Fluctuation": 0.031097672872102095,
  "Week": 0.00000000000110721882644122,
  "Week_Fluctuation": 0.23193193742416315,
  "Updated": "2018-04-22T08:33:22.1240453Z"
}
