{
  "Live": 0.0000000000193545,
  "Minute": 0.000000000011315923823493,
  "Minute_Fluctuation": 0.34655844671086411,
  "Minute_5": 0.00000000000971520324234203,
  "Minute_5_Fluctuation": 0.07933523512090486,
  "Minute_10": 0.00000000000955863327167142,
  "Minute_10_Fluctuation": 0.053006788447918451,
  "Hour": 0.000000000010085767146083,
  "Hour_Fluctuation": 0.20097070850796386,
  "Day": 0.0000000000101758024283132,
  "Day_Fluctuation": 0.1600203475961994,
  "Week": 0.00000000000931522159911049,
  "Week_Fluctuation": 0.23796407313196974,
  "Updated": "2018-04-23T03:19:57.3357434Z"
}
