{
  "Live": 0.0000000000002079,
  "Minute": 0.000000000000304246344181239,
  "Minute_Fluctuation": 0.11904801367413727,
  "Minute_5": 0.000000000000333773593012582,
  "Minute_5_Fluctuation": 0.024508604703102989,
  "Minute_10": 0.0000000000003374644991165,
  "Minute_10_Fluctuation": 0.012297908905399115,
  "Hour": 0.000000000000340607132289252,
  "Hour_Fluctuation": 0.021753437797265174,
  "Day": 0.000000000000344326630591093,
  "Day_Fluctuation": 0.042402986341108374,
  "Week": 0.00000000000034115174360722,
  "Week_Fluctuation": 0.23334187751716118,
  "Updated": "2018-04-22T11:00:44.9750345Z"
}
