{
  "Live": 0.0000000000005643,
  "Minute": 0.0000000000005643,
  "Minute_Fluctuation": 0.025978022422894438,
  "Minute_5": 0.0000000000005643,
  "Minute_5_Fluctuation": 0.004892804344740446,
  "Minute_10": 0.0000000000005643,
  "Minute_10_Fluctuation": 0.0084491340820331533,
  "Hour": 0.000000000000560635200943258,
  "Hour_Fluctuation": 0.0090885742490170555,
  "Day": 0.00000000000055960216450079,
  "Day_Fluctuation": 0.020112162887404559,
  "Week": 0.000000000000557112677031266,
  "Week_Fluctuation": 0.21635096376124205,
  "Updated": "2018-04-23T00:03:45.4539321Z"
}
