{
  "Live": 0.0000000000000242253,
  "Minute": 0.0000000000000303882954260445,
  "Minute_Fluctuation": 0.064840380224798058,
  "Minute_5": 0.0000000000000312880231869875,
  "Minute_5_Fluctuation": 0.01364348167681198,
  "Minute_10": 0.0000000000000313989751261854,
  "Minute_10_Fluctuation": 0.0072425537518324163,
  "Hour": 0.0000000000000313574623895368,
  "Hour_Fluctuation": 0.02416492025653896,
  "Day": 0.0000000000000309031003059129,
  "Day_Fluctuation": 0.03846830541365652,
  "Week": 0.0000000000000315128435538401,
  "Week_Fluctuation": 0.20994187032876102,
  "Updated": "2018-04-23T04:56:37.6777179Z"
}
