{
  "Live": 0.000000000000594,
  "Minute": 0.000000000000565611072255762,
  "Minute_Fluctuation": 0.018291584820291376,
  "Minute_5": 0.000000000000561088096214016,
  "Minute_5_Fluctuation": 0.0039337393865672282,
  "Minute_10": 0.000000000000560522724208798,
  "Minute_10_Fluctuation": 0.0019837945516010527,
  "Hour": 0.000000000000560051580871116,
  "Hour_Fluctuation": 0.0012502387368745114,
  "Day": 0.000000000000559818366631951,
  "Day_Fluctuation": 0.23421876075974218,
  "Week": 0.000000000000559957913088506,
  "Week_Fluctuation": 0.45575460752732072,
  "Updated": "2018-04-26T17:09:38.622166Z"
}
