{
  "Live": 0.0000000000000027918,
  "Minute": 0.0000000000000027918,
  "Minute_Fluctuation": 0.019497559268819239,
  "Minute_5": 0.0000000000000027918,
  "Minute_5_Fluctuation": 0.022097694620978846,
  "Minute_10": 0.0000000000000027706646302509,
  "Minute_10_Fluctuation": 0.02568921619649904,
  "Hour": 0.0000000000000027475235208941,
  "Hour_Fluctuation": 0.13979021665558189,
  "Day": 0.0000000000000027283761346275,
  "Day_Fluctuation": 0.47321675923630613,
  "Week": 0.00000000000000272974107298,
  "Week_Fluctuation": 0.49607689899922147,
  "Updated": "2018-04-28T01:27:59.6006652Z"
}
