{
  "Live": 0.000000000007029,
  "Minute": 0.000000000007029,
  "Minute_Fluctuation": 0.254416961130742,
  "Minute_5": 0.000000000007029,
  "Minute_5_Fluctuation": 0.254416961130742,
  "Minute_10": 0.000000000007029,
  "Minute_10_Fluctuation": 0.254416961130742,
  "Hour": 0.0000000000055001221715782,
  "Hour_Fluctuation": 0.087070781856652416,
  "Day": 0.0000000000050709950229767,
  "Day_Fluctuation": 0.036202772708579335,
  "Week": 0.00000000000508576804070101,
  "Week_Fluctuation": 0.21773749087297151,
  "Updated": "2018-04-23T00:14:36.7663711Z"
}
