{
  "Live": 0.0000000000148104,
  "Minute": 0.0000000000102902468589242,
  "Minute_Fluctuation": 0.529022910872366,
  "Minute_5": 0.00000000000878468119998601,
  "Minute_5_Fluctuation": 0.4516215872384034,
  "Minute_10": 0.0000000000106263384449871,
  "Minute_10_Fluctuation": 0.29457727764351621,
  "Hour": 0.0000000000109330144368452,
  "Hour_Fluctuation": 0.35622005795133416,
  "Day": 0.00000000000896704775270808,
  "Day_Fluctuation": 0.088064805090960416,
  "Week": 0.0000000000084084764873421,
  "Week_Fluctuation": 0.24939800973995446,
  "Updated": "2018-04-22T08:33:23.2200234Z"
}
