{
  "Live": 0.0000000000001734678,
  "Minute": 0.000000000000167014353474689,
  "Minute_Fluctuation": 0.045159188612867787,
  "Minute_5": 0.000000000000165227056316138,
  "Minute_5_Fluctuation": 0.043064608939110759,
  "Minute_10": 0.00000000000016730684403609,
  "Minute_10_Fluctuation": 0.1098786525530384,
  "Hour": 0.000000000000159871163888081,
  "Hour_Fluctuation": 0.072440111444240063,
  "Day": 0.000000000000164905136918995,
  "Day_Fluctuation": 0.012012091368944216,
  "Week": 0.000000000000164780453665533,
  "Week_Fluctuation": 0.2296534075705508,
  "Updated": "2018-04-22T08:33:20.6913832Z"
}
