{
  "Live": 0.0000000000000041481,
  "Minute": 0.0000000000000041481,
  "Minute_Fluctuation": 0.45993031358885017,
  "Minute_5": 0.0000000000000041481,
  "Minute_5_Fluctuation": 0.45993031358885017,
  "Minute_10": 0.0000000000000041481,
  "Minute_10_Fluctuation": 0.45993031358885017,
  "Hour": 0.0000000000000029224425829314,
  "Hour_Fluctuation": 0.11655515401528736,
  "Day": 0.0000000000000026317916016587,
  "Day_Fluctuation": 0.016212215949831885,
  "Week": 0.0000000000000026102607815126,
  "Week_Fluctuation": 0.21075334870338283,
  "Updated": "2018-04-23T00:14:33.2501795Z"
}
