{
  "Live": 0.0000000000013761,
  "Minute": 0.0000000000013761,
  "Minute_Fluctuation": 0.59710144927536235,
  "Minute_5": 0.0000000000013761,
  "Minute_5_Fluctuation": 0.59710144927536235,
  "Minute_10": 0.0000000000013761,
  "Minute_10_Fluctuation": 0.59710144927536235,
  "Hour": 0.00000000000242274591661781,
  "Hour_Fluctuation": 0.15168953307742222,
  "Day": 0.00000000000246774712003143,
  "Day_Fluctuation": 0.051714054294929715,
  "Week": 0.00000000000248041210383922,
  "Week_Fluctuation": 0.22512709317829754,
  "Updated": "2018-04-23T00:14:37.1719317Z"
}
