{
  "Live": 0.0000000000000693,
  "Minute": 0.0000000000000473778617092639,
  "Minute_Fluctuation": 0.23003352640243568,
  "Minute_5": 0.0000000000000415665681345707,
  "Minute_5_Fluctuation": 0.049277671329648172,
  "Minute_10": 0.000000000000040840156437734,
  "Minute_10_Fluctuation": 0.02485291834882784,
  "Hour": 0.0000000000000402707443292259,
  "Hour_Fluctuation": 0.028379829790178845,
  "Day": 0.000000000000040585031958666,
  "Day_Fluctuation": 0.023641661200835912,
  "Week": 0.000000000000040114465387422,
  "Week_Fluctuation": 0.22763270809699526,
  "Updated": "2018-04-22T11:00:43.0606009Z"
}
