{
  "Live": 0.000000000025938,
  "Minute": 0.000000000025938,
  "Minute_Fluctuation": 0.32158978389294224,
  "Minute_5": 0.000000000025938,
  "Minute_5_Fluctuation": 5.56503514770473,
  "Minute_10": 0.000000000025938,
  "Minute_10_Fluctuation": 11.661389875122588,
  "Hour": 0.00000000000521370571615083,
  "Hour_Fluctuation": 8.305438931975015,
  "Day": 0.00000000000027815146084232,
  "Day_Fluctuation": 3.5930443273373616,
  "Week": 0.0000000000000611726053513766,
  "Week_Fluctuation": 1.3595759560528229,
  "Updated": "2018-04-23T00:03:48.9762829Z"
}
