{
  "Live": 0.0000000000628056,
  "Minute": 0.0000000000493557662735459,
  "Minute_Fluctuation": 0.093780579022024413,
  "Minute_5": 0.0000000000469330143982745,
  "Minute_5_Fluctuation": 0.019968982344645277,
  "Minute_10": 0.0000000000466301704138656,
  "Minute_10_Fluctuation": 0.010061142742995532,
  "Hour": 0.0000000000463778004268582,
  "Hour_Fluctuation": 0.0065261070414720443,
  "Day": 0.0000000000463621015034596,
  "Day_Fluctuation": 0.23428417816513564,
  "Week": 0.0000000000463276268699174,
  "Week_Fluctuation": 0.45571079589592284,
  "Updated": "2018-04-26T17:09:40.3716866Z"
}
