{
  "Live": 0.0000000000223641,
  "Minute": 0.0000000000127917194591159,
  "Minute_Fluctuation": 0.24856685150494048,
  "Minute_5": 0.0000000000111128363897501,
  "Minute_5_Fluctuation": 0.0522043245438251,
  "Minute_10": 0.0000000000109206386017071,
  "Minute_10_Fluctuation": 0.030613612409007097,
  "Hour": 0.000000000011007360887426,
  "Hour_Fluctuation": 0.095554313475503874,
  "Day": 0.0000000000108932366763044,
  "Day_Fluctuation": 0.036123467032821523,
  "Week": 0.0000000000106933238172337,
  "Week_Fluctuation": 0.21135893732031741,
  "Updated": "2018-04-23T03:19:55.762807Z"
}
