{
  "Live": 0.0000000000076923,
  "Minute": 0.0000000000076923,
  "Minute_Fluctuation": 0.20071223065569305,
  "Minute_5": 0.0000000000076923,
  "Minute_5_Fluctuation": 0.19685377535810694,
  "Minute_10": 0.0000000000076923,
  "Minute_10_Fluctuation": 0.19657644152245368,
  "Hour": 0.00000000000925114442634793,
  "Hour_Fluctuation": 0.037744891625511041,
  "Day": 0.00000000000947706113662478,
  "Day_Fluctuation": 0.024029769286660729,
  "Week": 0.00000000000956419306314387,
  "Week_Fluctuation": 0.2121377402110545,
  "Updated": "2018-04-23T00:03:47.321297Z"
}
