{
  "Live": 0.0000000000095733,
  "Minute": 0.00000000000912119143651089,
  "Minute_Fluctuation": 0.028242135725171945,
  "Minute_5": 0.00000000000901403641352043,
  "Minute_5_Fluctuation": 0.0063256592981808871,
  "Minute_10": 0.00000000000900064203564662,
  "Minute_10_Fluctuation": 0.0032050416324904589,
  "Hour": 0.00000000000899151122923018,
  "Hour_Fluctuation": 0.023819254702519371,
  "Day": 0.00000000000913589242897924,
  "Day_Fluctuation": 0.022082726045743642,
  "Week": 0.0000000000089872609458461,
  "Week_Fluctuation": 0.22725204214642192,
  "Updated": "2018-04-22T11:00:41.6079349Z"
}
