{
  "Live": 0.00000000128077811672992,
  "Minute": 0.00000000127404499552153,
  "Minute_Fluctuation": 0.026774236942743647,
  "Minute_5": 0.00000000126983958832549,
  "Minute_5_Fluctuation": 0.011898561634231971,
  "Minute_10": 0.0000000012741567009316,
  "Minute_10_Fluctuation": 0.0063544815847352276,
  "Hour": 0.0000000012794977036813,
  "Hour_Fluctuation": 0.0010862858669188269,
  "Day": 0.00000000128073076728207,
  "Day_Fluctuation": 5.5288095012541071E-05,
  "Week": 0.00000000128077811672992,
  "Week_Fluctuation": 0.38294600524321848,
  "Updated": "2018-04-24T23:41:52.3352145Z"
}
