{
  "Live": 0.0000000000000297,
  "Minute": 0.00000000000003819730322791,
  "Minute_Fluctuation": 0.048836365050519748,
  "Minute_5": 0.0000000000000397105170811521,
  "Minute_5_Fluctuation": 0.0098253708091010084,
  "Minute_10": 0.0000000000000398977668829838,
  "Minute_10_Fluctuation": 0.0051071522473786707,
  "Hour": 0.0000000000000397912702612515,
  "Hour_Fluctuation": 0.027505837863269423,
  "Day": 0.0000000000000401542695259518,
  "Day_Fluctuation": 0.019474570905344608,
  "Week": 0.0000000000000400886328939352,
  "Week_Fluctuation": 0.20676985720727353,
  "Updated": "2018-04-23T03:19:55.9625542Z"
}
