{
  "Live": 0.0000000000175923,
  "Minute": 0.0000000000175923,
  "Minute_Fluctuation": 0.15610634655002387,
  "Minute_5": 0.0000000000175923,
  "Minute_5_Fluctuation": 0.17117159081620453,
  "Minute_10": 0.0000000000188442188310676,
  "Minute_10_Fluctuation": 0.18939094425566494,
  "Hour": 0.0000000000194905894665147,
  "Hour_Fluctuation": 0.19676155677287863,
  "Day": 0.0000000000211882983779673,
  "Day_Fluctuation": 0.4765505954180026,
  "Week": 0.0000000000213177455644554,
  "Week_Fluctuation": 0.49656634468999922,
  "Updated": "2018-04-28T01:28:04.2763948Z"
}
