{
  "Live": 0.0000000000000396,
  "Minute": 0.0000000000000399434635059845,
  "Minute_Fluctuation": 0.030942149084275158,
  "Minute_5": 0.000000000000039986710121477,
  "Minute_5_Fluctuation": 0.0067533142758298874,
  "Minute_10": 0.000000000000039909992888672,
  "Minute_10_Fluctuation": 0.0072106231844227221,
  "Hour": 0.0000000000000399606435870341,
  "Hour_Fluctuation": 0.0046930484208206344,
  "Day": 0.0000000000000399881349606007,
  "Day_Fluctuation": 0.149218576651141,
  "Week": 0.0000000000000399975164124266,
  "Week_Fluctuation": 0.43016145320213306,
  "Updated": "2018-04-27T02:43:30.5643643Z"
}
