{
  "Live": 0.000000000000170007184316056,
  "Minute": 0.000000000000174936227002009,
  "Minute_Fluctuation": 0.12861221289824476,
  "Minute_5": 0.00000000000017663114528641,
  "Minute_5_Fluctuation": 0.050696936256842157,
  "Minute_10": 0.000000000000173916983120985,
  "Minute_10_Fluctuation": 0.026920197033076323,
  "Hour": 0.000000000000170747959685919,
  "Hour_Fluctuation": 0.0049496066352478661,
  "Day": 0.0000000000001700344729517,
  "Day_Fluctuation": 0.00024847306334844273,
  "Week": 0.000000000000170007184316056,
  "Week_Fluctuation": 0.38298362532162178,
  "Updated": "2018-04-24T23:41:52.2675142Z"
}
