{
  "Live": 0.00000000000583988774103032,
  "Minute": 0.00000000000575854167733717,
  "Minute_Fluctuation": 0.063335203849706756,
  "Minute_5": 0.00000000000578771500240897,
  "Minute_5_Fluctuation": 0.021989107584705063,
  "Minute_10": 0.00000000000581263675687759,
  "Minute_10_Fluctuation": 0.01292341265268049,
  "Hour": 0.00000000000583526130251059,
  "Hour_Fluctuation": 0.0029938552969295267,
  "Day": 0.00000000000583972101456132,
  "Day_Fluctuation": 0.00017053019710115236,
  "Week": 0.00000000000583988774103032,
  "Week_Fluctuation": 0.38298891198941876,
  "Updated": "2018-04-24T23:41:52.402138Z"
}
