{
  "Live": 0.0000000000067221,
  "Minute": 0.0000000000067221,
  "Minute_Fluctuation": 0.43007608362326039,
  "Minute_5": 0.0000000000067221,
  "Minute_5_Fluctuation": 0.44430234094542792,
  "Minute_10": 0.00000000000858885639439126,
  "Minute_10_Fluctuation": 0.3696266005483419,
  "Hour": 0.0000000000128263979787118,
  "Hour_Fluctuation": 0.32181916399181831,
  "Day": 0.0000000000122190392736797,
  "Day_Fluctuation": 0.48288161848446753,
  "Week": 0.0000000000121685948437183,
  "Week_Fluctuation": 0.49747472431024842,
  "Updated": "2018-04-28T01:27:59.854135Z"
}
