{
  "Live": 0.0000000000002376,
  "Minute": 0.000000000000311975593912748,
  "Minute_Fluctuation": 0.22076859642386062,
  "Minute_5": 0.000000000000335321346090558,
  "Minute_5_Fluctuation": 0.19478495337745344,
  "Minute_10": 0.000000000000321145651587933,
  "Minute_10_Fluctuation": 0.21201110615434232,
  "Hour": 0.000000000000332661416969143,
  "Hour_Fluctuation": 0.11153265433840043,
  "Day": 0.00000000000034470926668586,
  "Day_Fluctuation": 0.045946817974116372,
  "Week": 0.000000000000341154889076457,
  "Week_Fluctuation": 0.23678729189947059,
  "Updated": "2018-04-22T08:33:22.398876Z"
}
