{
  "Live": 0.0000000001003959,
  "Minute": 0.0000000001003959,
  "Minute_Fluctuation": 0.408170411438576,
  "Minute_5": 0.0000000001003959,
  "Minute_5_Fluctuation": 0.408170411438576,
  "Minute_10": 0.0000000001003959,
  "Minute_10_Fluctuation": 0.408170411438576,
  "Hour": 0.00000000014093322850724,
  "Hour_Fluctuation": 0.086683787536085383,
  "Day": 0.000000000146226775927732,
  "Day_Fluctuation": 0.025670536428150127,
  "Week": 0.0000000001455525779839,
  "Week_Fluctuation": 0.21375336678716561,
  "Updated": "2018-04-23T00:14:35.2242604Z"
}
