{
  "Live": 0.0000000000075735,
  "Minute": 0.00000000000902540633179879,
  "Minute_Fluctuation": 0.23753105343627839,
  "Minute_5": 0.00000000000945797895679221,
  "Minute_5_Fluctuation": 0.24624002041664894,
  "Minute_10": 0.00000000000891141808130094,
  "Minute_10_Fluctuation": 0.17385215516598146,
  "Hour": 0.00000000000863221855022573,
  "Hour_Fluctuation": 0.15984445939719993,
  "Day": 0.00000000000939648755039987,
  "Day_Fluctuation": 0.031330943063377255,
  "Week": 0.00000000000956606847060195,
  "Week_Fluctuation": 0.23289446020328991,
  "Updated": "2018-04-22T08:33:21.6980184Z"
}
