{
  "Live": 0.0000000000001584,
  "Minute": 0.0000000000001584,
  "Minute_Fluctuation": 0.0095767071856418511,
  "Minute_5": 0.0000000000001584,
  "Minute_5_Fluctuation": 0.01230923461162196,
  "Minute_10": 0.0000000000001584,
  "Minute_10_Fluctuation": 0.012654502076795139,
  "Hour": 0.000000000000160119712371159,
  "Hour_Fluctuation": 0.0037806774602643775,
  "Day": 0.000000000000161899606842739,
  "Day_Fluctuation": 0.02875333399014348,
  "Week": 0.000000000000160482461625879,
  "Week_Fluctuation": 0.21426351458283921,
  "Updated": "2018-04-23T00:03:46.8004517Z"
}
