{
  "Live": 0.0000000000193149,
  "Minute": 0.0000000000193149,
  "Minute_Fluctuation": 1.6728920511031712E-16,
  "Minute_5": 0.0000000000193149,
  "Minute_5_Fluctuation": 1.6728920511031712E-16,
  "Minute_10": 0.0000000000193149,
  "Minute_10_Fluctuation": 1.6728920511031712E-16,
  "Hour": 0.0000000000126564720912018,
  "Hour_Fluctuation": 0.30787080979112147,
  "Day": 0.00000000000996373501435511,
  "Day_Fluctuation": 0.1426489431170509,
  "Week": 0.00000000000926936060895999,
  "Week_Fluctuation": 0.23742018721010444,
  "Updated": "2018-04-23T00:14:37.5928384Z"
}
