{
  "Live": 0.000000000000198,
  "Minute": 0.000000000000167779948648899,
  "Minute_Fluctuation": 0.048891234910968924,
  "Minute_5": 0.000000000000162289058472216,
  "Minute_5_Fluctuation": 0.01001342561665023,
  "Minute_10": 0.000000000000161598348165359,
  "Minute_10_Fluctuation": 0.0056184767555760651,
  "Hour": 0.000000000000163989470383694,
  "Hour_Fluctuation": 0.077043483501876758,
  "Day": 0.000000000000164482332387382,
  "Day_Fluctuation": 0.044150184747018241,
  "Week": 0.000000000000160917016842005,
  "Week_Fluctuation": 0.21288377460251415,
  "Updated": "2018-04-23T03:19:56.2369455Z"
}
