{
  "Live": 0.0000000000000263301434697774,
  "Minute": 0.0000000000000262421217811479,
  "Minute_Fluctuation": 0.01676498557552672,
  "Minute_5": 0.0000000000000262968741208773,
  "Minute_5_Fluctuation": 0.015884589063759686,
  "Minute_10": 0.0000000000000263153967076024,
  "Minute_10_Fluctuation": 0.010986157183769557,
  "Hour": 0.0000000000000263280731985114,
  "Hour_Fluctuation": 0.0014647359505420166,
  "Day": 0.0000000000000263300721353049,
  "Day_Fluctuation": 5.7673125407008828E-05,
  "Week": 0.0000000000000263301434697774,
  "Week_Fluctuation": 0.38296031556219984,
  "Updated": "2018-04-24T23:41:51.8677078Z"
}
