{
  "Live": 0.000000000003663,
  "Minute": 0.00000000000436464739921032,
  "Minute_Fluctuation": 0.36798232549777654,
  "Minute_5": 0.00000000000458934673853602,
  "Minute_5_Fluctuation": 0.41809549771040516,
  "Minute_10": 0.00000000000417487907187894,
  "Minute_10_Fluctuation": 0.45486422006697574,
  "Hour": 0.0000000000044539984083687,
  "Hour_Fluctuation": 0.29542201288991193,
  "Day": 0.0000000000048356536522754,
  "Day_Fluctuation": 0.093981947971679983,
  "Week": 0.00000000000464549370886604,
  "Week_Fluctuation": 0.24606983529401244,
  "Updated": "2018-04-22T08:33:22.6713886Z"
}
