{
  "Live": 0.0000000001696365,
  "Minute": 0.0000000001696365,
  "Minute_Fluctuation": 0.12528157543335119,
  "Minute_5": 0.0000000001696365,
  "Minute_5_Fluctuation": 0.15705701573402481,
  "Minute_10": 0.0000000001696365,
  "Minute_10_Fluctuation": 0.1611524498322438,
  "Hour": 0.000000000149835885250498,
  "Hour_Fluctuation": 0.033256173863077318,
  "Day": 0.000000000146573240611715,
  "Day_Fluctuation": 0.023482962191467203,
  "Week": 0.000000000145601030880548,
  "Week_Fluctuation": 0.21364958751670982,
  "Updated": "2018-04-23T00:03:46.9723624Z"
}
