{
  "Live": 0.0000000000001699335,
  "Minute": 0.0000000000001699335,
  "Minute_Fluctuation": 0.030003000300030121,
  "Minute_5": 0.0000000000001699335,
  "Minute_5_Fluctuation": 0.030003000300030121,
  "Minute_10": 0.0000000000001699335,
  "Minute_10_Fluctuation": 0.030003000300030121,
  "Hour": 0.00000000000016580374366982,
  "Hour_Fluctuation": 0.006208873848259056,
  "Day": 0.00000000000016487976832173,
  "Day_Fluctuation": 0.0060095424669890469,
  "Week": 0.000000000000164786682949489,
  "Week_Fluctuation": 0.2087552480414587,
  "Updated": "2018-04-23T00:14:34.2696758Z"
}
