{
  "Live": 0.000000000010395,
  "Minute": 0.00000000000578416277188436,
  "Minute_Fluctuation": 0.34151653519938546,
  "Minute_5": 0.00000000000488565657248606,
  "Minute_5_Fluctuation": 0.074883080788984077,
  "Minute_10": 0.00000000000478595277241541,
  "Minute_10_Fluctuation": 0.040761396336350425,
  "Hour": 0.000000000004833674604231,
  "Hour_Fluctuation": 0.12598231142678015,
  "Day": 0.00000000000481979039234775,
  "Day_Fluctuation": 0.09170485205230941,
  "Week": 0.00000000000466114144453621,
  "Week_Fluctuation": 0.22541095634070843,
  "Updated": "2018-04-23T03:19:57.0788577Z"
}
