{
  "Live": 0.000000000015048,
  "Minute": 0.000000000015048,
  "Minute_Fluctuation": 0.097387173396674423,
  "Minute_5": 0.000000000015048,
  "Minute_5_Fluctuation": 0.097387173396674423,
  "Minute_10": 0.000000000015048,
  "Minute_10_Fluctuation": 0.097387173396674423,
  "Hour": 0.000000000154841140310589,
  "Hour_Fluctuation": 0.31996816230561181,
  "Day": 0.000000000692930719106528,
  "Day_Fluctuation": 24.520697384629738,
  "Week": 0.000000000224891873698539,
  "Week_Fluctuation": 8.7958208491297434,
  "Updated": "2018-04-23T00:14:33.8731069Z"
}
