{
  "Live": 0.000000012177,
  "Minute": 0.000000012177,
  "Minute_Fluctuation": 0.079917034982776178,
  "Minute_5": 0.000000012177,
  "Minute_5_Fluctuation": 0.10760395133595524,
  "Minute_10": 0.0000000117633182899296,
  "Minute_10_Fluctuation": 0.088440274984220524,
  "Hour": 0.0000000112810371188151,
  "Hour_Fluctuation": 0.16492285443653321,
  "Day": 0.0000000109499120696574,
  "Day_Fluctuation": 0.47430114760634856,
  "Week": 0.0000000109243920637317,
  "Week_Fluctuation": 0.49623440831291987,
  "Updated": "2018-04-28T01:28:04.8257643Z"
}
