{
  "Live": 0.000000000103993229001276,
  "Minute": 0.0000000000996423337542977,
  "Minute_Fluctuation": 0.24100578196477346,
  "Minute_5": 0.0000000000979290268626126,
  "Minute_5_Fluctuation": 0.090991911747415638,
  "Minute_10": 0.000000000100382932150224,
  "Minute_10_Fluctuation": 0.049400932635211392,
  "Hour": 0.000000000103304117881946,
  "Hour_Fluctuation": 0.012550602217368983,
  "Day": 0.000000000103967807087656,
  "Day_Fluctuation": 0.00081072531790476673,
  "Week": 0.000000000103993229001276,
  "Week_Fluctuation": 0.38326239479617286,
  "Updated": "2018-04-24T23:41:52.1771234Z"
}
