{
  "Live": 0.0000000000000244926,
  "Minute": 0.0000000000000236548160332858,
  "Minute_Fluctuation": 0.014725088211955669,
  "Minute_5": 0.0000000000000235544534468939,
  "Minute_5_Fluctuation": 0.0031512228569681609,
  "Minute_10": 0.0000000000000236148418821186,
  "Minute_10_Fluctuation": 0.017972476071518088,
  "Hour": 0.0000000000000235880988834601,
  "Hour_Fluctuation": 0.012104571626143663,
  "Day": 0.0000000000000235254649664727,
  "Day_Fluctuation": 0.14976202848619569,
  "Week": 0.0000000000000235293752460531,
  "Week_Fluctuation": 0.43023283675829382,
  "Updated": "2018-04-27T02:43:30.0112095Z"
}
