{
  "Live": 0.0000000000192555,
  "Minute": 0.0000000000187053185366754,
  "Minute_Fluctuation": 0.0082613196914812347,
  "Minute_5": 0.0000000000186375220969,
  "Minute_5_Fluctuation": 0.0017462338674767066,
  "Minute_10": 0.0000000000186340114964348,
  "Minute_10_Fluctuation": 0.00137048800419954,
  "Hour": 0.0000000000186330485667702,
  "Hour_Fluctuation": 0.0021448247568235592,
  "Day": 0.0000000000186236596001102,
  "Day_Fluctuation": 0.14850200155774509,
  "Week": 0.0000000000186205813942527,
  "Week_Fluctuation": 0.42999660642787513,
  "Updated": "2018-04-27T02:43:30.3170862Z"
}
