{
  "Live": 0.0000000000001647657,
  "Minute": 0.000000000000164776839467207,
  "Minute_Fluctuation": 0.0010256478744267309,
  "Minute_5": 0.000000000000164779748259435,
  "Minute_5_Fluctuation": 0.00025771094769732353,
  "Minute_10": 0.000000000000164780111858463,
  "Minute_10_Fluctuation": 0.00013208624806567137,
  "Hour": 0.000000000000164783237108171,
  "Hour_Fluctuation": 0.023719853527487959,
  "Day": 0.000000000000164892636973612,
  "Day_Fluctuation": 0.010870191629542229,
  "Week": 0.000000000000164780475096779,
  "Week_Fluctuation": 0.22630019325530329,
  "Updated": "2018-04-22T11:00:42.8753403Z"
}
