{
  "Live": 0.0000000002579247,
  "Minute": 0.000000000230796861751304,
  "Minute_Fluctuation": 0.08844682759889394,
  "Minute_5": 0.000000000226209872420054,
  "Minute_5_Fluctuation": 0.020769652407953573,
  "Minute_10": 0.000000000225636498753647,
  "Minute_10_Fluctuation": 0.010587879889131107,
  "Hour": 0.000000000225158687364975,
  "Hour_Fluctuation": 0.0073267828427055343,
  "Day": 0.000000000225159320860515,
  "Day_Fluctuation": 0.23520007771362894,
  "Week": 0.000000000225063693910323,
  "Week_Fluctuation": 0.4558610285346642,
  "Updated": "2018-04-26T17:09:39.5314972Z"
}
