{
  "Live": 0.0000000000544704289746423,
  "Minute": 0.0000000000547289148936692,
  "Minute_Fluctuation": 0.02164118707508841,
  "Minute_5": 0.000000000054812914457459,
  "Minute_5_Fluctuation": 0.011075010401199235,
  "Minute_10": 0.000000000054674264610843,
  "Minute_10_Fluctuation": 0.00645704807631858,
  "Hour": 0.0000000000545093378418555,
  "Hour_Fluctuation": 0.0012066323733830992,
  "Day": 0.0000000000544718644096612,
  "Day_Fluctuation": 3.8871844410401805E-05,
  "Week": 0.0000000000544704289746423,
  "Week_Fluctuation": 0.38295259636586532,
  "Updated": "2018-04-24T23:41:52.5019096Z"
}
