{
  "Live": 0.0000000000000174438,
  "Minute": 0.0000000000000174438,
  "Minute_Fluctuation": 0.45389866817121272,
  "Minute_5": 0.0000000000000174438,
  "Minute_5_Fluctuation": 0.36109401363837457,
  "Minute_10": 0.0000000000000206488959116987,
  "Minute_10_Fluctuation": 0.41646087928272141,
  "Hour": 0.0000000000000236833536177972,
  "Hour_Fluctuation": 0.23800894481561857,
  "Day": 0.0000000000000260053678960386,
  "Day_Fluctuation": 0.47795851770200348,
  "Week": 0.0000000000000261375808266068,
  "Week_Fluctuation": 0.4967640208577711,
  "Updated": "2018-04-28T01:27:59.3868575Z"
}
