{
  "Live": 0.000000000000350003365783874,
  "Minute": 0.000000000000350511336081223,
  "Minute_Fluctuation": 0.0081805996254118527,
  "Minute_5": 0.000000000000350660615223515,
  "Minute_5_Fluctuation": 0.0055527614369397819,
  "Minute_10": 0.000000000000350373147316241,
  "Minute_10_Fluctuation": 0.0033827618680619203,
  "Hour": 0.000000000000350070300815766,
  "Hour_Fluctuation": 0.0007769241319834344,
  "Day": 0.000000000000350005808626687,
  "Day_Fluctuation": 6.13738618165405E-05,
  "Week": 0.000000000000350003365783874,
  "Week_Fluctuation": 0.3829667917404137,
  "Updated": "2018-04-24T23:41:52.3683977Z"
}
