{
  "Live": 0.0000000000001881,
  "Minute": 0.0000000000001881,
  "Minute_Fluctuation": 0.095238095238095247,
  "Minute_5": 0.0000000000001881,
  "Minute_5_Fluctuation": 0.095238095238095247,
  "Minute_10": 0.0000000000001881,
  "Minute_10_Fluctuation": 0.095238095238095247,
  "Hour": 0.000000000000158911916509865,
  "Hour_Fluctuation": 0.11967144148431788,
  "Day": 0.000000000000139902522220392,
  "Day_Fluctuation": 0.0352947484013328,
  "Week": 0.000000000000139651817924723,
  "Week_Fluctuation": 0.21733342156462207,
  "Updated": "2018-04-23T00:14:35.427367Z"
}
