{
  "Live": 0.000000000179586,
  "Minute": 0.000000000151224581345547,
  "Minute_Fluctuation": 0.043463762291098045,
  "Minute_5": 0.000000000146728297323829,
  "Minute_5_Fluctuation": 0.0088887717060857109,
  "Minute_10": 0.000000000146170076414011,
  "Minute_10_Fluctuation": 0.0057851503147208052,
  "Hour": 0.00000000014599989806658,
  "Hour_Fluctuation": 0.0074724025878194194,
  "Day": 0.00000000014642353859434,
  "Day_Fluctuation": 0.027197571063529113,
  "Week": 0.000000000145604783893304,
  "Week_Fluctuation": 0.2087054822808746,
  "Updated": "2018-04-23T04:56:38.6817503Z"
}
