{
  "Live": 0.0000000000076923,
  "Minute": 0.00000000000476972748136136,
  "Minute_Fluctuation": 0.38277769124163835,
  "Minute_5": 0.00000000000394241515826828,
  "Minute_5_Fluctuation": 0.191299848623598,
  "Minute_10": 0.00000000000369148532109252,
  "Minute_10_Fluctuation": 0.20211073846783009,
  "Hour": 0.00000000000392472069899444,
  "Hour_Fluctuation": 0.19699131658397398,
  "Day": 0.00000000000386199769927039,
  "Day_Fluctuation": 0.054867498832300937,
  "Week": 0.00000000000373568967078904,
  "Week_Fluctuation": 0.23737137059228616,
  "Updated": "2018-04-22T08:33:21.0091402Z"
}
