{
  "Live": 0.0000000000255123,
  "Minute": 0.0000000000255123,
  "Minute_Fluctuation": 0.10109750373101932,
  "Minute_5": 0.0000000000255123,
  "Minute_5_Fluctuation": 0.12635163696748758,
  "Minute_10": 0.0000000000268038559955835,
  "Minute_10_Fluctuation": 0.17985346864939256,
  "Hour": 0.0000000000305971841311702,
  "Hour_Fluctuation": 0.22221551330741479,
  "Day": 0.000000000029488918541871,
  "Day_Fluctuation": 0.47707342931109908,
  "Week": 0.000000000029404477224555,
  "Week_Fluctuation": 0.49663378185727991,
  "Updated": "2018-04-28T01:28:03.8775185Z"
}
