{
  "Live": 0.0000000000007722,
  "Minute": 0.000000000000415769172548317,
  "Minute_Fluctuation": 0.24193047404606274,
  "Minute_5": 0.000000000000356067553193027,
  "Minute_5_Fluctuation": 0.049316105446777121,
  "Minute_10": 0.000000000000348583001001652,
  "Minute_10_Fluctuation": 0.026197593377971708,
  "Hour": 0.000000000000342290809278966,
  "Hour_Fluctuation": 0.010142771023202594,
  "Day": 0.000000000000342435884199368,
  "Day_Fluctuation": 0.030093267264842662,
  "Week": 0.000000000000341149551828827,
  "Week_Fluctuation": 0.2107176228129265,
  "Updated": "2018-04-23T04:56:39.2640102Z"
}
