{
  "Live": 0.0000000000004356,
  "Minute": 0.000000000000526462511454952,
  "Minute_Fluctuation": 0.18398588773640268,
  "Minute_5": 0.000000000000550940688535153,
  "Minute_5_Fluctuation": 0.17481234949594004,
  "Minute_10": 0.000000000000590493851557888,
  "Minute_10_Fluctuation": 0.14221917748243854,
  "Hour": 0.000000000000610048953286725,
  "Hour_Fluctuation": 0.11576701998511973,
  "Day": 0.000000000000561894839613404,
  "Day_Fluctuation": 0.034445647753830182,
  "Week": 0.000000000000557057197316974,
  "Week_Fluctuation": 0.23768652645352384,
  "Updated": "2018-04-22T08:33:20.2813592Z"
}
