{
  "Live": 0.0000000000001708443,
  "Minute": 0.0000000000001708443,
  "Minute_Fluctuation": 0.043852319328019605,
  "Minute_5": 0.0000000000001708443,
  "Minute_5_Fluctuation": 0.062000727676195279,
  "Minute_10": 0.000000000000167291774111489,
  "Minute_10_Fluctuation": 0.06458384684695459,
  "Hour": 0.000000000000166958819283175,
  "Hour_Fluctuation": 0.14212455504176247,
  "Day": 0.000000000000160635585149113,
  "Day_Fluctuation": 0.47279325055164129,
  "Week": 0.000000000000160178298130398,
  "Week_Fluctuation": 0.49601706916253235,
  "Updated": "2018-04-28T01:28:00.6089643Z"
}
