{
  "Live": 0.0000000000002079,
  "Minute": 0.0000000000002079,
  "Minute_Fluctuation": 0.295594557701336,
  "Minute_5": 0.0000000000002079,
  "Minute_5_Fluctuation": 0.44661995696622764,
  "Minute_10": 0.0000000000002079,
  "Minute_10_Fluctuation": 0.46664090579553891,
  "Hour": 0.000000000000152501362630934,
  "Hour_Fluctuation": 0.0946863944944668,
  "Day": 0.000000000000139538149237108,
  "Day_Fluctuation": 0.032930556865650648,
  "Week": 0.00000000000013959983075761,
  "Week_Fluctuation": 0.21719382953270905,
  "Updated": "2018-04-23T00:03:47.1442958Z"
}
