{
  "Live": 0.0000000000000689584359169248,
  "Minute": 0.0000000000000689584359169248,
  "Minute_Fluctuation": 0.0,
  "Minute_5": 0.0000000000000689584359169248,
  "Minute_5_Fluctuation": 0.0,
  "Minute_10": 0.0000000000000689584359169248,
  "Minute_10_Fluctuation": 0.0,
  "Hour": 0.0000000000000689371718996856,
  "Hour_Fluctuation": 0.0027252066502391403,
  "Day": 0.0000000000000684308164077857,
  "Day_Fluctuation": 0.016681713555007367,
  "Week": 0.0000000000000689584359169248,
  "Week_Fluctuation": 0.24000498472097465,
  "Updated": "2018-04-23T04:56:29.1460535Z"
}
