{
  "Live": 0.000000000009075125,
  "Minute": 0.000000000009075125,
  "Minute_Fluctuation": 0.085126978057162489,
  "Minute_5": 0.000000000009075125,
  "Minute_5_Fluctuation": 0.1276163707427708,
  "Minute_10": 0.000000000009075125,
  "Minute_10_Fluctuation": 0.13312874510567088,
  "Hour": 0.00000000000818100895726262,
  "Hour_Fluctuation": 0.028187952769405854,
  "Day": 0.0000000000080437274786506,
  "Day_Fluctuation": 0.019073926469103664,
  "Week": 0.00000000000797047793805085,
  "Week_Fluctuation": 0.21110544907061696,
  "Updated": "2018-04-23T00:03:50.6598106Z"
}
