{
  "Live": 0.000000000002528,
  "Minute": 0.00000000000313614425594946,
  "Minute_Fluctuation": 0.046787131679964927,
  "Minute_5": 0.00000000000325059025122179,
  "Minute_5_Fluctuation": 0.0095412682813668589,
  "Minute_10": 0.00000000000326493115470178,
  "Minute_10_Fluctuation": 0.0050293600583357079,
  "Hour": 0.00000000000327366660568813,
  "Hour_Fluctuation": 0.011052090698057512,
  "Day": 0.00000000000327278410756887,
  "Day_Fluctuation": 0.023631378903456908,
  "Week": 0.00000000000327918755782816,
  "Week_Fluctuation": 0.20802534182149163,
  "Updated": "2018-04-23T04:56:40.5049009Z"
}
