{
  "Live": 0.000000000000148125,
  "Minute": 0.000000000000148125,
  "Minute_Fluctuation": 0.0,
  "Minute_5": 0.000000000000148125,
  "Minute_5_Fluctuation": 0.0,
  "Minute_10": 0.000000000000148125,
  "Minute_10_Fluctuation": 0.0,
  "Hour": 0.000000000000148125,
  "Hour_Fluctuation": 0.14328098725823152,
  "Day": 0.000000000000148125,
  "Day_Fluctuation": 0.47776496513246008,
  "Week": 0.000000000000148125,
  "Week_Fluctuation": 0.496775192842975,
  "Updated": "2018-04-28T01:21:20.8424524Z"
}
