{
  "Live": 0.000000000000129812092088598,
  "Minute": 0.000000000000129812092088598,
  "Minute_Fluctuation": 0.0,
  "Minute_5": 0.000000000000129812092088598,
  "Minute_5_Fluctuation": 0.0,
  "Minute_10": 0.000000000000129812092088598,
  "Minute_10_Fluctuation": 0.0,
  "Hour": 0.000000000000129779026605427,
  "Hour_Fluctuation": 0.00069638227244864747,
  "Day": 0.000000000000131461461693136,
  "Day_Fluctuation": 0.035244320710706468,
  "Week": 0.000000000000129812092088598,
  "Week_Fluctuation": 0.21557424827710508,
  "Updated": "2018-04-22T23:52:58.3798261Z"
}
