{
  "Live": 0.00000000000025675,
  "Minute": 0.00000000000030183242090705,
  "Minute_Fluctuation": 0.077884843437189072,
  "Minute_5": 0.000000000000312519539009594,
  "Minute_5_Fluctuation": 0.016944852598662435,
  "Minute_10": 0.000000000000313605225598385,
  "Minute_10_Fluctuation": 0.00975023052074033,
  "Hour": 0.000000000000310499397535438,
  "Hour_Fluctuation": 0.050322230798161477,
  "Day": 0.000000000000312106415594479,
  "Day_Fluctuation": 0.023957389152725536,
  "Week": 0.000000000000315189993247767,
  "Week_Fluctuation": 0.2078785495971566,
  "Updated": "2018-04-23T03:19:59.4357168Z"
}
