{
  "Live": 0.000000000000157998637781088,
  "Minute": 0.000000000000157998637781088,
  "Minute_Fluctuation": 0.10719858655140015,
  "Minute_5": 0.000000000000157998637781088,
  "Minute_5_Fluctuation": 0.019738305900385826,
  "Minute_10": 0.000000000000157998637781088,
  "Minute_10_Fluctuation": 0.0097678072822946216,
  "Hour": 0.000000000000157998637781088,
  "Hour_Fluctuation": 0.0015687776413243523,
  "Day": 0.000000000000157990820571524,
  "Day_Fluctuation": 0.23541593393447088,
  "Week": 0.000000000000157998637781088,
  "Week_Fluctuation": 0.45616248012149863,
  "Updated": "2018-04-26T17:09:29.4870143Z"
}
