{
  "Live": 0.0000000000043845,
  "Minute": 0.00000000000351904904782416,
  "Minute_Fluctuation": 0.17191328075671031,
  "Minute_5": 0.00000000000332716528075871,
  "Minute_5_Fluctuation": 0.0414607669375651,
  "Minute_10": 0.00000000000331459981167163,
  "Minute_10_Fluctuation": 0.028392602141754708,
  "Hour": 0.00000000000326453302564856,
  "Hour_Fluctuation": 0.049667329195678275,
  "Day": 0.00000000000327255947612339,
  "Day_Fluctuation": 0.025039717538167122,
  "Week": 0.00000000000327921813410235,
  "Week_Fluctuation": 0.21001738470335055,
  "Updated": "2018-04-23T03:19:58.5162778Z"
}
