{
  "Live": 0.000000000069174375,
  "Minute": 0.000000000039955589187683,
  "Minute_Fluctuation": 0.29585346790872713,
  "Minute_5": 0.0000000000329141214571459,
  "Minute_5_Fluctuation": 0.059766372017143139,
  "Minute_10": 0.0000000000320212328204609,
  "Minute_10_Fluctuation": 0.03480525650378137,
  "Hour": 0.0000000000324602196225804,
  "Hour_Fluctuation": 0.11775753979861718,
  "Day": 0.0000000000319457853481474,
  "Day_Fluctuation": 0.047135410416000348,
  "Week": 0.0000000000311546277223949,
  "Week_Fluctuation": 0.21245637368924211,
  "Updated": "2018-04-23T03:19:59.6445921Z"
}
