{
  "Live": 0.000000000001343,
  "Minute": 0.00000000000113635834542598,
  "Minute_Fluctuation": 0.053525617592489735,
  "Minute_5": 0.00000000000110393152480604,
  "Minute_5_Fluctuation": 0.011163010991851019,
  "Minute_10": 0.00000000000109829057210568,
  "Minute_10_Fluctuation": 0.009345404970442877,
  "Hour": 0.00000000000109217700542967,
  "Hour_Fluctuation": 0.010668052629444352,
  "Day": 0.00000000000109486780411671,
  "Day_Fluctuation": 0.15003733201542155,
  "Week": 0.00000000000109582884083416,
  "Week_Fluctuation": 0.43024248735134751,
  "Updated": "2018-04-27T02:43:32.8241733Z"
}
