{
  "Live": 0.000000000037534875,
  "Minute": 0.0000000000353543879532722,
  "Minute_Fluctuation": 0.022181891120937273,
  "Minute_5": 0.0000000000349232876669428,
  "Minute_5_Fluctuation": 0.0047116327478224414,
  "Minute_10": 0.0000000000348694001311516,
  "Minute_10_Fluctuation": 0.0023727741145469212,
  "Hour": 0.0000000000348244938513256,
  "Hour_Fluctuation": 0.0034027421736690685,
  "Day": 0.0000000000348379313583394,
  "Day_Fluctuation": 0.23438310697794021,
  "Week": 0.0000000000348155660552173,
  "Week_Fluctuation": 0.45572480980767893,
  "Updated": "2018-04-26T17:09:41.7429706Z"
}
