{
  "Live": 0.000000000000118408364821653,
  "Minute": 0.000000000000118408364821653,
  "Minute_Fluctuation": 0.0,
  "Minute_5": 0.000000000000118408364821653,
  "Minute_5_Fluctuation": 0.0,
  "Minute_10": 0.000000000000118408364821653,
  "Minute_10_Fluctuation": 0.0,
  "Hour": 0.000000000000118418674466635,
  "Hour_Fluctuation": 0.00041668842503667921,
  "Day": 0.000000000000118694094212813,
  "Day_Fluctuation": 0.01122091814198908,
  "Week": 0.000000000000118408364821653,
  "Week_Fluctuation": 0.20645868546662802,
  "Updated": "2018-04-23T03:19:45.5296447Z"
}
