{
  "Live": 0.000000000267819875,
  "Minute": 0.000000000267819875,
  "Minute_Fluctuation": 0.996078292843648,
  "Minute_5": 0.000000000267819875,
  "Minute_5_Fluctuation": 0.99705881012859487,
  "Minute_10": 0.000000000267819875,
  "Minute_10_Fluctuation": 0.99714197633033552,
  "Hour": 0.0000000779594731678952,
  "Hour_Fluctuation": 0.20841053612954225,
  "Day": 0.000000090802070089598,
  "Day_Fluctuation": 0.13950486161207437,
  "Week": 0.0000000966458468293345,
  "Week_Fluctuation": 0.2356471110741635,
  "Updated": "2018-04-23T00:03:51.2911736Z"
}
