{
  "Live": 0.00000000000000029625,
  "Minute": 0.0000000000000002168948038783,
  "Minute_Fluctuation": 0.097936039778636949,
  "Minute_5": 0.0000000000000002014223079,
  "Minute_5_Fluctuation": 0.019588596753331054,
  "Minute_10": 0.0000000000000001994882459027,
  "Minute_10_Fluctuation": 0.0097943831901533447,
  "Hour": 0.0000000000000001978765275716,
  "Hour_Fluctuation": 0.0048594443422296241,
  "Day": 0.0000000000000001977335699002,
  "Day_Fluctuation": 0.23485339610411191,
  "Week": 0.0000000000000001975561026177,
  "Week_Fluctuation": 0.45579729230509625,
  "Updated": "2018-04-26T17:09:41.5196665Z"
}
