{
  "Live": 0.000000000000158,
  "Minute": 0.000000000000158,
  "Minute_Fluctuation": 0.0,
  "Minute_5": 0.000000000000158,
  "Minute_5_Fluctuation": 0.0,
  "Minute_10": 0.000000000000158,
  "Minute_10_Fluctuation": 0.0,
  "Hour": 0.000000000000158,
  "Hour_Fluctuation": 0.0,
  "Day": 0.000000000000158,
  "Day_Fluctuation": 0.0,
  "Week": 0.000000000000158,
  "Week_Fluctuation": 0.40020323827215348,
  "Updated": "2018-04-24T23:41:52.6482427Z"
}
