{
  "Live": 0.0000000000000001975,
  "Minute": 0.0000000000000001984733250502,
  "Minute_Fluctuation": 0.071164976322358742,
  "Minute_5": 0.0000000000000001986650558591,
  "Minute_5_Fluctuation": 0.01822838325479231,
  "Minute_10": 0.0000000000000001987210466697,
  "Minute_10_Fluctuation": 0.009338433970825382,
  "Hour": 0.000000000000000199163936614,
  "Hour_Fluctuation": 0.0042721197681641378,
  "Day": 0.0000000000000002005258083455,
  "Day_Fluctuation": 0.02477263193852601,
  "Week": 0.0000000000000001987129647852,
  "Week_Fluctuation": 0.20589688737070055,
  "Updated": "2018-04-23T04:56:41.1325975Z"
}
