{
  "Live": 0.000000000000118407037985972,
  "Minute": 0.000000000000118407037985972,
  "Minute_Fluctuation": 0.0,
  "Minute_5": 0.000000000000118407037985972,
  "Minute_5_Fluctuation": 0.0,
  "Minute_10": 0.000000000000118407037985972,
  "Minute_10_Fluctuation": 0.0,
  "Hour": 0.000000000000118407037985972,
  "Hour_Fluctuation": 0.0,
  "Day": 0.000000000000118729024676721,
  "Day_Fluctuation": 0.012487044885446986,
  "Week": 0.000000000000118407037985972,
  "Week_Fluctuation": 0.21073166598297713,
  "Updated": "2018-04-22T23:52:58.3119004Z"
}
