{
  "Live": 0.00000000000001673805,
  "Minute": 0.00000000000001673805,
  "Minute_Fluctuation": 0.23020527859237544,
  "Minute_5": 0.00000000000001673805,
  "Minute_5_Fluctuation": 0.23020527859237544,
  "Minute_10": 0.00000000000001673805,
  "Minute_10_Fluctuation": 0.23020527859237544,
  "Hour": 0.0000000000000242266068662325,
  "Hour_Fluctuation": 0.14806741353272473,
  "Day": 0.0000000000000281650690326365,
  "Day_Fluctuation": 0.03657009235028897,
  "Week": 0.0000000000000286345335036251,
  "Week_Fluctuation": 0.21316919911670737,
  "Updated": "2018-04-23T00:14:39.9917052Z"
}
