{
  "Live": 0.000000000000207375,
  "Minute": 0.000000000000207375,
  "Minute_Fluctuation": 0.34676361100139,
  "Minute_5": 0.000000000000207375,
  "Minute_5_Fluctuation": 0.3262656024971628,
  "Minute_10": 0.000000000000207375,
  "Minute_10_Fluctuation": 0.32365336504455644,
  "Hour": 0.000000000000288892505005255,
  "Hour_Fluctuation": 0.064707623503424919,
  "Day": 0.00000000000030394502792212,
  "Day_Fluctuation": 0.018012702755768297,
  "Week": 0.000000000000305282874267948,
  "Week_Fluctuation": 0.21255917095224294,
  "Updated": "2018-04-23T00:03:52.2525921Z"
}
