{
  "Live": 0.000000000004819,
  "Minute": 0.000000000004819,
  "Minute_Fluctuation": 0.081446170665013445,
  "Minute_5": 0.000000000004819,
  "Minute_5_Fluctuation": 0.10920623439984092,
  "Minute_10": 0.000000000004819,
  "Minute_10_Fluctuation": 0.11172557161807815,
  "Hour": 0.00000000000444361421127172,
  "Hour_Fluctuation": 0.038002367858510043,
  "Day": 0.00000000000439027821011535,
  "Day_Fluctuation": 0.05686535340998107,
  "Week": 0.00000000000431720976309692,
  "Week_Fluctuation": 0.22284244256114352,
  "Updated": "2018-04-23T00:03:52.4349378Z"
}
