{
  "Live": 0.0000000000010665,
  "Minute": 0.00000000000105815039712071,
  "Minute_Fluctuation": 0.057860890455310877,
  "Minute_5": 0.00000000000105499252352765,
  "Minute_5_Fluctuation": 0.075332593539771023,
  "Minute_10": 0.00000000000108370959723597,
  "Minute_10_Fluctuation": 0.14899012454654845,
  "Hour": 0.00000000000105482292648979,
  "Hour_Fluctuation": 0.093062998850957521,
  "Day": 0.00000000000108006751425118,
  "Day_Fluctuation": 0.038885796690885314,
  "Week": 0.00000000000105420344673077,
  "Week_Fluctuation": 0.23352807105729106,
  "Updated": "2018-04-22T08:33:25.0521606Z"
}
