{
  "Live": 0.000000000000158,
  "Minute": 0.000000000000272876487744585,
  "Minute_Fluctuation": 0.14591173641506061,
  "Minute_5": 0.00000000000029922240809392,
  "Minute_5_Fluctuation": 0.031316573837391205,
  "Minute_10": 0.000000000000302868304440737,
  "Minute_10_Fluctuation": 0.01786503927434481,
  "Hour": 0.000000000000311948905023731,
  "Hour_Fluctuation": 0.077052928892303543,
  "Day": 0.000000000000307494685000475,
  "Day_Fluctuation": 0.028362599349653121,
  "Week": 0.000000000000305805621078036,
  "Week_Fluctuation": 0.21034400941635786,
  "Updated": "2018-04-23T03:19:59.0205449Z"
}
