{
  "Live": 0.000000000000028596276352601,
  "Minute": 0.000000000000028596276352601,
  "Minute_Fluctuation": 0.0,
  "Minute_5": 0.000000000000028596276352601,
  "Minute_5_Fluctuation": 2.0218061964804702E-05,
  "Minute_10": 0.000000000000028596276352601,
  "Minute_10_Fluctuation": 0.00022358946545576386,
  "Hour": 0.0000000000000284923970830941,
  "Hour_Fluctuation": 0.021101246859030379,
  "Day": 0.0000000000000280167194403969,
  "Day_Fluctuation": 0.041466259494071581,
  "Week": 0.000000000000028596276352601,
  "Week_Fluctuation": 0.20867618511424166,
  "Updated": "2018-04-23T04:56:29.0606051Z"
}
