{
  "Live": 0.000000000000286382812965723,
  "Minute": 0.000000000000287070284776724,
  "Minute_Fluctuation": 0.021933096682343486,
  "Minute_5": 0.000000000000292569642113897,
  "Minute_5_Fluctuation": 0.033904844473886239,
  "Minute_10": 0.000000000000290483366857139,
  "Minute_10_Fluctuation": 0.01816571023735794,
  "Hour": 0.000000000000287230420356305,
  "Hour_Fluctuation": 0.0032748529227106236,
  "Day": 0.000000000000286414534526005,
  "Day_Fluctuation": 0.00016853925782318128,
  "Week": 0.000000000000286382812965723,
  "Week_Fluctuation": 0.38296562558589864,
  "Updated": "2018-04-24T23:41:52.7649078Z"
}
