{
  "Live": 0.000000000000129811249293189,
  "Minute": 0.000000000000129811249293189,
  "Minute_Fluctuation": 0.0,
  "Minute_5": 0.000000000000129811249293189,
  "Minute_5_Fluctuation": 0.0,
  "Minute_10": 0.000000000000129811249293189,
  "Minute_10_Fluctuation": 0.00048599308457067131,
  "Hour": 0.000000000000129718955622841,
  "Hour_Fluctuation": 0.0010443008640335576,
  "Day": 0.000000000000131140142971399,
  "Day_Fluctuation": 0.030718713176977837,
  "Week": 0.000000000000129811249293189,
  "Week_Fluctuation": 0.209179951938406,
  "Updated": "2018-04-23T04:56:29.1789698Z"
}
