{
  "Live": 0.00000000219452125,
  "Minute": 0.0000000176512246659554,
  "Minute_Fluctuation": 0.25046909922174831,
  "Minute_5": 0.0000000205674057785041,
  "Minute_5_Fluctuation": 0.054682181062329166,
  "Minute_10": 0.0000000209319284175727,
  "Minute_10_Fluctuation": 0.027650808858568326,
  "Hour": 0.0000000212356972834632,
  "Hour_Fluctuation": 0.0039707080073792533,
  "Day": 0.0000000212943528629741,
  "Day_Fluctuation": 0.44810575075233611,
  "Week": 0.000000021296089427039,
  "Week_Fluctuation": 0.49232271774561093,
  "Updated": "2018-04-26T17:09:40.9111393Z"
}
