{
  "Live": 0.00000000000017775,
  "Minute": 0.000000000000161181785133696,
  "Minute_Fluctuation": 0.0800277363505382,
  "Minute_5": 0.000000000000158617325747425,
  "Minute_5_Fluctuation": 0.0171050907626225,
  "Minute_10": 0.000000000000157684793366479,
  "Minute_10_Fluctuation": 0.014381871279494318,
  "Hour": 0.000000000000156987069834108,
  "Hour_Fluctuation": 0.013821627896054537,
  "Day": 0.000000000000157846788745715,
  "Day_Fluctuation": 0.15056737714025251,
  "Week": 0.000000000000157976528914174,
  "Week_Fluctuation": 0.43065569568034234,
  "Updated": "2018-04-27T02:43:32.6095138Z"
}
