{
  "Live": 0.00000000000432273140539375,
  "Minute": 0.00000000000432273140539375,
  "Minute_Fluctuation": 0.0,
  "Minute_5": 0.00000000000432273140539375,
  "Minute_5_Fluctuation": 0.0011412980305612608,
  "Minute_10": 0.00000000000432273140539375,
  "Minute_10_Fluctuation": 0.0069288469792875241,
  "Hour": 0.00000000000432774856432442,
  "Hour_Fluctuation": 0.020965981620114208,
  "Day": 0.00000000000441022561696178,
  "Day_Fluctuation": 0.069007814763548475,
  "Week": 0.00000000000432273140539375,
  "Week_Fluctuation": 0.21974511473137753,
  "Updated": "2018-04-23T04:56:29.2448696Z"
}
