{
  "Live": 0.000000000000118407037985972,
  "Minute": 0.000000000000118407037985972,
  "Minute_Fluctuation": 0.33228734724019121,
  "Minute_5": 0.000000000000118407037985972,
  "Minute_5_Fluctuation": 0.33228734724019121,
  "Minute_10": 0.000000000000118407037985972,
  "Minute_10_Fluctuation": 0.33228734724019121,
  "Hour": 0.000000000000114540530215171,
  "Hour_Fluctuation": 0.12070970354888036,
  "Day": 0.000000000000119116919662213,
  "Day_Fluctuation": 0.021481296564672809,
  "Week": 0.000000000000118407037985972,
  "Week_Fluctuation": 0.23138620926492215,
  "Updated": "2018-04-22T08:33:05.7015652Z"
}
