{
  "Live": 0.000000000011879625,
  "Minute": 0.00000000000588407529334662,
  "Minute_Fluctuation": 0.36863534158470546,
  "Minute_5": 0.00000000000472331221422911,
  "Minute_5_Fluctuation": 0.074934555107249515,
  "Minute_10": 0.00000000000457821682933942,
  "Minute_10_Fluctuation": 0.037537221088862642,
  "Hour": 0.00000000000445730400859801,
  "Hour_Fluctuation": 0.0064179267742907019,
  "Day": 0.00000000000443177309447162,
  "Day_Fluctuation": 0.23604427461783617,
  "Week": 0.00000000000443326538828395,
  "Week_Fluctuation": 0.456102572510313,
  "Updated": "2018-04-26T17:09:41.375683Z"
}
