{
  "Live": 0.000000000000187611472098594,
  "Minute": 0.000000000000187611472098594,
  "Minute_Fluctuation": 0.0,
  "Minute_5": 0.000000000000187611472098594,
  "Minute_5_Fluctuation": 0.0,
  "Minute_10": 0.000000000000187611472098594,
  "Minute_10_Fluctuation": 0.00021236862827380258,
  "Hour": 0.000000000000187086929978636,
  "Hour_Fluctuation": 0.0072507907234504168,
  "Day": 0.000000000000187529769397406,
  "Day_Fluctuation": 0.152650871560657,
  "Week": 0.000000000000187611472098594,
  "Week_Fluctuation": 0.43159445463020363,
  "Updated": "2018-04-27T02:43:22.9690455Z"
}
