{
  "Live": 0.000000000000948,
  "Minute": 0.000000000000412000881746292,
  "Minute_Fluctuation": 0.36267482040644294,
  "Minute_5": 0.000000000000327344188150902,
  "Minute_5_Fluctuation": 0.073008742803773868,
  "Minute_10": 0.000000000000317262097783318,
  "Minute_10_Fluctuation": 0.047043524670033164,
  "Hour": 0.000000000000310394698395605,
  "Hour_Fluctuation": 0.025381636103003688,
  "Day": 0.000000000000306521756638791,
  "Day_Fluctuation": 0.15089606927690902,
  "Week": 0.000000000000306190512853939,
  "Week_Fluctuation": 0.43042155929486187,
  "Updated": "2018-04-27T02:43:32.8949525Z"
}
