{
  "Live": 0.000000017265815375,
  "Minute": 0.000000017265815375,
  "Minute_Fluctuation": 0.25607059387802378,
  "Minute_5": 0.000000017265815375,
  "Minute_5_Fluctuation": 0.31324207581702357,
  "Minute_10": 0.0000000158545595504008,
  "Minute_10_Fluctuation": 0.30105670717278632,
  "Hour": 0.000000014635036962341,
  "Hour_Fluctuation": 0.22436508825905463,
  "Day": 0.0000000131007038748527,
  "Day_Fluctuation": 0.47839202920734047,
  "Week": 0.000000013000751138642,
  "Week_Fluctuation": 0.49683503375523363,
  "Updated": "2018-04-28T01:28:07.918062Z"
}
