{
  "Live": 0.00000000000906525,
  "Minute": 0.00000000000836470302057016,
  "Minute_Fluctuation": 0.063308878119635467,
  "Minute_5": 0.00000000000823178715373154,
  "Minute_5_Fluctuation": 0.013872686103238378,
  "Minute_10": 0.00000000000821517267037671,
  "Minute_10_Fluctuation": 0.0070062944965697364,
  "Hour": 0.00000000000820132726758102,
  "Hour_Fluctuation": 0.0019682718066505664,
  "Day": 0.00000000000820640378470501,
  "Day_Fluctuation": 0.23507387753656195,
  "Week": 0.00000000000819857466964426,
  "Week_Fluctuation": 0.45583692444244267,
  "Updated": "2018-04-26T17:09:41.0689628Z"
}
