{
  "Live": 0.000000000007475375,
  "Minute": 0.00000000000788042613437699,
  "Minute_Fluctuation": 0.021099419778408315,
  "Minute_5": 0.00000000000795618066787604,
  "Minute_5_Fluctuation": 0.0046437627923109175,
  "Minute_10": 0.00000000000796541856444844,
  "Minute_10_Fluctuation": 0.0029491959176056251,
  "Hour": 0.00000000000797744260202178,
  "Hour_Fluctuation": 0.006571006073856263,
  "Day": 0.00000000000805819367242381,
  "Day_Fluctuation": 0.020449882093787362,
  "Week": 0.00000000000797510990708742,
  "Week_Fluctuation": 0.20564985466108104,
  "Updated": "2018-04-23T04:56:40.4136895Z"
}
