{
  "Live": 0.0000000000000001975,
  "Minute": 0.0000000000000001982891691131,
  "Minute_Fluctuation": 0.18487945941761769,
  "Minute_5": 0.0000000000000001986281026403,
  "Minute_5_Fluctuation": 0.043070143898862739,
  "Minute_10": 0.0000000000000001986704693312,
  "Minute_10_Fluctuation": 0.021829095511428118,
  "Hour": 0.0000000000000001981451819789,
  "Hour_Fluctuation": 0.054465135832820644,
  "Day": 0.0000000000000002031383763824,
  "Day_Fluctuation": 0.03545385911571735,
  "Week": 0.0000000000000001987127939917,
  "Week_Fluctuation": 0.22952444354836596,
  "Updated": "2018-04-22T11:00:49.7261132Z"
}
