{
  "Live": 0.000000000000069000713492589,
  "Minute": 0.000000000000069000713492589,
  "Minute_Fluctuation": 0.0,
  "Minute_5": 0.000000000000069000713492589,
  "Minute_5_Fluctuation": 0.0,
  "Minute_10": 0.000000000000069000713492589,
  "Minute_10_Fluctuation": 0.0,
  "Hour": 0.000000000000069000713492589,
  "Hour_Fluctuation": 0.0,
  "Day": 0.0000000000000686059296309673,
  "Day_Fluctuation": 0.014441238531469608,
  "Week": 0.000000000000069000713492589,
  "Week_Fluctuation": 0.2467345338057142,
  "Updated": "2018-04-22T23:52:58.345679Z"
}
