{
  "Live": 0.000000013185919625,
  "Minute": 0.0000000112597792103875,
  "Minute_Fluctuation": 0.16912780975214442,
  "Minute_5": 0.0000000103725559398705,
  "Minute_5_Fluctuation": 0.040761722844658406,
  "Minute_10": 0.0000000102616530310559,
  "Minute_10_Fluctuation": 0.020849997732354894,
  "Hour": 0.0000000101828403220625,
  "Hour_Fluctuation": 0.015634967618283282,
  "Day": 0.0000000101325848185878,
  "Day_Fluctuation": 0.012995152566168936,
  "Week": 0.0000000101508601449683,
  "Week_Fluctuation": 0.22598273841879571,
  "Updated": "2018-04-22T11:00:50.7506168Z"
}
