{
  "Live": 0.000000000001273875,
  "Minute": 0.0000000000019321884291242,
  "Minute_Fluctuation": 1.2538422174572292,
  "Minute_5": 0.00000000000219104749802554,
  "Minute_5_Fluctuation": 1.5757137625384827,
  "Minute_10": 0.00000000000177437390716222,
  "Minute_10_Fluctuation": 1.2895734249894095,
  "Hour": 0.00000000000190747904828889,
  "Hour_Fluctuation": 0.292101481628183,
  "Day": 0.0000000000021941937965226,
  "Day_Fluctuation": 0.06324580284347,
  "Week": 0.00000000000225573016467189,
  "Week_Fluctuation": 0.24229143622455454,
  "Updated": "2018-04-22T08:33:25.6089048Z"
}
