{
  "Live": 0.000000000002972375,
  "Minute": 0.000000000002972375,
  "Minute_Fluctuation": 0.0414012738853504,
  "Minute_5": 0.000000000002972375,
  "Minute_5_Fluctuation": 0.0414012738853504,
  "Minute_10": 0.000000000002972375,
  "Minute_10_Fluctuation": 0.0414012738853504,
  "Hour": 0.00000000000251954921384695,
  "Hour_Fluctuation": 0.10907535114849562,
  "Day": 0.00000000000224079624242337,
  "Day_Fluctuation": 0.048135588099529378,
  "Week": 0.00000000000225749941675596,
  "Week_Fluctuation": 0.22121412903242757,
  "Updated": "2018-04-23T00:14:42.2010514Z"
}
