{
  "Live": 0.0000000000000172368,
  "Minute": 0.0000000000000251404792512455,
  "Minute_Fluctuation": 0.57098349506145762,
  "Minute_5": 0.0000000000000279612364594659,
  "Minute_5_Fluctuation": 0.63246603112794775,
  "Minute_10": 0.0000000000000247272680736222,
  "Minute_10_Fluctuation": 0.474094566061133,
  "Hour": 0.0000000000000243599762578384,
  "Hour_Fluctuation": 0.21926904739617498,
  "Day": 0.0000000000000280349034043495,
  "Day_Fluctuation": 0.042041353601960416,
  "Week": 0.0000000000000286660759652402,
  "Week_Fluctuation": 0.23333686851096308,
  "Updated": "2018-04-22T08:33:24.1669569Z"
}
