{
  "Live": 0.000000000000088875,
  "Minute": 0.00000000000176495145735416,
  "Minute_Fluctuation": 0.24171856549222748,
  "Minute_5": 0.00000000000215589863972583,
  "Minute_5_Fluctuation": 0.049663572296752431,
  "Minute_10": 0.00000000000220474286477742,
  "Minute_10_Fluctuation": 0.023860927600235483,
  "Hour": 0.00000000000222018180934074,
  "Hour_Fluctuation": 0.069512337781829053,
  "Day": 0.00000000000221778777005734,
  "Day_Fluctuation": 0.05654725781382014,
  "Week": 0.00000000000225358695476538,
  "Week_Fluctuation": 0.21916601840218045,
  "Updated": "2018-04-23T03:19:59.2315991Z"
}
