{
  "Live": 0.00000000000012981292050189,
  "Minute": 0.00000000000012981292050189,
  "Minute_Fluctuation": 0.0,
  "Minute_5": 0.00000000000012981292050189,
  "Minute_5_Fluctuation": 0.0,
  "Minute_10": 0.00000000000012981292050189,
  "Minute_10_Fluctuation": 0.0,
  "Hour": 0.00000000000012981292050189,
  "Hour_Fluctuation": 0.021110998525450002,
  "Day": 0.000000000000133459679392961,
  "Day_Fluctuation": 0.04980393915733132,
  "Week": 0.00000000000012981292050189,
  "Week_Fluctuation": 0.23669646700868266,
  "Updated": "2018-04-22T08:33:05.762435Z"
}
