{
  "Live": 0.000000000202012875,
  "Minute": 0.000000000202012875,
  "Minute_Fluctuation": 0.24571365362634129,
  "Minute_5": 0.000000000202012875,
  "Minute_5_Fluctuation": 0.24571365362634129,
  "Minute_10": 0.000000000202012875,
  "Minute_10_Fluctuation": 0.24571365362634129,
  "Hour": 0.0000000639321048638845,
  "Hour_Fluctuation": 0.35074502629006754,
  "Day": 0.0000000901210634236318,
  "Day_Fluctuation": 0.14595615829323991,
  "Week": 0.0000000965422850943336,
  "Week_Fluctuation": 0.23646563144360849,
  "Updated": "2018-04-23T00:14:40.727584Z"
}
