{
  "Live": 0.00000001059232,
  "Minute": 0.0000000102366553636882,
  "Minute_Fluctuation": 0.015976872702908249,
  "Minute_5": 0.0000000101502774908362,
  "Minute_5_Fluctuation": 0.0034604685053901507,
  "Minute_10": 0.0000000101409039292548,
  "Minute_10_Fluctuation": 0.002289713781085874,
  "Hour": 0.00000000992294101748407,
  "Hour_Fluctuation": 0.081980014166522869,
  "Day": 0.0000000100014085304103,
  "Day_Fluctuation": 0.021151938732424696,
  "Week": 0.000000010128693734165,
  "Week_Fluctuation": 0.20678593531635342,
  "Updated": "2018-04-23T03:19:59.7437223Z"
}
