{
  "Live": 0.000000000001333125,
  "Minute": 0.00000000000236022220794962,
  "Minute_Fluctuation": 0.0848352986570927,
  "Minute_5": 0.00000000000252500235188298,
  "Minute_5_Fluctuation": 0.017117967726161126,
  "Minute_10": 0.00000000000254210752535183,
  "Minute_10_Fluctuation": 0.016521632009049516,
  "Hour": 0.00000000000255752521106606,
  "Hour_Fluctuation": 0.020820006854450859,
  "Day": 0.00000000000256233596956058,
  "Day_Fluctuation": 0.15349860966798207,
  "Week": 0.00000000000256617695382069,
  "Week_Fluctuation": 0.43080801270992214,
  "Updated": "2018-04-27T02:43:33.0577758Z"
}
