{
  "Live": 0.0000000000000689584359169248,
  "Minute": 0.0000000000000689584359169248,
  "Minute_Fluctuation": 0.0,
  "Minute_5": 0.0000000000000689584359169248,
  "Minute_5_Fluctuation": 0.0,
  "Minute_10": 0.0000000000000689584359169248,
  "Minute_10_Fluctuation": 0.0,
  "Hour": 0.0000000000000688220096135104,
  "Hour_Fluctuation": 0.013154835153518396,
  "Day": 0.0000000000000683939698059797,
  "Day_Fluctuation": 0.01728691193783714,
  "Week": 0.0000000000000689584359169248,
  "Week_Fluctuation": 0.24232076507860259,
  "Updated": "2018-04-23T03:19:45.5648171Z"
}
