{
  "Live": 0.000000000004819,
  "Minute": 0.00000000000375831796937114,
  "Minute_Fluctuation": 0.63064924622878948,
  "Minute_5": 0.00000000000337584915490964,
  "Minute_5_Fluctuation": 0.68890066964713825,
  "Minute_10": 0.00000000000289677158457634,
  "Minute_10_Fluctuation": 0.57838390379738258,
  "Hour": 0.00000000000300923508506528,
  "Hour_Fluctuation": 0.13130379641233569,
  "Day": 0.00000000000327883732598903,
  "Day_Fluctuation": 0.030741838625708659,
  "Week": 0.00000000000328027938046272,
  "Week_Fluctuation": 0.23316143278221771,
  "Updated": "2018-04-22T08:33:24.3129146Z"
}
