{
  "Live": 0.000000007401737125,
  "Minute": 0.000000007401737125,
  "Minute_Fluctuation": 0.21185877535977835,
  "Minute_5": 0.000000007401737125,
  "Minute_5_Fluctuation": 0.25972724136942049,
  "Minute_10": 0.000000007401737125,
  "Minute_10_Fluctuation": 0.2647824300200009,
  "Hour": 0.0000000096238187721309,
  "Hour_Fluctuation": 0.05327064740343037,
  "Day": 0.0000000101183436439559,
  "Day_Fluctuation": 0.0096879341672988332,
  "Week": 0.0000000101475137899053,
  "Week_Fluctuation": 0.20898217690971793,
  "Updated": "2018-04-23T00:03:53.3995673Z"
}
