{
  "Live": 0.00000000001510875,
  "Minute": 0.00000000001510875,
  "Minute_Fluctuation": 0.24694376528117357,
  "Minute_5": 0.00000000001510875,
  "Minute_5_Fluctuation": 0.24694376528117357,
  "Minute_10": 0.00000000001510875,
  "Minute_10_Fluctuation": 0.24694376528117357,
  "Hour": 0.0000000000181086317443556,
  "Hour_Fluctuation": 0.096815710214544617,
  "Day": 0.0000000000200517735599951,
  "Day_Fluctuation": 0.024573897218402637,
  "Week": 0.0000000000202248590423944,
  "Week_Fluctuation": 0.21343306249445035,
  "Updated": "2018-04-23T00:14:42.5790025Z"
}
