{
  "Live": 0.00000000000811725,
  "Minute": 0.00000000000811725,
  "Minute_Fluctuation": 0.0,
  "Minute_5": 0.00000000000811725,
  "Minute_5_Fluctuation": 0.0,
  "Minute_10": 0.00000000000811725,
  "Minute_10_Fluctuation": 0.0,
  "Hour": 0.00000000000811725,
  "Hour_Fluctuation": 0.0,
  "Day": 0.00000000000811725,
  "Day_Fluctuation": 0.0,
  "Week": 0.00000000000811725,
  "Week_Fluctuation": 0.40020304350389968,
  "Updated": "2018-04-24T23:41:52.5345733Z"
}
