{
  "Live": 0.0000000000170941660001067,
  "Minute": 0.0000000000172094732407088,
  "Minute_Fluctuation": 0.028724165000254303,
  "Minute_5": 0.0000000000172364619035286,
  "Minute_5_Fluctuation": 0.010966401247662879,
  "Minute_10": 0.0000000000171786236941662,
  "Minute_10_Fluctuation": 0.0058223717441975532,
  "Hour": 0.0000000000171102569123798,
  "Hour_Fluctuation": 0.0044711465659691982,
  "Day": 0.0000000000170947594342051,
  "Day_Fluctuation": 0.00020582754781267308,
  "Week": 0.0000000000170941660001067,
  "Week_Fluctuation": 0.38297572561530396,
  "Updated": "2018-04-24T23:41:52.7806475Z"
}
