{
  "Live": 0.000000000000118407037985972,
  "Minute": 0.000000000000118407037985972,
  "Minute_Fluctuation": 0.0,
  "Minute_5": 0.000000000000118407037985972,
  "Minute_5_Fluctuation": 0.0,
  "Minute_10": 0.000000000000118407037985972,
  "Minute_10_Fluctuation": 0.0,
  "Hour": 0.000000000000118407037985972,
  "Hour_Fluctuation": 0.026120409310636035,
  "Day": 0.000000000000119044886211564,
  "Day_Fluctuation": 0.019901073736866882,
  "Week": 0.000000000000118407037985972,
  "Week_Fluctuation": 0.22800720347727932,
  "Updated": "2018-04-22T11:00:28.5972547Z"
}
