{
  "Live": 0.00000000000704219849197856,
  "Minute": 0.00000000000704219849197856,
  "Minute_Fluctuation": 0.0,
  "Minute_5": 0.00000000000704219849197856,
  "Minute_5_Fluctuation": 0.0,
  "Minute_10": 0.00000000000704219849197856,
  "Minute_10_Fluctuation": 2.013664950706812E-09,
  "Hour": 0.0000000000070428858754391,
  "Hour_Fluctuation": 0.00032525438474885005,
  "Day": 0.00000000000704544888512096,
  "Day_Fluctuation": 0.14912916844321278,
  "Week": 0.00000000000704219849197856,
  "Week_Fluctuation": 0.43010277755306148,
  "Updated": "2018-04-27T02:43:22.8154365Z"
}
