{
  "Live": 0.0000000000006715,
  "Minute": 0.00000000000194303794517311,
  "Minute_Fluctuation": 0.13921940093515137,
  "Minute_5": 0.00000000000219131709249804,
  "Minute_5_Fluctuation": 0.027685169432613871,
  "Minute_10": 0.00000000000222239946922991,
  "Minute_10_Fluctuation": 0.015041195046528788,
  "Hour": 0.00000000000223575525895194,
  "Hour_Fluctuation": 0.028318272957993638,
  "Day": 0.00000000000221857114296576,
  "Day_Fluctuation": 0.054614529213183556,
  "Week": 0.00000000000225335609074453,
  "Week_Fluctuation": 0.21718074360708892,
  "Updated": "2018-04-23T04:56:41.0319363Z"
}
