{
  "Live": 0.0000000108039582579058,
  "Minute": 0.0000000108809036023003,
  "Minute_Fluctuation": 0.030210108113278823,
  "Minute_5": 0.0000000109000682818334,
  "Minute_5_Fluctuation": 0.012834756421860719,
  "Minute_10": 0.0000000108611348462112,
  "Minute_10_Fluctuation": 0.0070623374111378253,
  "Hour": 0.0000000108148723600039,
  "Hour_Fluctuation": 0.0014726935944306761,
  "Day": 0.0000000108043609167845,
  "Day_Fluctuation": 5.8758833010485035E-05,
  "Week": 0.0000000108039582579058,
  "Week_Fluctuation": 0.38294749615854107,
  "Updated": "2018-04-24T23:41:52.8141958Z"
}
