{
  "Live": 0.000000000018002125,
  "Minute": 0.000000000019711654125539,
  "Minute_Fluctuation": 0.081866978079577143,
  "Minute_5": 0.0000000000201204370638892,
  "Minute_5_Fluctuation": 0.018295739107457971,
  "Minute_10": 0.0000000000201377087437235,
  "Minute_10_Fluctuation": 0.013990824155458326,
  "Hour": 0.0000000000199946054560663,
  "Hour_Fluctuation": 0.037133428464298811,
  "Day": 0.0000000000200569672596572,
  "Day_Fluctuation": 0.02618839071172506,
  "Week": 0.000000000020222582106148,
  "Week_Fluctuation": 0.2101195826984974,
  "Updated": "2018-04-23T03:19:59.5435551Z"
}
