{
  "Live": 0.0000000000000001975,
  "Minute": 0.0000000000000001984330871087,
  "Minute_Fluctuation": 0.002328056541907036,
  "Minute_5": 0.0000000000000001986524313465,
  "Minute_5_Fluctuation": 0.00050986983722426727,
  "Minute_10": 0.0000000000000001986739653737,
  "Minute_10_Fluctuation": 0.00033448671184771407,
  "Hour": 0.0000000000000001986294886387,
  "Hour_Fluctuation": 0.0012486546493568602,
  "Day": 0.00000000000000020061095475,
  "Day_Fluctuation": 0.025648048766599429,
  "Week": 0.0000000000000001987072402056,
  "Week_Fluctuation": 0.2078532101030286,
  "Updated": "2018-04-23T03:19:59.3291607Z"
}
