{
  "Live": 0.000000000000602375,
  "Minute": 0.000000000000363487222249951,
  "Minute_Fluctuation": 0.25559608563316477,
  "Minute_5": 0.000000000000317601219482538,
  "Minute_5_Fluctuation": 0.054914831637443096,
  "Minute_10": 0.000000000000311865469136612,
  "Minute_10_Fluctuation": 0.02771010939972466,
  "Hour": 0.000000000000307085677181673,
  "Hour_Fluctuation": 0.0033807510206813629,
  "Day": 0.000000000000306157936265361,
  "Day_Fluctuation": 0.23433895079527184,
  "Week": 0.000000000000306135409019203,
  "Week_Fluctuation": 0.45575067702767946,
  "Updated": "2018-04-26T17:09:41.2836567Z"
}
