{
  "Live": 0.000000000037604,
  "Minute": 0.000000000037604,
  "Minute_Fluctuation": 0.10806494140818497,
  "Minute_5": 0.000000000037604,
  "Minute_5_Fluctuation": 0.0817659895538852,
  "Minute_10": 0.0000000000386809728410526,
  "Minute_10_Fluctuation": 0.10398185020462575,
  "Hour": 0.0000000000414976189211816,
  "Hour_Fluctuation": 0.22300841629070431,
  "Day": 0.0000000000407249297800003,
  "Day_Fluctuation": 0.47856544985347044,
  "Week": 0.0000000000406487946604373,
  "Week_Fluctuation": 0.49685799605757297,
  "Updated": "2018-04-28T01:28:07.7097408Z"
}
