{
  "Live": 0.000000000000148125,
  "Minute": 0.000000000000207483766935806,
  "Minute_Fluctuation": 0.044245953283464028,
  "Minute_5": 0.000000000000215168017577868,
  "Minute_5_Fluctuation": 0.0088491906566928059,
  "Minute_10": 0.000000000000216128548908126,
  "Minute_10_Fluctuation": 0.0044245953283464029,
  "Hour": 0.000000000000209057551525801,
  "Hour_Fluctuation": 0.1889518781288155,
  "Day": 0.000000000000216160440344491,
  "Day_Fluctuation": 0.47672067040270705,
  "Week": 0.000000000000217088127330318,
  "Week_Fluctuation": 0.49659147965072803,
  "Updated": "2018-04-28T01:21:29.2178025Z"
}
