{
  "Live": 0.0000000000000789990342476066,
  "Minute": 0.0000000000000789990342476066,
  "Minute_Fluctuation": 0.0,
  "Minute_5": 0.0000000000000789990342476066,
  "Minute_5_Fluctuation": 0.0,
  "Minute_10": 0.0000000000000789990342476066,
  "Minute_10_Fluctuation": 0.0,
  "Hour": 0.0000000000000789990342476066,
  "Hour_Fluctuation": 0.0015858148967542389,
  "Day": 0.0000000000000789935790125788,
  "Day_Fluctuation": 0.23542677988244906,
  "Week": 0.0000000000000789990342476066,
  "Week_Fluctuation": 0.45616413187566551,
  "Updated": "2018-04-26T17:09:29.537024Z"
}
