{
  "Live": 0.00000000000843325,
  "Minute": 0.00000000000843325,
  "Minute_Fluctuation": 0.024278142840877735,
  "Minute_5": 0.00000000000843325,
  "Minute_5_Fluctuation": 0.029447216598748174,
  "Minute_10": 0.00000000000843325,
  "Minute_10_Fluctuation": 0.036127138137595279,
  "Hour": 0.00000000000875513609523328,
  "Hour_Fluctuation": 0.01506635362942599,
  "Day": 0.00000000000880506960501204,
  "Day_Fluctuation": 0.014524179057107617,
  "Week": 0.00000000000880261562339751,
  "Week_Fluctuation": 0.21180885928529564,
  "Updated": "2018-04-23T00:03:51.6916102Z"
}
