{
  "Live": 0.000000000000641875,
  "Minute": 0.000000000000641875,
  "Minute_Fluctuation": 0.77070025490017691,
  "Minute_5": 0.000000000000641875,
  "Minute_5_Fluctuation": 0.7512942298898464,
  "Minute_10": 0.00000000000128715732681751,
  "Minute_10_Fluctuation": 0.64146731162195414,
  "Hour": 0.00000000000301595668537912,
  "Hour_Fluctuation": 0.5400532886013576,
  "Day": 0.00000000000256530855247325,
  "Day_Fluctuation": 0.50222419050302425,
  "Week": 0.00000000000252504391571734,
  "Week_Fluctuation": 0.50031466812438519,
  "Updated": "2018-04-28T01:28:06.966752Z"
}
