{
  "Live": 0.000000000008611,
  "Minute": 0.0000000000081113753552485,
  "Minute_Fluctuation": 0.028947647487145192,
  "Minute_5": 0.00000000000800243642978681,
  "Minute_5_Fluctuation": 0.0063415215066904493,
  "Minute_10": 0.00000000000799175029586202,
  "Minute_10_Fluctuation": 0.0042518561795009445,
  "Hour": 0.0000000000080367420148867,
  "Hour_Fluctuation": 0.023992283123774636,
  "Day": 0.00000000000806474956496121,
  "Day_Fluctuation": 0.02103329705278912,
  "Week": 0.00000000000797521520771274,
  "Week_Fluctuation": 0.20762034533107027,
  "Updated": "2018-04-23T03:19:58.3131505Z"
}
