{
  "Live": 0.0000000000024192167847176,
  "Minute": 0.0000000000023412798624177,
  "Minute_Fluctuation": 0.15886167464755455,
  "Minute_5": 0.00000000000231792953410096,
  "Minute_5_Fluctuation": 0.0677562497474625,
  "Minute_10": 0.00000000000235875185524082,
  "Minute_10_Fluctuation": 0.03779621692451287,
  "Hour": 0.00000000000240764377135037,
  "Hour_Fluctuation": 0.0051328727815366411,
  "Day": 0.00000000000241878960288897,
  "Day_Fluctuation": 0.00033471191634078094,
  "Week": 0.0000000000024192167847176,
  "Week_Fluctuation": 0.3830231252193449,
  "Updated": "2018-04-24T23:41:52.7311873Z"
}
