{
  "Live": 0.000000000002518125,
  "Minute": 0.000000000002518125,
  "Minute_Fluctuation": 0.43207126948775043,
  "Minute_5": 0.000000000002518125,
  "Minute_5_Fluctuation": 0.43207126948775043,
  "Minute_10": 0.000000000002518125,
  "Minute_10_Fluctuation": 0.43207126948775043,
  "Hour": 0.0000000000033079810653355,
  "Hour_Fluctuation": 0.10688979875633225,
  "Day": 0.00000000000328314995276761,
  "Day_Fluctuation": 0.019087827178410507,
  "Week": 0.00000000000328079388212165,
  "Week_Fluctuation": 0.21264392766340964,
  "Updated": "2018-04-23T00:14:40.4112724Z"
}
