{
  "Live": 0.0000000000001975,
  "Minute": 0.0000000000001975,
  "Minute_Fluctuation": 0.0,
  "Minute_5": 0.0000000000001975,
  "Minute_5_Fluctuation": 0.0,
  "Minute_10": 0.0000000000001975,
  "Minute_10_Fluctuation": 0.0,
  "Hour": 0.0000000000001975,
  "Hour_Fluctuation": 0.0,
  "Day": 0.0000000000001975,
  "Day_Fluctuation": 0.0,
  "Week": 0.0000000000001975,
  "Week_Fluctuation": 0.38338639280654768,
  "Updated": "2018-04-24T23:41:52.6001153Z"
}
