{
  "Live": 0.000000000000069000713492589,
  "Minute": 0.000000000000069000713492589,
  "Minute_Fluctuation": 0.0,
  "Minute_5": 0.000000000000069000713492589,
  "Minute_5_Fluctuation": 0.0,
  "Minute_10": 0.000000000000069000713492589,
  "Minute_10_Fluctuation": 0.0,
  "Hour": 0.000000000000069000713492589,
  "Hour_Fluctuation": 0.060640025600048511,
  "Day": 0.0000000000000681303364945505,
  "Day_Fluctuation": 0.018903017818044265,
  "Week": 0.000000000000069000713492589,
  "Week_Fluctuation": 0.27091784451940559,
  "Updated": "2018-04-22T08:33:05.7319081Z"
}
