{
  "Live": 0.0000000000282425,
  "Minute": 0.0000000000300986218911854,
  "Minute_Fluctuation": 0.096474622356760714,
  "Minute_5": 0.0000000000308626344001162,
  "Minute_5_Fluctuation": 0.098923499203727824,
  "Minute_10": 0.0000000000300579858103696,
  "Minute_10_Fluctuation": 0.066401633404279237,
  "Hour": 0.000000000030101190839173,
  "Hour_Fluctuation": 0.064918451174022243,
  "Day": 0.0000000000316754400078341,
  "Day_Fluctuation": 0.0377080769424569,
  "Week": 0.0000000000310535427837342,
  "Week_Fluctuation": 0.23406186765826523,
  "Updated": "2018-04-22T08:33:26.2789212Z"
}
