{
  "Live": 0.00000000000112575,
  "Minute": 0.00000000000112575,
  "Minute_Fluctuation": 0.21379310344827568,
  "Minute_5": 0.00000000000112575,
  "Minute_5_Fluctuation": 0.21379310344827568,
  "Minute_10": 0.00000000000112575,
  "Minute_10_Fluctuation": 0.21379310344827568,
  "Hour": 0.00000000000112303314099439,
  "Hour_Fluctuation": 0.056076554069231836,
  "Day": 0.0000000000010693933368802,
  "Day_Fluctuation": 0.031546703420587144,
  "Week": 0.00000000000105472889954048,
  "Week_Fluctuation": 0.21274797787204197,
  "Updated": "2018-04-23T00:14:41.622878Z"
}
