{
  "Live": 0.00000000001273875,
  "Minute": 0.0000000000187252238484733,
  "Minute_Fluctuation": 0.17751916322690203,
  "Minute_5": 0.0000000000199225358542735,
  "Minute_5_Fluctuation": 0.038314422377075823,
  "Minute_10": 0.0000000000200658957551906,
  "Minute_10_Fluctuation": 0.025590299219560821,
  "Hour": 0.0000000000200816276149455,
  "Hour_Fluctuation": 0.01725573663127487,
  "Day": 0.0000000000200617950466326,
  "Day_Fluctuation": 0.025452362239392207,
  "Week": 0.0000000000202217153795324,
  "Week_Fluctuation": 0.208179366183707,
  "Updated": "2018-04-23T04:56:41.3116055Z"
}
