{
  "Live": 0.000000000000464125,
  "Minute": 0.00000000000243760240388109,
  "Minute_Fluctuation": 0.27936071122310985,
  "Minute_5": 0.00000000000275903559755397,
  "Minute_5_Fluctuation": 0.056594179925539972,
  "Minute_10": 0.00000000000277633757116459,
  "Minute_10_Fluctuation": 0.041172536771544824,
  "Hour": 0.00000000000276115997310738,
  "Hour_Fluctuation": 0.059367388439058574,
  "Day": 0.00000000000282242346058967,
  "Day_Fluctuation": 0.15770989381252612,
  "Week": 0.00000000000283935403570512,
  "Week_Fluctuation": 0.43144355556751934,
  "Updated": "2018-04-27T02:43:33.2184674Z"
}
