{
  "Live": 0.0000000000000136059,
  "Minute": 0.0000000000000136059,
  "Minute_Fluctuation": 0.43905232254273974,
  "Minute_5": 0.0000000000000136059,
  "Minute_5_Fluctuation": 0.5102601289771872,
  "Minute_10": 0.0000000000000136059,
  "Minute_10_Fluctuation": 0.51802081514082254,
  "Hour": 0.0000000000000258738995798687,
  "Hour_Fluctuation": 0.10296734852452383,
  "Day": 0.0000000000000282515695486117,
  "Day_Fluctuation": 0.033761949186725537,
  "Week": 0.0000000000000286473154659004,
  "Week_Fluctuation": 0.21295157192898895,
  "Updated": "2018-04-23T00:03:50.8726805Z"
}
