{
  "Live": 0.000000000000207366574671598,
  "Minute": 0.000000000000207366574671598,
  "Minute_Fluctuation": 0.0,
  "Minute_5": 0.000000000000207366574671598,
  "Minute_5_Fluctuation": 0.0,
  "Minute_10": 0.000000000000207366574671598,
  "Minute_10_Fluctuation": 0.00051671906094862181,
  "Hour": 0.000000000000207125243188508,
  "Hour_Fluctuation": 0.0040305390154779632,
  "Day": 0.000000000000206547370646064,
  "Day_Fluctuation": 0.01200283264803827,
  "Week": 0.000000000000207366574671598,
  "Week_Fluctuation": 0.2053014378907462,
  "Updated": "2018-04-23T04:56:29.1946346Z"
}
