{
  "Live": 0.00000000000704216024676008,
  "Minute": 0.00000000000704216024676008,
  "Minute_Fluctuation": 0.0,
  "Minute_5": 0.00000000000704216024676008,
  "Minute_5_Fluctuation": 0.0,
  "Minute_10": 0.00000000000704216024676008,
  "Minute_10_Fluctuation": 0.0,
  "Hour": 0.00000000000704216024676008,
  "Hour_Fluctuation": 0.0046511887251643007,
  "Day": 0.0000000000070469457699605,
  "Day_Fluctuation": 0.2343069467452763,
  "Week": 0.00000000000704216024676008,
  "Week_Fluctuation": 0.45571497030220254,
  "Updated": "2018-04-26T17:09:29.3902104Z"
}
