{
  "Live": 0.000000000003327875,
  "Minute": 0.00000000000399390983085825,
  "Minute_Fluctuation": 0.38914662958021606,
  "Minute_5": 0.00000000000425142661246313,
  "Minute_5_Fluctuation": 0.45110080541361519,
  "Minute_10": 0.00000000000384540111507536,
  "Minute_10_Fluctuation": 0.50857659382404774,
  "Hour": 0.00000000000430862323456329,
  "Hour_Fluctuation": 0.328845388738756,
  "Day": 0.00000000000446010816780293,
  "Day_Fluctuation": 0.087749207265631415,
  "Week": 0.00000000000431577387373965,
  "Week_Fluctuation": 0.24450168666078095,
  "Updated": "2018-04-22T08:33:25.3717941Z"
}
