{
  "Live": 0.000000000009292375,
  "Minute": 0.000000000009292375,
  "Minute_Fluctuation": 0.16460396039603956,
  "Minute_5": 0.000000000009292375,
  "Minute_5_Fluctuation": 0.16460396039603956,
  "Minute_10": 0.00000000000886436923617217,
  "Minute_10_Fluctuation": 0.11096243090264023,
  "Hour": 0.00000000000812656153936203,
  "Hour_Fluctuation": 0.24679114732363705,
  "Day": 0.00000000000798514839747342,
  "Day_Fluctuation": 0.48685479814085053,
  "Week": 0.0000000000079798783424962,
  "Week_Fluctuation": 0.49810710435449224,
  "Updated": "2018-04-28T01:28:05.2475649Z"
}
