{
  "Live": 0.000000000434292625,
  "Minute": 0.0000000777568945719682,
  "Minute_Fluctuation": 0.37853741996158186,
  "Minute_5": 0.0000000924199053018471,
  "Minute_5_Fluctuation": 0.077447626476410208,
  "Minute_10": 0.0000000942049218819844,
  "Minute_10_Fluctuation": 0.04998291297695355,
  "Hour": 0.0000000933574670775829,
  "Hour_Fluctuation": 0.11241512381734671,
  "Day": 0.0000000884548171662775,
  "Day_Fluctuation": 0.16202424661393289,
  "Week": 0.0000000960838396546132,
  "Week_Fluctuation": 0.2345908874566861,
  "Updated": "2018-04-23T04:56:40.5923033Z"
}
