{
  "Live": 0.000000000002291,
  "Minute": 0.00000000000251272660519037,
  "Minute_Fluctuation": 0.071787191855324534,
  "Minute_5": 0.00000000000255576026034372,
  "Minute_5_Fluctuation": 0.015741950940502812,
  "Minute_10": 0.00000000000256113946723789,
  "Minute_10_Fluctuation": 0.0079501846631254737,
  "Hour": 0.0000000000025656221396497,
  "Hour_Fluctuation": 0.0039413040763297451,
  "Day": 0.00000000000256333776977106,
  "Day_Fluctuation": 0.23593948537997958,
  "Week": 0.00000000000256651333761728,
  "Week_Fluctuation": 0.45596687875250186,
  "Updated": "2018-04-26T17:09:41.4467049Z"
}
