{
  "Live": 0.00000000000049375,
  "Minute": 0.000000000000342500336756258,
  "Minute_Fluctuation": 0.13004547596986912,
  "Minute_5": 0.000000000000313141053221722,
  "Minute_5_Fluctuation": 0.02612196127640622,
  "Minute_10": 0.000000000000309468952503162,
  "Minute_10_Fluctuation": 0.012523135108816218,
  "Hour": 0.000000000000307185106678749,
  "Hour_Fluctuation": 0.021602130933709031,
  "Day": 0.000000000000307380454233548,
  "Day_Fluctuation": 0.027109628390299685,
  "Week": 0.000000000000305804873122256,
  "Week_Fluctuation": 0.20837246222366451,
  "Updated": "2018-04-23T04:56:40.9433102Z"
}
