{
  "Live": 0.0000000000000888545223755986,
  "Minute": 0.0000000000000888545223755986,
  "Minute_Fluctuation": 0.0,
  "Minute_5": 0.0000000000000888545223755986,
  "Minute_5_Fluctuation": 0.0,
  "Minute_10": 0.0000000000000888545223755986,
  "Minute_10_Fluctuation": 0.0,
  "Hour": 0.0000000000000873960407552688,
  "Hour_Fluctuation": 0.21761965254046026,
  "Day": 0.000000000000088735312513095,
  "Day_Fluctuation": 0.48388318744407527,
  "Week": 0.0000000000000888545223755986,
  "Week_Fluctuation": 0.49766993145835375,
  "Updated": "2018-04-28T01:21:20.8220579Z"
}
