{
  "Live": 0.000000000000029256675,
  "Minute": 0.0000000000000287389502588149,
  "Minute_Fluctuation": 0.015221832102530492,
  "Minute_5": 0.0000000000000286251037001674,
  "Minute_5_Fluctuation": 0.0034681222504347976,
  "Minute_10": 0.0000000000000286017639822738,
  "Minute_10_Fluctuation": 0.00300585137598438,
  "Hour": 0.000000000000028154292722434,
  "Hour_Fluctuation": 0.078867923239193019,
  "Day": 0.0000000000000279791211526357,
  "Day_Fluctuation": 0.042550736254440925,
  "Week": 0.0000000000000285966561783823,
  "Week_Fluctuation": 0.21063936381344192,
  "Updated": "2018-04-23T03:19:58.414815Z"
}
