{
  "Live": 0.0000000000000222145267290978,
  "Minute": 0.0000000000000223936001406476,
  "Minute_Fluctuation": 0.0353326019142477,
  "Minute_5": 0.0000000000000224428508893079,
  "Minute_5_Fluctuation": 0.014228655714013798,
  "Minute_10": 0.0000000000000223501512701284,
  "Minute_10_Fluctuation": 0.0076895956848638874,
  "Hour": 0.0000000000000222403781221786,
  "Hour_Fluctuation": 0.0023281275745560878,
  "Day": 0.0000000000000222154802006862,
  "Day_Fluctuation": 5.6034881886317545E-05,
  "Week": 0.0000000000000222145267290978,
  "Week_Fluctuation": 0.3834108909974121,
  "Updated": "2018-04-24T23:41:52.5498943Z"
}
