{
  "Live": 0.00000000014063249721221,
  "Minute": 0.000000000144747699195666,
  "Minute_Fluctuation": 0.11945425265863394,
  "Minute_5": 0.000000000145838178526523,
  "Minute_5_Fluctuation": 0.0476590896864308,
  "Minute_10": 0.000000000143724462999645,
  "Minute_10_Fluctuation": 0.025370957548983605,
  "Hour": 0.000000000141221852130107,
  "Hour_Fluctuation": 0.0048741569422385625,
  "Day": 0.000000000140654234328795,
  "Day_Fluctuation": 0.00020418609129942576,
  "Week": 0.00000000014063249721221,
  "Week_Fluctuation": 0.38298792069461618,
  "Updated": "2018-04-24T23:41:52.6154131Z"
}
