{
  "Live": 0.000000000007850625,
  "Minute": 0.00000000000850118006022604,
  "Minute_Fluctuation": 0.066692330375741488,
  "Minute_5": 0.00000000000874234632394116,
  "Minute_5_Fluctuation": 0.051323301416557693,
  "Minute_10": 0.0000000000086452621271027,
  "Minute_10_Fluctuation": 0.073240564439632325,
  "Hour": 0.00000000000862946305789396,
  "Hour_Fluctuation": 0.07015633521523959,
  "Day": 0.00000000000880720016563774,
  "Day_Fluctuation": 0.02977529820751133,
  "Week": 0.00000000000880260798333922,
  "Week_Fluctuation": 0.2326554434082406,
  "Updated": "2018-04-22T08:33:24.7452876Z"
}
