{
  "Live": 0.00000000000124425,
  "Minute": 0.00000000000124425,
  "Minute_Fluctuation": 0.32870620939543177,
  "Minute_5": 0.00000000000124425,
  "Minute_5_Fluctuation": 0.33822705458382762,
  "Minute_10": 0.00000000000113760255778956,
  "Minute_10_Fluctuation": 0.26333951127874977,
  "Hour": 0.000000000000950217263970207,
  "Hour_Fluctuation": 0.17776356428670645,
  "Day": 0.000000000000928746750740036,
  "Day_Fluctuation": 0.47414580410837809,
  "Week": 0.000000000000928317756377645,
  "Week_Fluctuation": 0.49620894940252863,
  "Updated": "2018-04-28T01:28:06.3430007Z"
}
