{
  "Live": 0.00000000007589925,
  "Minute": 0.0000000178643193363669,
  "Minute_Fluctuation": 0.30936296911618011,
  "Minute_5": 0.0000000205977644021058,
  "Minute_5_Fluctuation": 0.062166584073657626,
  "Minute_10": 0.0000000207394421899991,
  "Minute_10_Fluctuation": 0.049431302970745647,
  "Hour": 0.0000000206364004700204,
  "Hour_Fluctuation": 0.064330843762964635,
  "Day": 0.0000000211938600650499,
  "Day_Fluctuation": 0.28972041406963789,
  "Week": 0.0000000212807866996583,
  "Week_Fluctuation": 0.46536105771099828,
  "Updated": "2018-04-27T02:43:32.5343243Z"
}
