{
  "Live": 0.0000000000054115,
  "Minute": 0.00000000000459699426744815,
  "Minute_Fluctuation": 0.051962759952270725,
  "Minute_5": 0.00000000000446719958513993,
  "Minute_5_Fluctuation": 0.01082942674293777,
  "Minute_10": 0.00000000000444658494728486,
  "Minute_10_Fluctuation": 0.0084563210146780636,
  "Hour": 0.00000000000448201346763679,
  "Hour_Fluctuation": 0.030769740916206816,
  "Day": 0.00000000000444216889757556,
  "Day_Fluctuation": 0.15293883110397477,
  "Week": 0.00000000000443476701013359,
  "Week_Fluctuation": 0.43088240464709932,
  "Updated": "2018-04-27T02:43:32.9843199Z"
}
