{
  "Live": 0.000000000005855875,
  "Minute": 0.00000000000823413993560893,
  "Minute_Fluctuation": 0.13478002307388995,
  "Minute_5": 0.00000000000869006705520812,
  "Minute_5_Fluctuation": 0.02918382439863141,
  "Minute_10": 0.00000000000874518560721782,
  "Minute_10_Fluctuation": 0.019317865291839265,
  "Hour": 0.00000000000876714773138572,
  "Hour_Fluctuation": 0.011252062824362761,
  "Day": 0.00000000000881205618213917,
  "Day_Fluctuation": 0.02015165423713958,
  "Week": 0.00000000000880399229652661,
  "Week_Fluctuation": 0.20706981936641902,
  "Updated": "2018-04-23T04:56:40.7602594Z"
}
