{
  "Live": 0.0000000000392127763826802,
  "Minute": 0.0000000000386068362105464,
  "Minute_Fluctuation": 0.06782657369664144,
  "Minute_5": 0.0000000000387091430351809,
  "Minute_5_Fluctuation": 0.021297747103667442,
  "Minute_10": 0.0000000000389332930343324,
  "Minute_10_Fluctuation": 0.0116262025917788,
  "Hour": 0.0000000000391625399194145,
  "Hour_Fluctuation": 0.0027297534115547457,
  "Day": 0.0000000000392109446030409,
  "Day_Fluctuation": 0.00014804475334975409,
  "Week": 0.0000000000392127763826802,
  "Week_Fluctuation": 0.38295906712367545,
  "Updated": "2018-04-24T23:41:52.7986203Z"
}
