{
  "Live": 0.0000000001270715,
  "Minute": 0.0000000001270715,
  "Minute_Fluctuation": 0.14954297971695749,
  "Minute_5": 0.0000000001270715,
  "Minute_5_Fluctuation": 0.16549822439512044,
  "Minute_10": 0.000000000135723051795263,
  "Minute_10_Fluctuation": 0.22418581125333087,
  "Hour": 0.000000000142647892887404,
  "Hour_Fluctuation": 0.21967296064827613,
  "Day": 0.000000000152418294602264,
  "Day_Fluctuation": 0.47745173043848965,
  "Week": 0.000000000152969120906505,
  "Week_Fluctuation": 0.49669160360623521,
  "Updated": "2018-04-28T01:28:05.976446Z"
}
