{
  "Live": 0.00000000000720875,
  "Minute": 0.00000000000720875,
  "Minute_Fluctuation": 0.12893847116180221,
  "Minute_5": 0.00000000000720875,
  "Minute_5_Fluctuation": 0.15743070193568984,
  "Minute_10": 0.00000000000767627912493222,
  "Minute_10_Fluctuation": 0.11736910273936556,
  "Hour": 0.00000000000806500770162675,
  "Hour_Fluctuation": 0.19284059918136554,
  "Day": 0.00000000000858911584916794,
  "Day_Fluctuation": 0.47486990958503084,
  "Week": 0.00000000000862467489688045,
  "Week_Fluctuation": 0.49631158224500532,
  "Updated": "2018-04-28T01:28:06.1584607Z"
}
