{
  "Live": 0.000000012443477625,
  "Minute": 0.0000000126171501990267,
  "Minute_Fluctuation": 0.0051770541912856769,
  "Minute_5": 0.0000000126460245685225,
  "Minute_5_Fluctuation": 0.0011137119302401829,
  "Minute_10": 0.0000000126549624856566,
  "Minute_10_Fluctuation": 0.0025986899396070779,
  "Hour": 0.0000000126586347412841,
  "Hour_Fluctuation": 0.0048815599451774968,
  "Day": 0.0000000126541624675031,
  "Day_Fluctuation": 0.14954078949340974,
  "Week": 0.0000000126532395802454,
  "Week_Fluctuation": 0.43016212819468219,
  "Updated": "2018-04-27T02:43:33.4414747Z"
}
