{
  "Live": 0.00000000005085625,
  "Minute": 0.0000000000351191043964,
  "Minute_Fluctuation": 0.130996279788867,
  "Minute_5": 0.000000000031947657923031,
  "Minute_5_Fluctuation": 0.0263932106149424,
  "Minute_10": 0.0000000000315516368679188,
  "Minute_10_Fluctuation": 0.013476109099997021,
  "Hour": 0.0000000000314344711203233,
  "Hour_Fluctuation": 0.035391956079704689,
  "Day": 0.0000000000318980471550584,
  "Day_Fluctuation": 0.045789664616879,
  "Week": 0.0000000000311551895892216,
  "Week_Fluctuation": 0.21045613690727097,
  "Updated": "2018-04-23T04:56:41.4015322Z"
}
