{
  "Live": 0.0000000000842535,
  "Minute": 0.0000000000842535,
  "Minute_Fluctuation": 0.43354709612887121,
  "Minute_5": 0.0000000000842535,
  "Minute_5_Fluctuation": 0.377861210127656,
  "Minute_10": 0.0000000000842535,
  "Minute_10_Fluctuation": 0.37019368535080305,
  "Hour": 0.000000000123922858133979,
  "Hour_Fluctuation": 0.068375037865866115,
  "Day": 0.000000000132395228570553,
  "Day_Fluctuation": 0.020064203935183843,
  "Week": 0.000000000132048658741115,
  "Week_Fluctuation": 0.21219047982640271,
  "Updated": "2018-04-23T00:03:51.4685211Z"
}
