{
  "Live": 0.0000000000000001975,
  "Minute": 0.000000000000000197567636171,
  "Minute_Fluctuation": 0.00012319372448890594,
  "Minute_5": 0.00000000000000019757856301,
  "Minute_5_Fluctuation": 2.6379981153668232E-05,
  "Minute_10": 0.0000000000000001982622210649,
  "Minute_10_Fluctuation": 0.0170606061437079,
  "Hour": 0.0000000000000001993038023317,
  "Hour_Fluctuation": 0.015495113913268823,
  "Day": 0.0000000000000001978390989509,
  "Day_Fluctuation": 0.15041054372599194,
  "Week": 0.0000000000000001975812933647,
  "Week_Fluctuation": 0.43030395285965112,
  "Updated": "2018-04-27T02:43:33.1320699Z"
}
