{
  "Live": 0.00000000000332792339185064,
  "Minute": 0.00000000000331167238953215,
  "Minute_Fluctuation": 0.022820493933722402,
  "Minute_5": 0.00000000000330421485435801,
  "Minute_5_Fluctuation": 0.014630328250142509,
  "Minute_10": 0.00000000000331359544034237,
  "Minute_10_Fluctuation": 0.008885481459371276,
  "Hour": 0.00000000000332515431612243,
  "Hour_Fluctuation": 0.0021014067319703057,
  "Day": 0.00000000000332782099588626,
  "Day_Fluctuation": 0.0001321466035409877,
  "Week": 0.00000000000332792339185064,
  "Week_Fluctuation": 0.38295715626561205,
  "Updated": "2018-04-24T23:41:52.5672132Z"
}
