{
  "Live": 0.00000000884940667027624,
  "Minute": 0.00000000836774751427663,
  "Minute_Fluctuation": 0.29546769718132287,
  "Minute_5": 0.00000000823839059352324,
  "Minute_5_Fluctuation": 0.10736228402878331,
  "Minute_10": 0.00000000848644944841039,
  "Minute_10_Fluctuation": 0.058262304100060738,
  "Hour": 0.0000000087802189226526,
  "Hour_Fluctuation": 0.014734983143942769,
  "Day": 0.00000000884685479381544,
  "Day_Fluctuation": 0.00066158512836845867,
  "Week": 0.00000000884940667027624,
  "Week_Fluctuation": 0.38303483864184518,
  "Updated": "2018-04-24T23:41:52.5830301Z"
}
