{
  "Live": 0.000000000000237,
  "Minute": 0.000000000000299625814832294,
  "Minute_Fluctuation": 0.11253457325432598,
  "Minute_5": 0.000000000000312063766153144,
  "Minute_5_Fluctuation": 0.024319289257210511,
  "Minute_10": 0.000000000000313570317282242,
  "Minute_10_Fluctuation": 0.013814584650223286,
  "Hour": 0.000000000000313101072932207,
  "Hour_Fluctuation": 0.020248322427508684,
  "Day": 0.000000000000312183572487574,
  "Day_Fluctuation": 0.023398754099140263,
  "Week": 0.000000000000315171711578678,
  "Week_Fluctuation": 0.20595027289835866,
  "Updated": "2018-04-23T04:56:41.2271975Z"
}
