{
  "Live": 0.000000000000227125,
  "Minute": 0.000000000000227125,
  "Minute_Fluctuation": 0.359489920732803,
  "Minute_5": 0.000000000000227125,
  "Minute_5_Fluctuation": 0.3616137233971442,
  "Minute_10": 0.000000000000270661504344513,
  "Minute_10_Fluctuation": 0.35756991005923494,
  "Hour": 0.00000000000037259182560074,
  "Hour_Fluctuation": 0.35062326693757667,
  "Day": 0.000000000000358786654008997,
  "Day_Fluctuation": 0.48770855498661375,
  "Week": 0.000000000000355989982622939,
  "Week_Fluctuation": 0.49818686134876516,
  "Updated": "2018-04-28T01:28:06.540281Z"
}
