{
  "Live": 0.00000000000021725,
  "Minute": 0.00000000000028263003662387,
  "Minute_Fluctuation": 0.19823945458740327,
  "Minute_5": 0.000000000000308962449956914,
  "Minute_5_Fluctuation": 0.1526187503465585,
  "Minute_10": 0.000000000000299777061527194,
  "Minute_10_Fluctuation": 0.11264329698828403,
  "Hour": 0.000000000000299370820619344,
  "Hour_Fluctuation": 0.088721015401415526,
  "Day": 0.000000000000312532521139265,
  "Day_Fluctuation": 0.025151052016125632,
  "Week": 0.000000000000315542287861934,
  "Week_Fluctuation": 0.23130696048831309,
  "Updated": "2018-04-22T08:33:25.9576219Z"
}
