{
  "Live": 0.0000000117670105,
  "Minute": 0.0000000104605512889564,
  "Minute_Fluctuation": 0.0634531475474442,
  "Minute_5": 0.0000000101953547944786,
  "Minute_5_Fluctuation": 0.014532966284717678,
  "Minute_10": 0.0000000101634080722149,
  "Minute_10_Fluctuation": 0.0099782659217523238,
  "Hour": 0.0000000101301274843443,
  "Hour_Fluctuation": 0.021139855614169086,
  "Day": 0.0000000100124065576511,
  "Day_Fluctuation": 0.020838971369931441,
  "Week": 0.0000000101290885573292,
  "Week_Fluctuation": 0.2048492231015876,
  "Updated": "2018-04-23T04:56:41.4869857Z"
}
