{
  "Live": 0.00000000000894675,
  "Minute": 0.00000000000894675,
  "Minute_Fluctuation": 0.0141458106637649,
  "Minute_5": 0.00000000000894675,
  "Minute_5_Fluctuation": 0.0141458106637649,
  "Minute_10": 0.00000000000894675,
  "Minute_10_Fluctuation": 0.0141458106637649,
  "Hour": 0.00000000000831908565045074,
  "Hour_Fluctuation": 0.039982874442134289,
  "Day": 0.00000000000805051210277413,
  "Day_Fluctuation": 0.019774087174888617,
  "Week": 0.00000000000797152579025609,
  "Week_Fluctuation": 0.21101033206845474,
  "Updated": "2018-04-23T00:14:39.8036696Z"
}
