{
  "Live": 0.000000006643850625,
  "Minute": 0.000000006643850625,
  "Minute_Fluctuation": 0.1023930581701117,
  "Minute_5": 0.000000006643850625,
  "Minute_5_Fluctuation": 0.1023930581701117,
  "Minute_10": 0.000000006643850625,
  "Minute_10_Fluctuation": 0.1023930581701117,
  "Hour": 0.00000000908614415182026,
  "Hour_Fluctuation": 0.099528197703853571,
  "Day": 0.0000000100922227451394,
  "Day_Fluctuation": 0.01219664023373478,
  "Week": 0.0000000101437509046022,
  "Week_Fluctuation": 0.20912855141745543,
  "Updated": "2018-04-23T00:14:42.94632Z"
}
