{
  "Live": 0.000000000001185,
  "Minute": 0.00000000000108393690425065,
  "Minute_Fluctuation": 0.034607864104642123,
  "Minute_5": 0.00000000000106093866243908,
  "Minute_5_Fluctuation": 0.0072697739453130156,
  "Minute_10": 0.0000000000010588760002804,
  "Minute_10_Fluctuation": 0.01024239933102716,
  "Hour": 0.00000000000106911876095802,
  "Hour_Fluctuation": 0.037684889579085952,
  "Day": 0.00000000000107063752070993,
  "Day_Fluctuation": 0.033586209520571161,
  "Week": 0.0000000000010551919539507,
  "Week_Fluctuation": 0.20960776707027107,
  "Updated": "2018-04-23T03:19:58.9214458Z"
}
