{
  "Live": 0.000000000012116625,
  "Minute": 0.000000000012116625,
  "Minute_Fluctuation": 0.33568885415641436,
  "Minute_5": 0.000000000012116625,
  "Minute_5_Fluctuation": 0.38925710473460839,
  "Minute_10": 0.000000000012116625,
  "Minute_10_Fluctuation": 0.39540677771725979,
  "Hour": 0.0000000000187690670929872,
  "Hour_Fluctuation": 0.075195972523688079,
  "Day": 0.0000000000200892165381914,
  "Day_Fluctuation": 0.022882089322407883,
  "Week": 0.000000000020230359626271,
  "Week_Fluctuation": 0.21339034520563893,
  "Updated": "2018-04-23T00:03:53.0267384Z"
}
