{
  "Live": 0.000000014486338625,
  "Minute": 0.0000000130183022735132,
  "Minute_Fluctuation": 0.032573291795035521,
  "Minute_5": 0.000000012726813892234,
  "Minute_5_Fluctuation": 0.0066678009060540128,
  "Minute_10": 0.0000000126903778445741,
  "Minute_10_Fluctuation": 0.0033433011733597063,
  "Hour": 0.0000000126600144715242,
  "Hour_Fluctuation": 0.0032101921248246486,
  "Day": 0.0000000126616167755029,
  "Day_Fluctuation": 0.23412302608916916,
  "Week": 0.0000000126539779437869,
  "Week_Fluctuation": 0.45568210859673419,
  "Updated": "2018-04-26T17:09:41.8166522Z"
}
