{
  "Live": 0.00000000001273875,
  "Minute": 0.00000000001273875,
  "Minute_Fluctuation": 0.51053864168618279,
  "Minute_5": 0.00000000001273875,
  "Minute_5_Fluctuation": 0.51053864168618279,
  "Minute_10": 0.00000000001273875,
  "Minute_10_Fluctuation": 0.51053864168618279,
  "Hour": 0.00000000000947410251764141,
  "Hour_Fluctuation": 0.094466552315480262,
  "Day": 0.00000000000883465103730874,
  "Day_Fluctuation": 0.01777454762124113,
  "Week": 0.00000000000880684417858831,
  "Week_Fluctuation": 0.21206168970927075,
  "Updated": "2018-04-23T00:14:41.4230306Z"
}
