{
  "Live": 0.00000000000310075,
  "Minute": 0.00000000000310075,
  "Minute_Fluctuation": 0.22309633146737909,
  "Minute_5": 0.00000000000310075,
  "Minute_5_Fluctuation": 0.34133789713792972,
  "Minute_10": 0.00000000000310075,
  "Minute_10_Fluctuation": 0.35507864650448207,
  "Hour": 0.00000000000241985460774567,
  "Hour_Fluctuation": 0.082820576822684844,
  "Day": 0.00000000000223525444520423,
  "Day_Fluctuation": 0.04600217114190859,
  "Week": 0.00000000000225673079756118,
  "Week_Fluctuation": 0.22111101794870608,
  "Updated": "2018-04-23T00:03:52.6312129Z"
}
