{
  "Live": 0.000000000000207520937503714,
  "Minute": 0.000000000000207520937503714,
  "Minute_Fluctuation": 0.0,
  "Minute_5": 0.000000000000207520937503714,
  "Minute_5_Fluctuation": 0.0,
  "Minute_10": 0.000000000000207520937503714,
  "Minute_10_Fluctuation": 0.0,
  "Hour": 0.000000000000207520937503714,
  "Hour_Fluctuation": 0.0448964765824048,
  "Day": 0.000000000000207358813890837,
  "Day_Fluctuation": 0.016260317122231475,
  "Week": 0.000000000000207520937503714,
  "Week_Fluctuation": 0.22811891661752273,
  "Updated": "2018-04-22T11:00:28.6873854Z"
}
