{
  "Live": 0.000000000001106,
  "Minute": 0.000000000001106,
  "Minute_Fluctuation": 0.783517858089891,
  "Minute_5": 0.000000000001106,
  "Minute_5_Fluctuation": 0.79246880023275523,
  "Minute_10": 0.00000000000254185418432407,
  "Minute_10_Fluctuation": 0.67725981815124414,
  "Hour": 0.0000000000043563718533446,
  "Hour_Fluctuation": 0.38706889741833039,
  "Day": 0.00000000000532195372666705,
  "Day_Fluctuation": 0.48740042906352132,
  "Week": 0.00000000000538156927150476,
  "Week_Fluctuation": 0.49813511047542525,
  "Updated": "2018-04-28T01:28:06.7494752Z"
}
