{
  "Live": 0.000000000023512375,
  "Minute": 0.0000000000181609293384418,
  "Minute_Fluctuation": 0.0916788487505616,
  "Minute_5": 0.000000000017108483052091,
  "Minute_5_Fluctuation": 0.018913330222434119,
  "Minute_10": 0.0000000000169769272662972,
  "Minute_10_Fluctuation": 0.009492553752595969,
  "Hour": 0.0000000000168672974448023,
  "Hour_Fluctuation": 0.0017628298298165864,
  "Day": 0.0000000000168430571725322,
  "Day_Fluctuation": 0.23427171075404332,
  "Week": 0.0000000000168455019921956,
  "Week_Fluctuation": 0.4557123983015649,
  "Updated": "2018-04-26T17:09:41.6661875Z"
}
