{
  "Live": 0.00000000020692075,
  "Minute": 0.0000000751705281830526,
  "Minute_Fluctuation": 0.40786727715230109,
  "Minute_5": 0.0000000919192832962204,
  "Minute_5_Fluctuation": 0.082478417992894,
  "Minute_10": 0.0000000935627366690286,
  "Minute_10_Fluctuation": 0.055127622150548727,
  "Hour": 0.0000000886146149703278,
  "Hour_Fluctuation": 0.36094241075023153,
  "Day": 0.0000000880702056235504,
  "Day_Fluctuation": 0.1657004480405958,
  "Week": 0.0000000961043950959516,
  "Week_Fluctuation": 0.23663886939402068,
  "Updated": "2018-04-23T03:19:58.6121064Z"
}
