{
  "Live": 0.00000000000029625,
  "Minute": 0.00000000000234059055401625,
  "Minute_Fluctuation": 0.30667080291129256,
  "Minute_5": 0.00000000000274116225998854,
  "Minute_5_Fluctuation": 0.062847401636938832,
  "Minute_10": 0.00000000000279123372323507,
  "Minute_10_Fluctuation": 0.03149989133897127,
  "Hour": 0.00000000000283295994260719,
  "Hour_Fluctuation": 0.018629322924229551,
  "Day": 0.00000000000283138744713401,
  "Day_Fluctuation": 0.23912503102543392,
  "Week": 0.00000000000284125551241093,
  "Week_Fluctuation": 0.45643696829947211,
  "Updated": "2018-04-26T17:09:41.5986296Z"
}
