{
  "Live": 0.0000000000032785,
  "Minute": 0.00000000000319068646683165,
  "Minute_Fluctuation": 0.0072639481471166688,
  "Minute_5": 0.00000000000317419935151603,
  "Minute_5_Fluctuation": 0.0014815006432720129,
  "Minute_10": 0.00000000000317213846210158,
  "Minute_10_Fluctuation": 0.00074250419285799233,
  "Hour": 0.00000000000317042105425621,
  "Hour_Fluctuation": 0.0001818229790745938,
  "Day": 0.00000000000317077569131859,
  "Day_Fluctuation": 0.23404324234370269,
  "Week": 0.00000000000317007961722028,
  "Week_Fluctuation": 0.45569838534216456,
  "Updated": "2018-04-26T17:09:40.8396049Z"
}
