{
  "Live": 0.000000000000018004875,
  "Minute": 0.0000000000000195503807112797,
  "Minute_Fluctuation": 0.020098808701507726,
  "Minute_5": 0.0000000000000198389030475489,
  "Minute_5_Fluctuation": 0.0040927893852418656,
  "Minute_10": 0.0000000000000198749683395826,
  "Minute_10_Fluctuation": 0.002050839783829412,
  "Hour": 0.0000000000000199050227496106,
  "Hour_Fluctuation": 0.0024800276522675417,
  "Day": 0.0000000000000199122412684125,
  "Day_Fluctuation": 0.2339806503168205,
  "Week": 0.0000000000000199109978525566,
  "Week_Fluctuation": 0.45568876335521979,
  "Updated": "2018-04-26T17:09:40.7606161Z"
}
