{
  "Live": 0.00000000001001325,
  "Minute": 0.0000000000156853670566853,
  "Minute_Fluctuation": 0.12720445707777295,
  "Minute_5": 0.0000000000166150281244364,
  "Minute_5_Fluctuation": 0.02662412621420978,
  "Minute_10": 0.0000000000166646711489645,
  "Minute_10_Fluctuation": 0.019407797270534669,
  "Hour": 0.0000000000168183277287101,
  "Hour_Fluctuation": 0.0145463212036717,
  "Day": 0.0000000000168555498157245,
  "Day_Fluctuation": 0.15049308712604725,
  "Week": 0.0000000000168473281060235,
  "Week_Fluctuation": 0.43033013082869087,
  "Updated": "2018-04-27T02:43:33.2870503Z"
}
