{
  "Live": 0.000000000000079,
  "Minute": 0.000000000000079,
  "Minute_Fluctuation": 0.59019841987122257,
  "Minute_5": 0.000000000000079,
  "Minute_5_Fluctuation": 0.61380366084658844,
  "Minute_10": 0.000000000000079,
  "Minute_10_Fluctuation": 0.61639485747274658,
  "Hour": 0.000000000000183694496386039,
  "Hour_Fluctuation": 0.117794038091948,
  "Day": 0.000000000000206376273306623,
  "Day_Fluctuation": 0.013634871223385976,
  "Week": 0.000000000000207368382406209,
  "Week_Fluctuation": 0.21134179966257041,
  "Updated": "2018-04-23T00:03:51.8828512Z"
}
