{
  "Live": 0.00000000000000049375,
  "Minute": 0.0000000000000002967421421405,
  "Minute_Fluctuation": 0.49744426660395924,
  "Minute_5": 0.0000000000000002183143751632,
  "Minute_5_Fluctuation": 0.10437972286570318,
  "Minute_10": 0.0000000000000002081252624978,
  "Minute_10_Fluctuation": 0.15992334625724566,
  "Hour": 0.0000000000000002127409242561,
  "Hour_Fluctuation": 0.11877641540694125,
  "Day": 0.0000000000000002036713383197,
  "Day_Fluctuation": 0.036569894172807142,
  "Week": 0.0000000000000001987171590844,
  "Week_Fluctuation": 0.23290395724951166,
  "Updated": "2018-04-22T08:33:25.7882155Z"
}
