{
  "Live": 0.000000000001431875,
  "Minute": 0.000000000001431875,
  "Minute_Fluctuation": 0.35349173409109425,
  "Minute_5": 0.000000000001431875,
  "Minute_5_Fluctuation": 0.35724476265792288,
  "Minute_10": 0.000000000001431875,
  "Minute_10_Fluctuation": 0.35792373027789193,
  "Hour": 0.00000000000112243501077087,
  "Hour_Fluctuation": 0.067771886604820725,
  "Day": 0.00000000000106896643799904,
  "Day_Fluctuation": 0.031383286327611136,
  "Week": 0.00000000000105465254085826,
  "Week_Fluctuation": 0.212904235310999,
  "Updated": "2018-04-23T00:03:52.0675836Z"
}
