{
  "Live": 0.000000000144540375,
  "Minute": 0.00000000013601343747881,
  "Minute_Fluctuation": 0.15230700880255596,
  "Minute_5": 0.00000000013288016804454,
  "Minute_5_Fluctuation": 0.17365874158051933,
  "Minute_10": 0.000000000126096498678305,
  "Minute_10_Fluctuation": 0.13014972654831972,
  "Hour": 0.000000000125996977764688,
  "Hour_Fluctuation": 0.098158844587840077,
  "Day": 0.000000000133515697926858,
  "Day_Fluctuation": 0.026792760216865007,
  "Week": 0.00000000013209723923625,
  "Week_Fluctuation": 0.23273624492888365,
  "Updated": "2018-04-22T08:33:24.6019469Z"
}
