{
  "Live": 0.000000000038680375,
  "Minute": 0.0000000000354806788676575,
  "Minute_Fluctuation": 0.042222591984049519,
  "Minute_5": 0.0000000000349524719322201,
  "Minute_5_Fluctuation": 0.00909137966573749,
  "Minute_10": 0.0000000000348270753540489,
  "Minute_10_Fluctuation": 0.0077745758431832217,
  "Hour": 0.0000000000349460212904269,
  "Hour_Fluctuation": 0.012528229653404051,
  "Day": 0.0000000000348620113491738,
  "Day_Fluctuation": 0.15023634260256458,
  "Week": 0.0000000000348204857002128,
  "Week_Fluctuation": 0.4302665353018959,
  "Updated": "2018-04-27T02:43:33.3652113Z"
}
