{
  "Live": 0.00000000000480906321666795,
  "Minute": 0.00000000000480153520906832,
  "Minute_Fluctuation": 0.0098139105004696123,
  "Minute_5": 0.0000000000048262977448417,
  "Minute_5_Fluctuation": 0.013140898277620593,
  "Minute_10": 0.0000000000048214364052041,
  "Minute_10_Fluctuation": 0.0078115274432252859,
  "Hour": 0.00000000000481175266363908,
  "Hour_Fluctuation": 0.0029026459553655975,
  "Day": 0.00000000000480916471407998,
  "Day_Fluctuation": 0.00014615076227079437,
  "Week": 0.00000000000480906321666795,
  "Week_Fluctuation": 0.3829747848446049,
  "Updated": "2018-04-24T23:41:52.7155912Z"
}
