{
  "Live": 0.00000000000037525,
  "Minute": 0.00000000000037525,
  "Minute_Fluctuation": 0.28642759388250211,
  "Minute_5": 0.00000000000037525,
  "Minute_5_Fluctuation": 0.20752263272504576,
  "Minute_10": 0.00000000000037525,
  "Minute_10_Fluctuation": 0.19881731384871776,
  "Hour": 0.000000000000325047782935295,
  "Hour_Fluctuation": 0.039814487440616005,
  "Day": 0.000000000000314508400113574,
  "Day_Fluctuation": 0.017584849168443412,
  "Week": 0.000000000000315585913074745,
  "Week_Fluctuation": 0.21070416951931656,
  "Updated": "2018-04-23T00:03:52.8277794Z"
}
