{
  "Live": 0.000000000000118408364821653,
  "Minute": 0.000000000000118408364821653,
  "Minute_Fluctuation": 0.0,
  "Minute_5": 0.000000000000118408364821653,
  "Minute_5_Fluctuation": 0.0,
  "Minute_10": 0.000000000000118408364821653,
  "Minute_10_Fluctuation": 0.0,
  "Hour": 0.000000000000118409971728254,
  "Hour_Fluctuation": 9.4614803929547809E-05,
  "Day": 0.000000000000118675442676254,
  "Day_Fluctuation": 0.0106411146971807,
  "Week": 0.000000000000118408364821653,
  "Week_Fluctuation": 0.20448562666987066,
  "Updated": "2018-04-23T04:56:29.1126926Z"
}
