{
  "Live": 0.000000000000187631437909521,
  "Minute": 0.000000000000187631437909521,
  "Minute_Fluctuation": 1.1539108052527037E-05,
  "Minute_5": 0.000000000000187631437909521,
  "Minute_5_Fluctuation": 0.016712967104029846,
  "Minute_10": 0.000000000000187631437909521,
  "Minute_10_Fluctuation": 0.012937697359551598,
  "Hour": 0.000000000000187631437909521,
  "Hour_Fluctuation": 0.0029971226392168098,
  "Day": 0.000000000000187631437909521,
  "Day_Fluctuation": 0.00018489025969858048,
  "Week": 0.000000000000187631437909521,
  "Week_Fluctuation": 0.38296415492896785,
  "Updated": "2018-04-24T23:41:52.6652838Z"
}
