{
  "Live": 0.00000000000013825,
  "Minute": 0.000000000000185446134489701,
  "Minute_Fluctuation": 0.34026254771378384,
  "Minute_5": 0.000000000000203107729043228,
  "Minute_5_Fluctuation": 0.34267750275387066,
  "Minute_10": 0.000000000000205315428362419,
  "Minute_10_Fluctuation": 0.34297937213388152,
  "Hour": 0.000000000000220303445226057,
  "Hour_Fluctuation": 0.12823792141805845,
  "Day": 0.000000000000207340548934203,
  "Day_Fluctuation": 0.017995046002504261,
  "Week": 0.000000000000207520937503714,
  "Week_Fluctuation": 0.23149216637753742,
  "Updated": "2018-04-22T08:33:24.8980616Z"
}
