{
  "Live": 0.000000000180031125,
  "Minute": 0.000000000180031125,
  "Minute_Fluctuation": 0.99765439318116733,
  "Minute_5": 0.000000000180031125,
  "Minute_5_Fluctuation": 0.99791780683839282,
  "Minute_10": 0.0000000298136639598239,
  "Minute_10_Fluctuation": 2.6018574037866578,
  "Hour": 0.0000000581789620895637,
  "Hour_Fluctuation": 0.66588180197689706,
  "Day": 0.0000000870787366453245,
  "Day_Fluctuation": 0.5032332178076685,
  "Week": 0.0000000888303030642308,
  "Week_Fluctuation": 0.50044562737221987,
  "Updated": "2018-04-28T01:28:05.7917981Z"
}
