{
  "Live": 0.00000000001321275,
  "Minute": 0.00000000000977648649311174,
  "Minute_Fluctuation": 0.16932224811113927,
  "Minute_5": 0.00000000000899855661707014,
  "Minute_5_Fluctuation": 0.037452691898116161,
  "Minute_10": 0.00000000000891079832634712,
  "Minute_10_Fluctuation": 0.018878909814964116,
  "Hour": 0.00000000000879509428654722,
  "Hour_Fluctuation": 0.027340043316676318,
  "Day": 0.00000000000881396942020293,
  "Day_Fluctuation": 0.021013302402161312,
  "Week": 0.00000000000880417061753842,
  "Week_Fluctuation": 0.20900237207836553,
  "Updated": "2018-04-23T03:19:58.8170018Z"
}
