{
  "Live": 0.000000000000049375,
  "Minute": 0.000000000000049375,
  "Minute_Fluctuation": 0.28442768921073391,
  "Minute_5": 0.000000000000049375,
  "Minute_5_Fluctuation": 0.28442768921073391,
  "Minute_10": 0.000000000000049375,
  "Minute_10_Fluctuation": 0.28442768921073391,
  "Hour": 0.0000000000000618980807810138,
  "Hour_Fluctuation": 0.10293564156170779,
  "Day": 0.0000000000000683159396858831,
  "Day_Fluctuation": 0.01845036733289887,
  "Week": 0.0000000000000689584359169248,
  "Week_Fluctuation": 0.24681573213922994,
  "Updated": "2018-04-23T00:14:41.2016374Z"
}
