{
  "Live": 0.00000000000878875,
  "Minute": 0.0000000000082200728061098,
  "Minute_Fluctuation": 0.096230485642793268,
  "Minute_5": 0.00000000000801909608131754,
  "Minute_5_Fluctuation": 0.093877697743483868,
  "Minute_10": 0.00000000000825476632234519,
  "Minute_10_Fluctuation": 0.06352294178037278,
  "Hour": 0.000000000008285098901276,
  "Hour_Fluctuation": 0.093952748617816675,
  "Day": 0.00000000000811085300619674,
  "Day_Fluctuation": 0.021722018961347213,
  "Week": 0.0000000000079688768228284,
  "Week_Fluctuation": 0.23181942415460538,
  "Updated": "2018-04-22T08:33:24.0265375Z"
}
