{
  "Live": 0.000000000140491625,
  "Minute": 0.000000000133896322000964,
  "Minute_Fluctuation": 0.05001260273826745,
  "Minute_5": 0.00000000013241308170606,
  "Minute_5_Fluctuation": 0.01195417645447763,
  "Minute_10": 0.000000000132382671431526,
  "Minute_10_Fluctuation": 0.0095172331793298062,
  "Hour": 0.000000000131868070391626,
  "Hour_Fluctuation": 0.026031207423694861,
  "Day": 0.000000000132307109327714,
  "Day_Fluctuation": 0.021204884184468781,
  "Week": 0.000000000132042455565902,
  "Week_Fluctuation": 0.20864741265394113,
  "Updated": "2018-04-23T03:19:58.714117Z"
}
