{
  "Live": 0.000000000000158,
  "Minute": 0.000000000000257725584490942,
  "Minute_Fluctuation": 0.35126760382985067,
  "Minute_5": 0.000000000000295846701764112,
  "Minute_5_Fluctuation": 0.30106189572767145,
  "Minute_10": 0.000000000000278798706717244,
  "Minute_10_Fluctuation": 0.26521691297977562,
  "Hour": 0.000000000000286069830940007,
  "Hour_Fluctuation": 0.07429360291729141,
  "Day": 0.000000000000303585549002708,
  "Day_Fluctuation": 0.027189611095593536,
  "Week": 0.000000000000305372253761314,
  "Week_Fluctuation": 0.23313731682602865,
  "Updated": "2018-04-22T08:33:25.2058494Z"
}
