{
  "Live": 0.000000000000207368382406209,
  "Minute": 0.000000000000207368382406209,
  "Minute_Fluctuation": 0.0,
  "Minute_5": 0.000000000000207368382406209,
  "Minute_5_Fluctuation": 0.0,
  "Minute_10": 0.000000000000207368382406209,
  "Minute_10_Fluctuation": 0.0,
  "Hour": 0.000000000000207014559070886,
  "Hour_Fluctuation": 0.012056112635078237,
  "Day": 0.000000000000206503370401276,
  "Day_Fluctuation": 0.01246704153073218,
  "Week": 0.000000000000207368382406209,
  "Week_Fluctuation": 0.2072698230836553,
  "Updated": "2018-04-23T03:19:45.6177679Z"
}
