{
  "Live": 0.000000000023068,
  "Minute": 0.0000000000211935761248627,
  "Minute_Fluctuation": 0.12022196909622265,
  "Minute_5": 0.0000000000204305909897479,
  "Minute_5_Fluctuation": 0.11228037526529192,
  "Minute_10": 0.000000000019692175518937,
  "Minute_10_Fluctuation": 0.22310768778930459,
  "Hour": 0.0000000000190719065934041,
  "Hour_Fluctuation": 0.08722443443700649,
  "Day": 0.0000000000200503867540363,
  "Day_Fluctuation": 0.033402645523330443,
  "Week": 0.0000000000202399393221814,
  "Week_Fluctuation": 0.2339878324341492,
  "Updated": "2018-04-22T08:33:26.1149368Z"
}
