{
  "Live": 0.00000000000314025,
  "Minute": 0.00000000000316587907718458,
  "Minute_Fluctuation": 0.013896719551622121,
  "Minute_5": 0.00000000000316978984434616,
  "Minute_5_Fluctuation": 0.0031891743785228276,
  "Minute_10": 0.00000000000317313650206211,
  "Minute_10_Fluctuation": 0.0045918003508768441,
  "Hour": 0.00000000000320153542976429,
  "Hour_Fluctuation": 0.021322491338331456,
  "Day": 0.0000000000031751043424329,
  "Day_Fluctuation": 0.15039308496871459,
  "Week": 0.00000000000317076705117038,
  "Week_Fluctuation": 0.43031569921528989,
  "Updated": "2018-04-27T02:43:32.4598473Z"
}
