{
  "Live": 0.000000000003959875,
  "Minute": 0.000000000003959875,
  "Minute_Fluctuation": 0.17827868852459008,
  "Minute_5": 0.000000000003959875,
  "Minute_5_Fluctuation": 0.17827868852459008,
  "Minute_10": 0.000000000003959875,
  "Minute_10_Fluctuation": 0.17827868852459008,
  "Hour": 0.00000000000435633239401403,
  "Hour_Fluctuation": 0.050787619670179751,
  "Day": 0.00000000000438704244679348,
  "Day_Fluctuation": 0.057174869960906059,
  "Week": 0.00000000000431682598651159,
  "Week_Fluctuation": 0.22269200495891514,
  "Updated": "2018-04-23T00:14:41.9885295Z"
}
