{
  "Live": 0.0000000000000001975,
  "Minute": 0.0000000000000001975,
  "Minute_Fluctuation": 0.000644692246566966,
  "Minute_5": 0.0000000000000001975,
  "Minute_5_Fluctuation": 0.00073151969024264107,
  "Minute_10": 0.0000000000000001975494991104,
  "Minute_10_Fluctuation": 0.020706284044296187,
  "Hour": 0.0000000000000002067392717443,
  "Hour_Fluctuation": 0.183326610474786,
  "Day": 0.0000000000000001985045215391,
  "Day_Fluctuation": 0.47467140382054546,
  "Week": 0.0000000000000001976487739179,
  "Week_Fluctuation": 0.49627832971694497,
  "Updated": "2018-04-28T01:28:07.1587354Z"
}
