{
  "Live": 0.000000000003189625,
  "Minute": 0.000000000003189625,
  "Minute_Fluctuation": 0.17177449702622344,
  "Minute_5": 0.000000000003189625,
  "Minute_5_Fluctuation": 0.1802153886630998,
  "Minute_10": 0.00000000000342887936458251,
  "Minute_10_Fluctuation": 0.14108402859999278,
  "Hour": 0.00000000000380801014686099,
  "Hour_Fluctuation": 0.16872979840983168,
  "Day": 0.00000000000389788301161866,
  "Day_Fluctuation": 0.47469829234063632,
  "Week": 0.00000000000390025056559835,
  "Week_Fluctuation": 0.49629400695148029,
  "Updated": "2018-04-28T01:28:05.6310528Z"
}
