{
  "Live": 0.000000000008798625,
  "Minute": 0.00000000000822808511272046,
  "Minute_Fluctuation": 0.055936065504486432,
  "Minute_5": 0.00000000000802074077549565,
  "Minute_5_Fluctuation": 0.013065060348921582,
  "Minute_10": 0.00000000000799482273334255,
  "Minute_10_Fluctuation": 0.0066520379117605,
  "Hour": 0.00000000000797683692323489,
  "Hour_Fluctuation": 0.030557296911527254,
  "Day": 0.00000000000809682244080902,
  "Day_Fluctuation": 0.021309581434715487,
  "Week": 0.00000000000796893040353286,
  "Week_Fluctuation": 0.22844079239589601,
  "Updated": "2018-04-22T11:00:47.249006Z"
}
