{
  "Live": 0.000000000000977625,
  "Minute": 0.00000000000107310956072871,
  "Minute_Fluctuation": 0.052857285861163644,
  "Minute_5": 0.00000000000109137190484569,
  "Minute_5_Fluctuation": 0.012043675973787237,
  "Minute_10": 0.00000000000109365469786032,
  "Minute_10_Fluctuation": 0.0061154226716433838,
  "Hour": 0.0000000000010955570253725,
  "Hour_Fluctuation": 0.00082522431928781542,
  "Day": 0.0000000000010953556774505,
  "Day_Fluctuation": 0.23434138395144824,
  "Week": 0.00000000000109593522619933,
  "Week_Fluctuation": 0.45571886956358476,
  "Updated": "2018-04-26T17:09:41.2165307Z"
}
