{
  "Live": 0.00000001018240875,
  "Minute": 0.0000000101615122799335,
  "Minute_Fluctuation": 0.007057591604723217,
  "Minute_5": 0.0000000101528177595077,
  "Minute_5_Fluctuation": 0.0086920509979395953,
  "Minute_10": 0.000000010122390570217,
  "Minute_10_Fluctuation": 0.029530135216906069,
  "Hour": 0.00000000999372310887366,
  "Hour_Fluctuation": 0.037210619153772773,
  "Day": 0.0000000101288775425652,
  "Day_Fluctuation": 0.014058181260416211,
  "Week": 0.0000000101506452075907,
  "Week_Fluctuation": 0.22931068636419402,
  "Updated": "2018-04-22T08:33:26.4399667Z"
}
