{
  "Live": 0.000000000000129812092088598,
  "Minute": 0.000000000000129812092088598,
  "Minute_Fluctuation": 0.0,
  "Minute_5": 0.000000000000129812092088598,
  "Minute_5_Fluctuation": 0.0,
  "Minute_10": 0.000000000000129812092088598,
  "Minute_10_Fluctuation": 0.0,
  "Hour": 0.000000000000129811743550951,
  "Hour_Fluctuation": 2.4695388661641187E-05,
  "Day": 0.000000000000131239110552447,
  "Day_Fluctuation": 0.03207938565730506,
  "Week": 0.000000000000129812092088598,
  "Week_Fluctuation": 0.2111917611553934,
  "Updated": "2018-04-23T03:19:45.5991601Z"
}
