{
  "Live": 0.0000000000000224238,
  "Minute": 0.0000000000000203092189484326,
  "Minute_Fluctuation": 0.1294896789583446,
  "Minute_5": 0.0000000000000199893130264592,
  "Minute_5_Fluctuation": 0.032123695954192011,
  "Minute_10": 0.0000000000000201628311528032,
  "Minute_10_Fluctuation": 0.038270356913850133,
  "Hour": 0.0000000000000199137327159841,
  "Hour_Fluctuation": 0.02467905654931166,
  "Day": 0.0000000000000199010867783902,
  "Day_Fluctuation": 0.15038001494205117,
  "Week": 0.0000000000000199093762168392,
  "Week_Fluctuation": 0.43032016649926225,
  "Updated": "2018-04-27T02:43:32.3750205Z"
}
