{
  "Live": 0.000000000000167807505612227,
  "Minute": 0.000000000000167807505612227,
  "Minute_Fluctuation": 0.012246433392671979,
  "Minute_5": 0.000000000000167807505612227,
  "Minute_5_Fluctuation": 0.10959448106359421,
  "Minute_10": 0.000000000000167807505612227,
  "Minute_10_Fluctuation": 0.21565830411991663,
  "Hour": 0.000000000000161297494212679,
  "Hour_Fluctuation": 0.16621694114217947,
  "Day": 0.000000000000167410234238076,
  "Day_Fluctuation": 0.474398742238547,
  "Week": 0.000000000000167807505612227,
  "Week_Fluctuation": 0.496258509869521,
  "Updated": "2018-04-28T01:21:20.8035703Z"
}
