{
  "Live": 0.00000000002529975,
  "Minute": 0.00000000002529975,
  "Minute_Fluctuation": 0.53435114503816794,
  "Minute_5": 0.00000000002529975,
  "Minute_5_Fluctuation": 0.53435114503816794,
  "Minute_10": 0.00000000002529975,
  "Minute_10_Fluctuation": 0.53435114503816794,
  "Hour": 0.000000000033654862450066,
  "Hour_Fluctuation": 0.1672759606357421,
  "Day": 0.0000000000314797228727999,
  "Day_Fluctuation": 0.03330534368993418,
  "Week": 0.000000000031075007793205,
  "Week_Fluctuation": 0.21381601875280962,
  "Updated": "2018-04-23T00:14:42.7586589Z"
}
