{
  "Live": 0.000000000000157984000195411,
  "Minute": 0.000000000000157984000195411,
  "Minute_Fluctuation": 0.0,
  "Minute_5": 0.000000000000157984000195411,
  "Minute_5_Fluctuation": 0.0,
  "Minute_10": 0.000000000000157984000195411,
  "Minute_10_Fluctuation": 0.00034472422185249989,
  "Hour": 0.000000000000157796205021083,
  "Hour_Fluctuation": 0.0032905645197636143,
  "Day": 0.000000000000157920263633643,
  "Day_Fluctuation": 0.2616090024042349,
  "Week": 0.000000000000157984000195411,
  "Week_Fluctuation": 0.45915521559830086,
  "Updated": "2018-04-27T02:43:22.9502365Z"
}
