{
  "Live": 0.00000000005433225,
  "Minute": 0.00000000005433225,
  "Minute_Fluctuation": 0.23265811166957195,
  "Minute_5": 0.00000000005433225,
  "Minute_5_Fluctuation": 0.61415792468611963,
  "Minute_10": 0.00000000005433225,
  "Minute_10_Fluctuation": 0.6767376856263172,
  "Hour": 0.000000000035494238861485,
  "Hour_Fluctuation": 0.14087133549118724,
  "Day": 0.0000000000315265349358568,
  "Day_Fluctuation": 0.0320615311793363,
  "Week": 0.0000000000310812169685449,
  "Week_Fluctuation": 0.21384591222309293,
  "Updated": "2018-04-23T00:03:53.2160314Z"
}
