{
  "Live": 0.0000000000000789988817265913,
  "Minute": 0.0000000000000789988817265913,
  "Minute_Fluctuation": 0.0,
  "Minute_5": 0.0000000000000789988817265913,
  "Minute_5_Fluctuation": 0.0,
  "Minute_10": 0.0000000000000789988817265913,
  "Minute_10_Fluctuation": 2.7428118110451633E-09,
  "Hour": 0.0000000000000789951304057428,
  "Hour_Fluctuation": 0.00014386390838676356,
  "Day": 0.0000000000000789945675142303,
  "Day_Fluctuation": 0.14961421389793952,
  "Week": 0.0000000000000789988817265913,
  "Week_Fluctuation": 0.43052326573665595,
  "Updated": "2018-04-27T02:43:22.9179335Z"
}
