{
  "Live": 0.000000000005915125,
  "Minute": 0.0000000000078248993700847,
  "Minute_Fluctuation": 0.09186092345418119,
  "Minute_5": 0.00000000000812381918824326,
  "Minute_5_Fluctuation": 0.019363113895396571,
  "Minute_10": 0.00000000000813761702080776,
  "Minute_10_Fluctuation": 0.013893177421093014,
  "Hour": 0.00000000000820505593750428,
  "Hour_Fluctuation": 0.011234685006933035,
  "Day": 0.00000000000820325778654301,
  "Day_Fluctuation": 0.15078447108512161,
  "Week": 0.00000000000819851207435307,
  "Week_Fluctuation": 0.4303834219113355,
  "Updated": "2018-04-27T02:43:32.7519788Z"
}
