{
  "Live": 0.0000000000002765,
  "Minute": 0.0000000000002765,
  "Minute_Fluctuation": 0.91344857165445781,
  "Minute_5": 0.0000000000002765,
  "Minute_5_Fluctuation": 0.92248139979321953,
  "Minute_10": 0.00000000000140154732973093,
  "Minute_10_Fluctuation": 1.7647682544835148,
  "Hour": 0.00000000000229122616367623,
  "Hour_Fluctuation": 0.66000875217003085,
  "Day": 0.00000000000356547520126019,
  "Day_Fluctuation": 0.49911196162288923,
  "Week": 0.00000000000365767818739844,
  "Week_Fluctuation": 0.49982295542076977,
  "Updated": "2018-04-28T01:28:07.3555074Z"
}
