{
  "Live": 0.00000000000709025,
  "Minute": 0.00000000000494376627126066,
  "Minute_Fluctuation": 0.14367218485419112,
  "Minute_5": 0.00000000000444692340946384,
  "Minute_5_Fluctuation": 0.028734436970838221,
  "Minute_10": 0.00000000000438576968405317,
  "Minute_10_Fluctuation": 0.017007511116235378,
  "Hour": 0.00000000000439780758875955,
  "Hour_Fluctuation": 0.07009419465187175,
  "Day": 0.00000000000441663826982666,
  "Day_Fluctuation": 0.0718977113336874,
  "Week": 0.00000000000432277430647269,
  "Week_Fluctuation": 0.2217914910630423,
  "Updated": "2018-04-23T03:19:59.1334133Z"
}
