{
  "Live": 0.000000000000079,
  "Minute": 0.000000000000142785078424929,
  "Minute_Fluctuation": 0.12929961822021183,
  "Minute_5": 0.000000000000154948117500072,
  "Minute_5_Fluctuation": 0.026868173058166991,
  "Minute_10": 0.000000000000156468497384465,
  "Minute_10_Fluctuation": 0.01349309889609591,
  "Hour": 0.000000000000157735480621459,
  "Hour_Fluctuation": 0.0066376064414350473,
  "Day": 0.000000000000157917428361943,
  "Day_Fluctuation": 0.41101209247657228,
  "Week": 0.000000000000157987368955481,
  "Week_Fluctuation": 0.48645081671980461,
  "Updated": "2018-04-26T17:09:41.1438277Z"
}
