{
  "Live": 0.0000000000000001987126951261,
  "Minute": 0.0000000000000001987126951261,
  "Minute_Fluctuation": 0.0,
  "Minute_5": 0.0000000000000001987126951261,
  "Minute_5_Fluctuation": 0.00014710860712194456,
  "Minute_10": 0.0000000000000001987117794912,
  "Minute_10_Fluctuation": 0.00015953851692588429,
  "Hour": 0.000000000000000198704261644,
  "Hour_Fluctuation": 0.00029703915421588412,
  "Day": 0.0000000000000002009471483371,
  "Day_Fluctuation": 0.027836541429151422,
  "Week": 0.0000000000000001987126951261,
  "Week_Fluctuation": 0.21214230704014453,
  "Updated": "2018-04-22T23:52:58.4838259Z"
}
