{
  "Live": 0.000000000000325884787722362,
  "Minute": 0.000000000000328638565530186,
  "Minute_Fluctuation": 0.035389056766583084,
  "Minute_5": 0.000000000000328653961664805,
  "Minute_5_Fluctuation": 0.026533512453241037,
  "Minute_10": 0.000000000000327473987216351,
  "Minute_10_Fluctuation": 0.01762279057632089,
  "Hour": 0.000000000000326179104960085,
  "Hour_Fluctuation": 0.0029116591544764035,
  "Day": 0.000000000000325895583225619,
  "Day_Fluctuation": 0.00017606318691917839,
  "Week": 0.000000000000325884787722362,
  "Week_Fluctuation": 0.38298397714001253,
  "Updated": "2018-04-24T23:41:52.6983691Z"
}
