{
  "Live": 0.000000000000286375,
  "Minute": 0.000000000000286375,
  "Minute_Fluctuation": 0.38095238095238076,
  "Minute_5": 0.000000000000286375,
  "Minute_5_Fluctuation": 0.38095238095238076,
  "Minute_10": 0.000000000000286375,
  "Minute_10_Fluctuation": 0.38095238095238076,
  "Hour": 0.000000000000288438272239051,
  "Hour_Fluctuation": 0.054604768516823013,
  "Day": 0.000000000000303812938108848,
  "Day_Fluctuation": 0.018311869505125235,
  "Week": 0.000000000000305262567465668,
  "Week_Fluctuation": 0.21239740325281545,
  "Updated": "2018-04-23T00:14:41.7996456Z"
}
