{
  "Live": 0.00000000000132325,
  "Minute": 0.000000000001107246531693,
  "Minute_Fluctuation": 0.099499245986471668,
  "Minute_5": 0.00000000000106565357864054,
  "Minute_5_Fluctuation": 0.022431748433021995,
  "Minute_10": 0.00000000000106057609293965,
  "Minute_10_Fluctuation": 0.011707114905291287,
  "Hour": 0.00000000000106171611863013,
  "Hour_Fluctuation": 0.018290859349959183,
  "Day": 0.00000000000107009201555784,
  "Day_Fluctuation": 0.032797370855372918,
  "Week": 0.0000000000010552604982337,
  "Week_Fluctuation": 0.20768140674440819,
  "Updated": "2018-04-23T04:56:40.8519259Z"
}
