{
  "Live": 0.000000000143335625,
  "Minute": 0.000000000135798576282442,
  "Minute_Fluctuation": 0.028019791084148118,
  "Minute_5": 0.000000000132837506645488,
  "Minute_5_Fluctuation": 0.0056039582168296229,
  "Minute_10": 0.000000000132467372940869,
  "Minute_10_Fluctuation": 0.0028019791084148114,
  "Hour": 0.00000000013215892818702,
  "Hour_Fluctuation": 0.037724661682188548,
  "Day": 0.000000000133374349115676,
  "Day_Fluctuation": 0.025157706251539579,
  "Week": 0.000000000132097606432386,
  "Week_Fluctuation": 0.22934006226875081,
  "Updated": "2018-04-22T11:00:48.3882548Z"
}
