{
  "Live": 0.00000000013653175,
  "Minute": 0.000000000132909506692715,
  "Minute_Fluctuation": 0.022214715744071887,
  "Minute_5": 0.000000000132218882623064,
  "Minute_5_Fluctuation": 0.0051803387432250237,
  "Minute_10": 0.00000000013214040729752,
  "Minute_10_Fluctuation": 0.0042888075223553278,
  "Hour": 0.000000000132345580406945,
  "Hour_Fluctuation": 0.0079914565645000449,
  "Day": 0.000000000132316137321071,
  "Day_Fluctuation": 0.020187479473725459,
  "Week": 0.000000000132046312248517,
  "Week_Fluctuation": 0.20668924333176125,
  "Updated": "2018-04-23T04:56:40.6760522Z"
}
