{
  "Live": 0.000000000127950375,
  "Minute": 0.000000000148961253948572,
  "Minute_Fluctuation": 0.055056249882197886,
  "Minute_5": 0.000000000152234278367682,
  "Minute_5_Fluctuation": 0.012073267643349209,
  "Minute_10": 0.000000000152928106643272,
  "Minute_10_Fluctuation": 0.0092902225335936839,
  "Hour": 0.000000000152933592626602,
  "Hour_Fluctuation": 0.008629094310265319,
  "Day": 0.000000000152976470130919,
  "Day_Fluctuation": 0.14999865438180515,
  "Week": 0.000000000153052128591456,
  "Week_Fluctuation": 0.43023560323708948,
  "Updated": "2018-04-27T02:43:32.6796308Z"
}
