{
  "Live": 0.00000000013586025,
  "Minute": 0.00000000013586025,
  "Minute_Fluctuation": 0.61251758087201147,
  "Minute_5": 0.00000000013586025,
  "Minute_5_Fluctuation": 0.61251758087201147,
  "Minute_10": 0.00000000013586025,
  "Minute_10_Fluctuation": 0.61251758087201147,
  "Hour": 0.000000000126076689632139,
  "Hour_Fluctuation": 0.0734187351609478,
  "Day": 0.00000000013242127792448,
  "Day_Fluctuation": 0.020110119647998685,
  "Week": 0.000000000132052752283711,
  "Week_Fluctuation": 0.21199359343401977,
  "Updated": "2018-04-23T00:14:41.0068357Z"
}
