{
  "Live": 0.000000000000187627911946348,
  "Minute": 0.000000000000187627911946348,
  "Minute_Fluctuation": 0.0,
  "Minute_5": 0.000000000000187627911946348,
  "Minute_5_Fluctuation": 0.0,
  "Minute_10": 0.000000000000187627911946348,
  "Minute_10_Fluctuation": 0.0,
  "Hour": 0.000000000000187627911946348,
  "Hour_Fluctuation": 0.00097547219420319878,
  "Day": 0.00000000000018764397506261,
  "Day_Fluctuation": 0.23928033220707479,
  "Week": 0.000000000000187627911946348,
  "Week_Fluctuation": 0.45720917991312793,
  "Updated": "2018-04-26T17:09:29.6194544Z"
}
