{
  "Live": 0.00000000000903564597872903,
  "Minute": 0.00000000000916037712593728,
  "Minute_Fluctuation": 0.056923855545741892,
  "Minute_5": 0.00000000000916128058338173,
  "Minute_5_Fluctuation": 0.02032439984156173,
  "Minute_10": 0.00000000000910772009917425,
  "Minute_10_Fluctuation": 0.011202460961927138,
  "Hour": 0.0000000000090489894559746,
  "Hour_Fluctuation": 0.0029989204365686866,
  "Day": 0.00000000000903613538155019,
  "Day_Fluctuation": 0.00012018991291032189,
  "Week": 0.00000000000903564597872903,
  "Week_Fluctuation": 0.38296248389358184,
  "Updated": "2018-04-24T23:41:52.632728Z"
}
