{
  "Live": 0.000000000015019875,
  "Minute": 0.000000000015019875,
  "Minute_Fluctuation": 0.21740344845349208,
  "Minute_5": 0.000000000015019875,
  "Minute_5_Fluctuation": 0.23998279803774547,
  "Minute_10": 0.000000000016642114526946,
  "Minute_10_Fluctuation": 0.18974943751882117,
  "Hour": 0.0000000000185373396687453,
  "Hour_Fluctuation": 0.17652323891606303,
  "Day": 0.0000000000198083444180628,
  "Day_Fluctuation": 0.4749233255496611,
  "Week": 0.0000000000199018086464279,
  "Week_Fluctuation": 0.49632982942522474,
  "Updated": "2018-04-28T01:28:07.5307841Z"
}
