{
  "Live": 0.00000000002770925,
  "Minute": 0.0000000000298449138621641,
  "Minute_Fluctuation": 0.086274198984274589,
  "Minute_5": 0.0000000000308120143911141,
  "Minute_5_Fluctuation": 0.02240455466297249,
  "Minute_10": 0.0000000000309329019572329,
  "Minute_10_Fluctuation": 0.01154360337238583,
  "Hour": 0.0000000000310656402989825,
  "Hour_Fluctuation": 0.02636421642285311,
  "Day": 0.0000000000316132148862233,
  "Day_Fluctuation": 0.035926870789819695,
  "Week": 0.0000000000310536695952106,
  "Week_Fluctuation": 0.23065519805672058,
  "Updated": "2018-04-22T11:00:50.4987537Z"
}
