{
  "Live": 0.000000000004433875,
  "Minute": 0.000000000004433875,
  "Minute_Fluctuation": 0.42886258336228861,
  "Minute_5": 0.000000000004433875,
  "Minute_5_Fluctuation": 0.36639163873255665,
  "Minute_10": 0.000000000004433875,
  "Minute_10_Fluctuation": 0.35953984679798967,
  "Hour": 0.00000000000348179740859345,
  "Hour_Fluctuation": 0.069504859330281027,
  "Day": 0.00000000000328894292904903,
  "Day_Fluctuation": 0.01745767898472687,
  "Week": 0.00000000000328161358120369,
  "Week_Fluctuation": 0.21262241865687714,
  "Updated": "2018-04-23T00:03:51.0839386Z"
}
