{
  "Live": 0.000000003878426,
  "Minute": 0.0000000677223217735496,
  "Minute_Fluctuation": 13.363089330425945,
  "Minute_5": 0.0000000909710640280978,
  "Minute_5_Fluctuation": 17.879698601767789,
  "Minute_10": 0.0000000645884134070777,
  "Minute_10_Fluctuation": 12.440731130346197,
  "Hour": 0.0000000601130642863457,
  "Hour_Fluctuation": 2.5020513669052606,
  "Day": 0.0000000855620446047593,
  "Day_Fluctuation": 0.15780116395120822,
  "Week": 0.0000000967803665631814,
  "Week_Fluctuation": 0.25749072386647054,
  "Updated": "2018-04-22T08:33:24.4558778Z"
}
