{
  "Live": 0.000000000000227125,
  "Minute": 0.000000000000227125,
  "Minute_Fluctuation": 0.39473684210526322,
  "Minute_5": 0.000000000000227125,
  "Minute_5_Fluctuation": 0.39473684210526322,
  "Minute_10": 0.000000000000227125,
  "Minute_10_Fluctuation": 0.39473684210526322,
  "Hour": 0.000000000000307379006689643,
  "Hour_Fluctuation": 0.086988001811959842,
  "Day": 0.000000000000313851437854677,
  "Day_Fluctuation": 0.019541497894946521,
  "Week": 0.000000000000315490904050144,
  "Week_Fluctuation": 0.21077892444254903,
  "Updated": "2018-04-23T00:14:42.3966803Z"
}
