{
  "Live": 0.0000000000000001975033080958,
  "Minute": 0.0000000000000002031089048206,
  "Minute_Fluctuation": 0.10984866613532124,
  "Minute_5": 0.0000000000000002027218787607,
  "Minute_5_Fluctuation": 0.03208906129518295,
  "Minute_10": 0.0000000000000002004610518424,
  "Minute_10_Fluctuation": 0.016493462931143663,
  "Hour": 0.0000000000000001980451566226,
  "Hour_Fluctuation": 0.0028036638446078213,
  "Day": 0.0000000000000001975231407159,
  "Day_Fluctuation": 0.00011722030298039016,
  "Week": 0.0000000000000001975033080958,
  "Week_Fluctuation": 0.41082469529777077,
  "Updated": "2018-04-24T23:41:52.747329Z"
}
