{
  "Live": 0.000000000189047,
  "Minute": 0.000000000159938159312616,
  "Minute_Fluctuation": 0.077972769426425656,
  "Minute_5": 0.000000000154431009268708,
  "Minute_5_Fluctuation": 0.017104643235879083,
  "Minute_10": 0.00000000015374261551322,
  "Minute_10_Fluctuation": 0.008648409229219764,
  "Hour": 0.000000000153168954050312,
  "Hour_Fluctuation": 0.0019108159670682,
  "Day": 0.000000000152960686449633,
  "Day_Fluctuation": 0.23438189102443502,
  "Week": 0.000000000153054904688044,
  "Week_Fluctuation": 0.45572268829567597,
  "Updated": "2018-04-26T17:09:40.9866551Z"
}
