{
  "Live": 0.00000000000129362227954692,
  "Minute": 0.00000000000129869349079975,
  "Minute_Fluctuation": 0.017214909788427598,
  "Minute_5": 0.00000000000130001535075896,
  "Minute_5_Fluctuation": 0.009757580527596791,
  "Minute_10": 0.0000000000012974195863986,
  "Minute_10_Fluctuation": 0.0058677028228881168,
  "Hour": 0.00000000000129434610656742,
  "Hour_Fluctuation": 0.0006990512148004126,
  "Day": 0.0000000000012936489766329,
  "Day_Fluctuation": 5.1522939754928429E-05,
  "Week": 0.00000000000129362227954692,
  "Week_Fluctuation": 0.38295095297599252,
  "Updated": "2018-04-24T23:41:52.6810266Z"
}
