{
  "Live": 600.0,
  "Minute": 600.0,
  "Minute_Fluctuation": 0.0,
  "Minute_5": 600.0,
  "Minute_5_Fluctuation": 0.0,
  "Minute_10": 600.0,
  "Minute_10_Fluctuation": 0.0,
  "Hour": 600.0,
  "Hour_Fluctuation": 0.369702679875,
  "Day": 600.0,
  "Day_Fluctuation": 0.49457094499479165,
  "Week": 600.0,
  "Week_Fluctuation": 0.49922442071354167,
  "Updated": "2018-04-28T01:21:20.9895163Z"
}
