{
  "Live": 83860.0,
  "Minute": 83860.0,
  "Minute_Fluctuation": 0.0,
  "Minute_5": 83860.0,
  "Minute_5_Fluctuation": 0.0,
  "Minute_10": 83860.0,
  "Minute_10_Fluctuation": 0.0,
  "Hour": 83860.0,
  "Hour_Fluctuation": 0.18165006505077913,
  "Day": 83860.0,
  "Day_Fluctuation": 0.48217900648236522,
  "Week": 83860.0,
  "Week_Fluctuation": 0.4974266150141905,
  "Updated": "2018-04-28T01:21:20.981425Z"
}
