{
  "Live": 0.00000000000778,
  "Minute": 0.00000000000824784555016423,
  "Minute_Fluctuation": 0.047282046350200842,
  "Minute_5": 0.00000000000846623822802583,
  "Minute_5_Fluctuation": 0.028767601336504627,
  "Minute_10": 0.00000000000842885361590322,
  "Minute_10_Fluctuation": 0.058712807272448063,
  "Hour": 0.00000000000843080098184791,
  "Hour_Fluctuation": 0.063221500814466175,
  "Day": 0.00000000000854502754002481,
  "Day_Fluctuation": 0.033266440717460682,
  "Week": 0.0000000000085208093150659,
  "Week_Fluctuation": 0.23314439376934717,
  "Updated": "2018-04-22T08:33:28.0953442Z"
}
