{
  "Live": 0.00000000000372822327352897,
  "Minute": 0.00000000000372822327352897,
  "Minute_Fluctuation": 0.0,
  "Minute_5": 0.00000000000372822327352897,
  "Minute_5_Fluctuation": 0.0,
  "Minute_10": 0.00000000000372822327352897,
  "Minute_10_Fluctuation": 0.0,
  "Hour": 0.00000000000372822327352897,
  "Hour_Fluctuation": 0.0,
  "Day": 0.00000000000379325824921387,
  "Day_Fluctuation": 0.055685184650204618,
  "Week": 0.00000000000372822327352897,
  "Week_Fluctuation": 0.21996712101556884,
  "Updated": "2018-04-23T03:19:45.9312138Z"
}
