{
  "Live": 0.00000000000283054056631194,
  "Minute": 0.00000000000283054056631194,
  "Minute_Fluctuation": 0.0,
  "Minute_5": 0.00000000000283054056631194,
  "Minute_5_Fluctuation": 0.0,
  "Minute_10": 0.00000000000283054056631194,
  "Minute_10_Fluctuation": 0.0,
  "Hour": 0.00000000000283054056631194,
  "Hour_Fluctuation": 0.0,
  "Day": 0.00000000000282711268559108,
  "Day_Fluctuation": 0.0066287757395120089,
  "Week": 0.00000000000283054056631194,
  "Week_Fluctuation": 0.20807142403591369,
  "Updated": "2018-04-22T23:52:58.6175028Z"
}
