{
  "Live": 0.000000070417883617648,
  "Minute": 0.000000070417883617648,
  "Minute_Fluctuation": 0.0,
  "Minute_5": 0.000000070417883617648,
  "Minute_5_Fluctuation": 0.0,
  "Minute_10": 0.000000070417883617648,
  "Minute_10_Fluctuation": 0.0,
  "Hour": 0.000000070417883617648,
  "Hour_Fluctuation": 0.0,
  "Day": 0.0000000700608414324267,
  "Day_Fluctuation": 0.021941408201332772,
  "Week": 0.000000070417883617648,
  "Week_Fluctuation": 0.213525309049299,
  "Updated": "2018-04-22T23:52:58.6668273Z"
}
