{
  "Live": 0.0000000000029403,
  "Minute": 0.00000000000287070935914956,
  "Minute_Fluctuation": 0.0337226238729041,
  "Minute_5": 0.00000000000283857113656373,
  "Minute_5_Fluctuation": 0.031387817110202831,
  "Minute_10": 0.00000000000286351595213665,
  "Minute_10_Fluctuation": 0.033363253405319378,
  "Hour": 0.00000000000289152192833888,
  "Hour_Fluctuation": 0.0354155809937073,
  "Day": 0.00000000000282298525692549,
  "Day_Fluctuation": 0.0118977136410323,
  "Week": 0.00000000000283054056631194,
  "Week_Fluctuation": 0.22845683439224257,
  "Updated": "2018-04-22T08:33:27.9317579Z"
}
