{
  "Live": 0.00000000000746687568908304,
  "Minute": 0.00000000000746687568908304,
  "Minute_Fluctuation": 0.0,
  "Minute_5": 0.00000000000746687568908304,
  "Minute_5_Fluctuation": 0.0,
  "Minute_10": 0.00000000000746687568908304,
  "Minute_10_Fluctuation": 0.0,
  "Hour": 0.00000000000746687568908304,
  "Hour_Fluctuation": 0.0,
  "Day": 0.00000000000758835639531228,
  "Day_Fluctuation": 0.03856671818029294,
  "Week": 0.00000000000746687568908304,
  "Week_Fluctuation": 0.21523502583113283,
  "Updated": "2018-04-22T23:52:58.7331984Z"
}
