{
  "Live": 0.000000000000277950269151456,
  "Minute": 0.000000000000277950269151456,
  "Minute_Fluctuation": 0.0,
  "Minute_5": 0.000000000000277950269151456,
  "Minute_5_Fluctuation": 0.0,
  "Minute_10": 0.000000000000277950269151456,
  "Minute_10_Fluctuation": 0.0,
  "Hour": 0.000000000000277950269151456,
  "Hour_Fluctuation": 0.040506495148938441,
  "Day": 0.000000000000280465811723937,
  "Day_Fluctuation": 0.043626264083500621,
  "Week": 0.000000000000277950269151456,
  "Week_Fluctuation": 0.23331011716632366,
  "Updated": "2018-04-22T11:00:28.9450981Z"
}
