{
  "Live": 0.00000000000283054056631194,
  "Minute": 0.00000000000283054056631194,
  "Minute_Fluctuation": 0.0,
  "Minute_5": 0.00000000000283054056631194,
  "Minute_5_Fluctuation": 0.0,
  "Minute_10": 0.00000000000283054056631194,
  "Minute_10_Fluctuation": 0.0,
  "Hour": 0.00000000000283054056631194,
  "Hour_Fluctuation": 0.0,
  "Day": 0.00000000000282757479768243,
  "Day_Fluctuation": 0.0058883293211507339,
  "Week": 0.00000000000283054056631194,
  "Week_Fluctuation": 0.20384146191485603,
  "Updated": "2018-04-23T03:19:45.8446404Z"
}
