{
  "Live": 0.000000000000277950269151456,
  "Minute": 0.000000000000277950269151456,
  "Minute_Fluctuation": 0.0,
  "Minute_5": 0.000000000000277950269151456,
  "Minute_5_Fluctuation": 0.0,
  "Minute_10": 0.000000000000277950269151456,
  "Minute_10_Fluctuation": 0.0,
  "Hour": 0.000000000000277950269151456,
  "Hour_Fluctuation": 0.0,
  "Day": 0.00000000000027904893000158,
  "Day_Fluctuation": 0.023164284315723732,
  "Week": 0.000000000000277950269151456,
  "Week_Fluctuation": 0.21124910189084539,
  "Updated": "2018-04-23T03:19:45.9128971Z"
}
