{
  "Live": 0.000000070417883617648,
  "Minute": 0.000000070417883617648,
  "Minute_Fluctuation": 0.0,
  "Minute_5": 0.000000070417883617648,
  "Minute_5_Fluctuation": 0.0,
  "Minute_10": 0.000000070417883617648,
  "Minute_10_Fluctuation": 0.0,
  "Hour": 0.000000070417883617648,
  "Hour_Fluctuation": 0.0,
  "Day": 0.0000000701291388331373,
  "Day_Fluctuation": 0.018625323278292458,
  "Week": 0.000000070417883617648,
  "Week_Fluctuation": 0.20718537082391966,
  "Updated": "2018-04-23T04:56:29.4586883Z"
}
