{
  "Live": 0.0000000000001521729,
  "Minute": 0.000000000000146189914799472,
  "Minute_Fluctuation": 0.052661476158154606,
  "Minute_5": 0.000000000000143455545820877,
  "Minute_5_Fluctuation": 0.04663587983631913,
  "Minute_10": 0.000000000000145285131446858,
  "Minute_10_Fluctuation": 0.1039299675137608,
  "Hour": 0.000000000000139078776004204,
  "Hour_Fluctuation": 0.07096689652174705,
  "Day": 0.000000000000143267017430313,
  "Day_Fluctuation": 0.012099991432565651,
  "Week": 0.000000000000142772292659683,
  "Week_Fluctuation": 0.22948408049665539,
  "Updated": "2018-04-22T08:33:27.7712365Z"
}
