{
  "Live": 0.00000000000746687568908304,
  "Minute": 0.00000000000746687568908304,
  "Minute_Fluctuation": 0.0,
  "Minute_5": 0.00000000000746687568908304,
  "Minute_5_Fluctuation": 0.0,
  "Minute_10": 0.00000000000746687568908304,
  "Minute_10_Fluctuation": 0.0,
  "Hour": 0.00000000000746687568908304,
  "Hour_Fluctuation": 0.0,
  "Day": 0.00000000000756511875853075,
  "Day_Fluctuation": 0.033962377656498226,
  "Week": 0.00000000000746687568908304,
  "Week_Fluctuation": 0.20884432326779137,
  "Updated": "2018-04-23T04:56:29.524563Z"
}
