{
  "Live": 0.00000000688979150561443,
  "Minute": 0.00000000688979150561443,
  "Minute_Fluctuation": 0.0,
  "Minute_5": 0.00000000688979150561443,
  "Minute_5_Fluctuation": 0.0,
  "Minute_10": 0.00000000688979150561443,
  "Minute_10_Fluctuation": 0.0,
  "Hour": 0.00000000688979150561443,
  "Hour_Fluctuation": 0.097632889749830351,
  "Day": 0.00000000701756158799291,
  "Day_Fluctuation": 0.032480036345624949,
  "Week": 0.00000000688979150561443,
  "Week_Fluctuation": 0.23024782961333409,
  "Updated": "2018-04-22T11:00:29.0038971Z"
}
