{
  "Live": 0.000000070417883617648,
  "Minute": 0.000000070417883617648,
  "Minute_Fluctuation": 0.0,
  "Minute_5": 0.000000070417883617648,
  "Minute_5_Fluctuation": 0.0,
  "Minute_10": 0.000000070417883617648,
  "Minute_10_Fluctuation": 0.0,
  "Hour": 0.000000070417883617648,
  "Hour_Fluctuation": 0.066649713530932908,
  "Day": 0.000000069710591060153,
  "Day_Fluctuation": 0.034315414376743229,
  "Week": 0.000000070417883617648,
  "Week_Fluctuation": 0.23102987434018235,
  "Updated": "2018-04-22T11:00:28.9310819Z"
}
