{
  "Live": 0.00000000000746687568908304,
  "Minute": 0.00000000000746687568908304,
  "Minute_Fluctuation": 0.0,
  "Minute_5": 0.00000000000746687568908304,
  "Minute_5_Fluctuation": 0.0,
  "Minute_10": 0.00000000000746687568908304,
  "Minute_10_Fluctuation": 0.0,
  "Hour": 0.00000000000746687568908304,
  "Hour_Fluctuation": 0.097737256988364551,
  "Day": 0.00000000000770752627305405,
  "Day_Fluctuation": 0.048187871610535983,
  "Week": 0.00000000000746687568908304,
  "Week_Fluctuation": 0.2328797547390152,
  "Updated": "2018-04-22T11:00:28.9900912Z"
}
