{
  "Live": 0.000000000000277950269151456,
  "Minute": 0.000000000000277950269151456,
  "Minute_Fluctuation": 0.0,
  "Minute_5": 0.000000000000277950269151456,
  "Minute_5_Fluctuation": 0.0,
  "Minute_10": 0.000000000000277950269151456,
  "Minute_10_Fluctuation": 0.0,
  "Hour": 0.000000000000277950269151456,
  "Hour_Fluctuation": 0.0,
  "Day": 0.000000000000279220118179601,
  "Day_Fluctuation": 0.026109341127296556,
  "Week": 0.000000000000277950269151456,
  "Week_Fluctuation": 0.21563278223926283,
  "Updated": "2018-04-22T23:52:58.6842153Z"
}
