{
  "Live": 0.00000000000283054056631194,
  "Minute": 0.00000000000283054056631194,
  "Minute_Fluctuation": 0.0,
  "Minute_5": 0.00000000000283054056631194,
  "Minute_5_Fluctuation": 0.0,
  "Minute_10": 0.00000000000283054056631194,
  "Minute_10_Fluctuation": 0.0,
  "Hour": 0.00000000000283054056631194,
  "Hour_Fluctuation": 0.0163187999613445,
  "Day": 0.00000000000282375001213626,
  "Day_Fluctuation": 0.010961975967616088,
  "Week": 0.00000000000283054056631194,
  "Week_Fluctuation": 0.2251288842832431,
  "Updated": "2018-04-22T11:00:28.8859329Z"
}
