{
  "Live": 0.0000000000082071,
  "Minute": 0.00000000000775024016509977,
  "Minute_Fluctuation": 0.15513771624752398,
  "Minute_5": 0.00000000000752352609281096,
  "Minute_5_Fluctuation": 0.18292698234605489,
  "Minute_10": 0.00000000000806052199976618,
  "Minute_10_Fluctuation": 0.17698438543213929,
  "Hour": 0.00000000000854638058605259,
  "Hour_Fluctuation": 0.18229181910655248,
  "Day": 0.00000000000773462500048261,
  "Day_Fluctuation": 0.049748615506509247,
  "Week": 0.00000000000746687568908304,
  "Week_Fluctuation": 0.23632188173549096,
  "Updated": "2018-04-22T08:33:29.0454301Z"
}
