{
  "Live": 0.0000000000000175001556093302,
  "Minute": 0.0000000000000175001556093302,
  "Minute_Fluctuation": 0.0,
  "Minute_5": 0.0000000000000175001556093302,
  "Minute_5_Fluctuation": 0.0,
  "Minute_10": 0.0000000000000175001556093302,
  "Minute_10_Fluctuation": 0.0,
  "Hour": 0.0000000000000175001556093302,
  "Hour_Fluctuation": 0.0,
  "Day": 0.0000000000000172688681347989,
  "Day_Fluctuation": 0.03396497295746962,
  "Week": 0.0000000000000175001556093302,
  "Week_Fluctuation": 0.20897729356347156,
  "Updated": "2018-04-23T04:56:29.3612358Z"
}
