{
  "Live": 0.0000000099424908,
  "Minute": 0.0000000080655972612327,
  "Minute_Fluctuation": 0.3567477674870414,
  "Minute_5": 0.00000000712485932956232,
  "Minute_5_Fluctuation": 0.31346616445096109,
  "Minute_10": 0.00000000797361507348001,
  "Minute_10_Fluctuation": 0.213375920451932,
  "Hour": 0.00000000788464856683247,
  "Hour_Fluctuation": 0.18152412665742113,
  "Day": 0.00000000703194902391568,
  "Day_Fluctuation": 0.03388030572446462,
  "Week": 0.00000000688979150561443,
  "Week_Fluctuation": 0.23365099946728562,
  "Updated": "2018-04-22T08:33:29.2008272Z"
}
