{
  "Live": 0.0000000000000175001556093302,
  "Minute": 0.0000000000000175001556093302,
  "Minute_Fluctuation": 0.0,
  "Minute_5": 0.0000000000000175001556093302,
  "Minute_5_Fluctuation": 0.0,
  "Minute_10": 0.0000000000000175001556093302,
  "Minute_10_Fluctuation": 0.0,
  "Hour": 0.0000000000000175001556093302,
  "Hour_Fluctuation": 0.0,
  "Day": 0.0000000000000172527160671295,
  "Day_Fluctuation": 0.035364336176369145,
  "Week": 0.0000000000000175001556093302,
  "Week_Fluctuation": 0.21099368837049523,
  "Updated": "2018-04-23T03:19:45.7885796Z"
}
