{
  "Live": 0.00000000000239077988279454,
  "Minute": 0.00000000000239077988279454,
  "Minute_Fluctuation": 0.0,
  "Minute_5": 0.00000000000239077988279454,
  "Minute_5_Fluctuation": 0.0,
  "Minute_10": 0.00000000000239077988279454,
  "Minute_10_Fluctuation": 0.0,
  "Hour": 0.00000000000239077988279454,
  "Hour_Fluctuation": 0.0,
  "Day": 0.00000000000238676983706934,
  "Day_Fluctuation": 0.037680872664039924,
  "Week": 0.00000000000239077988279454,
  "Week_Fluctuation": 0.22513957496323508,
  "Updated": "2018-04-22T23:52:58.7177765Z"
}
