{
  "Live": 0.000000070417883617648,
  "Minute": 0.000000070417883617648,
  "Minute_Fluctuation": 0.0,
  "Minute_5": 0.000000070417883617648,
  "Minute_5_Fluctuation": 0.0,
  "Minute_10": 0.000000070417883617648,
  "Minute_10_Fluctuation": 0.0,
  "Hour": 0.000000070417883617648,
  "Hour_Fluctuation": 0.0,
  "Day": 0.0000000701089742355681,
  "Day_Fluctuation": 0.019627147666857761,
  "Week": 0.000000070417883617648,
  "Week_Fluctuation": 0.20918447291778394,
  "Updated": "2018-04-23T03:19:45.8937819Z"
}
