{
  "Live": 0.000000000000142772292659683,
  "Minute": 0.000000000000142772292659683,
  "Minute_Fluctuation": 0.0,
  "Minute_5": 0.000000000000142772292659683,
  "Minute_5_Fluctuation": 0.0,
  "Minute_10": 0.000000000000142772292659683,
  "Minute_10_Fluctuation": 0.0,
  "Hour": 0.000000000000142772292659683,
  "Hour_Fluctuation": 0.0,
  "Day": 0.000000000000142966492062162,
  "Day_Fluctuation": 0.0063230187278265435,
  "Week": 0.000000000000142772292659683,
  "Week_Fluctuation": 0.20475797766377835,
  "Updated": "2018-04-23T03:19:45.8252245Z"
}
