{
  "Live": 0.0000000000000175001556093302,
  "Minute": 0.0000000000000175001556093302,
  "Minute_Fluctuation": 0.0,
  "Minute_5": 0.0000000000000175001556093302,
  "Minute_5_Fluctuation": 0.0,
  "Minute_10": 0.0000000000000175001556093302,
  "Minute_10_Fluctuation": 0.0,
  "Hour": 0.0000000000000175001556093302,
  "Hour_Fluctuation": 0.13089561021802523,
  "Day": 0.0000000000000169336072638443,
  "Day_Fluctuation": 0.046030117845493053,
  "Week": 0.0000000000000175001556093302,
  "Week_Fluctuation": 0.23302802178257379,
  "Updated": "2018-04-22T11:00:28.8427024Z"
}
