{
  "Live": 0.0000000000003762,
  "Minute": 0.000000000000314836996097294,
  "Minute_Fluctuation": 0.23877692055230765,
  "Minute_5": 0.000000000000285324686732155,
  "Minute_5_Fluctuation": 0.18360255377669046,
  "Minute_10": 0.000000000000268624824897518,
  "Minute_10_Fluctuation": 0.14935027223033143,
  "Hour": 0.00000000000026412370307937,
  "Hour_Fluctuation": 0.11335285555623695,
  "Day": 0.000000000000280749092993989,
  "Day_Fluctuation": 0.047426074671139219,
  "Week": 0.000000000000277950269151456,
  "Week_Fluctuation": 0.23675878072128792,
  "Updated": "2018-04-22T08:33:28.5580573Z"
}
