{
  "Live": 0.00000000000746687568908304,
  "Minute": 0.00000000000746687568908304,
  "Minute_Fluctuation": 0.0,
  "Minute_5": 0.00000000000746687568908304,
  "Minute_5_Fluctuation": 0.0,
  "Minute_10": 0.00000000000746687568908304,
  "Minute_10_Fluctuation": 0.0,
  "Hour": 0.00000000000746687568908304,
  "Hour_Fluctuation": 0.0,
  "Day": 0.0000000000075719795906141,
  "Day_Fluctuation": 0.035392097271453253,
  "Week": 0.00000000000746687568908304,
  "Week_Fluctuation": 0.21085942964967885,
  "Updated": "2018-04-23T03:19:45.9675381Z"
}
