{
  "Live": 0.000000000000142772292659683,
  "Minute": 0.000000000000142772292659683,
  "Minute_Fluctuation": 0.0,
  "Minute_5": 0.000000000000142772292659683,
  "Minute_5_Fluctuation": 0.0,
  "Minute_10": 0.000000000000142772292659683,
  "Minute_10_Fluctuation": 0.0,
  "Hour": 0.000000000000142772292659683,
  "Hour_Fluctuation": 0.0,
  "Day": 0.000000000000142996751292579,
  "Day_Fluctuation": 0.0070790040737165509,
  "Week": 0.000000000000142772292659683,
  "Week_Fluctuation": 0.20900695791103477,
  "Updated": "2018-04-22T23:52:58.6001366Z"
}
