{
  "Live": 0.00000000094880699430984,
  "Minute": 0.00000000094880699430984,
  "Minute_Fluctuation": 0.0,
  "Minute_5": 0.00000000094880699430984,
  "Minute_5_Fluctuation": 0.0,
  "Minute_10": 0.00000000094880699430984,
  "Minute_10_Fluctuation": 0.0,
  "Hour": 0.00000000094880699430984,
  "Hour_Fluctuation": 0.0,
  "Day": 0.000000000948138054862513,
  "Day_Fluctuation": 0.0064280975156984768,
  "Week": 0.00000000094880699430984,
  "Week_Fluctuation": 0.20430572291267651,
  "Updated": "2018-04-23T03:19:45.8776121Z"
}
