{
  "Live": 0.0000000000000111276,
  "Minute": 0.0000000000000152137661249774,
  "Minute_Fluctuation": 0.49787094639807805,
  "Minute_5": 0.0000000000000170430591899463,
  "Minute_5_Fluctuation": 0.55773461605185759,
  "Minute_10": 0.0000000000000152230577130396,
  "Minute_10_Fluctuation": 0.37795806865345577,
  "Hour": 0.0000000000000149680941633817,
  "Hour_Fluctuation": 0.30972232580304104,
  "Day": 0.0000000000000168697988477362,
  "Day_Fluctuation": 0.047043472292706438,
  "Week": 0.0000000000000175001556093302,
  "Week_Fluctuation": 0.23647291235510476,
  "Updated": "2018-04-22T08:33:27.4542213Z"
}
