{
  "Live": 0.00000000094880699430984,
  "Minute": 0.00000000094880699430984,
  "Minute_Fluctuation": 0.0,
  "Minute_5": 0.00000000094880699430984,
  "Minute_5_Fluctuation": 0.0,
  "Minute_10": 0.00000000094880699430984,
  "Minute_10_Fluctuation": 0.0,
  "Hour": 0.00000000094880699430984,
  "Hour_Fluctuation": 0.0,
  "Day": 0.000000000948181721053995,
  "Day_Fluctuation": 0.0060532311612513639,
  "Week": 0.00000000094880699430984,
  "Week_Fluctuation": 0.20235324508657421,
  "Updated": "2018-04-23T04:56:29.4431832Z"
}
