{
  "Live": 0.00000000000283054056631194,
  "Minute": 0.00000000000283054056631194,
  "Minute_Fluctuation": 0.0,
  "Minute_5": 0.00000000000283054056631194,
  "Minute_5_Fluctuation": 0.0,
  "Minute_10": 0.00000000000283054056631194,
  "Minute_10_Fluctuation": 0.0,
  "Hour": 0.00000000000283054056631194,
  "Hour_Fluctuation": 0.0,
  "Day": 0.00000000000282776839341032,
  "Day_Fluctuation": 0.0055704687240009159,
  "Week": 0.00000000000283054056631194,
  "Week_Fluctuation": 0.2018934208930791,
  "Updated": "2018-04-23T04:56:29.4101352Z"
}
