{
  "Live": 0.0000000000060984,
  "Minute": 0.00000000000380127932737392,
  "Minute_Fluctuation": 1.1578787363832528,
  "Minute_5": 0.00000000000267276781620335,
  "Minute_5_Fluctuation": 0.96477436097599967,
  "Minute_10": 0.00000000000216252745997019,
  "Minute_10_Fluctuation": 0.81301963610733219,
  "Hour": 0.00000000000231338470435101,
  "Hour_Fluctuation": 0.22839860350064067,
  "Day": 0.00000000000238194153326338,
  "Day_Fluctuation": 0.079290312877453584,
  "Week": 0.00000000000239077988279454,
  "Week_Fluctuation": 0.24719685168227115,
  "Updated": "2018-04-22T08:33:28.8870296Z"
}
