{
  "Live": 0.00000000000239077988279454,
  "Minute": 0.00000000000239077988279454,
  "Minute_Fluctuation": 0.0,
  "Minute_5": 0.00000000000239077988279454,
  "Minute_5_Fluctuation": 0.0,
  "Minute_10": 0.00000000000239077988279454,
  "Minute_10_Fluctuation": 0.0,
  "Hour": 0.00000000000239077988279454,
  "Hour_Fluctuation": 0.0,
  "Day": 0.00000000000238731043093993,
  "Day_Fluctuation": 0.032813364132824249,
  "Week": 0.00000000000239077988279454,
  "Week_Fluctuation": 0.22056262615660416,
  "Updated": "2018-04-23T03:19:45.9499497Z"
}
