{
  "Live": 0.0000000000000022351543031027,
  "Minute": 0.0000000000000022351543031027,
  "Minute_Fluctuation": 0.0,
  "Minute_5": 0.0000000000000022351543031027,
  "Minute_5_Fluctuation": 0.0,
  "Minute_10": 0.0000000000000022351543031027,
  "Minute_10_Fluctuation": 0.0,
  "Hour": 0.0000000000000022351543031027,
  "Hour_Fluctuation": 0.0,
  "Day": 0.0000000000000022434123481157,
  "Day_Fluctuation": 0.011115671401724134,
  "Week": 0.0000000000000022351543031027,
  "Week_Fluctuation": 0.20443876687605123,
  "Updated": "2018-04-23T04:56:29.3769057Z"
}
