{
  "Live": 0.0000000000000022351543031027,
  "Minute": 0.0000000000000022351543031027,
  "Minute_Fluctuation": 0.0,
  "Minute_5": 0.0000000000000022351543031027,
  "Minute_5_Fluctuation": 0.0,
  "Minute_10": 0.0000000000000022351543031027,
  "Minute_10_Fluctuation": 0.0,
  "Hour": 0.0000000000000022351543031027,
  "Hour_Fluctuation": 0.0,
  "Day": 0.000000000000002243989052286,
  "Day_Fluctuation": 0.011624811900389869,
  "Week": 0.0000000000000022351543031027,
  "Week_Fluctuation": 0.20641136930068257,
  "Updated": "2018-04-23T03:19:45.8063766Z"
}
