{
  "Live": 0.00000000688979150561443,
  "Minute": 0.00000000688979150561443,
  "Minute_Fluctuation": 0.0,
  "Minute_5": 0.00000000688979150561443,
  "Minute_5_Fluctuation": 0.0,
  "Minute_10": 0.00000000688979150561443,
  "Minute_10_Fluctuation": 0.0,
  "Hour": 0.00000000688979150561443,
  "Hour_Fluctuation": 0.0,
  "Day": 0.00000000695428999332434,
  "Day_Fluctuation": 0.024695558513006893,
  "Week": 0.00000000688979150561443,
  "Week_Fluctuation": 0.21280251392614888,
  "Updated": "2018-04-22T23:52:58.7504806Z"
}
