{
  "Live": 0.0000000000018216,
  "Minute": 0.00000000000300738586258533,
  "Minute_Fluctuation": 0.65075067305746614,
  "Minute_5": 0.00000000000358411300633466,
  "Minute_5_Fluctuation": 0.71852039659426659,
  "Minute_10": 0.00000000000314628665948945,
  "Minute_10_Fluctuation": 0.73131773260178223,
  "Hour": 0.00000000000394738457420274,
  "Hour_Fluctuation": 0.41955836488339687,
  "Day": 0.00000000000389389867667069,
  "Day_Fluctuation": 0.092112807014012518,
  "Week": 0.00000000000372822327352897,
  "Week_Fluctuation": 0.24652949224568377,
  "Updated": "2018-04-22T08:33:28.7315278Z"
}
