{
  "Live": 0.0000000000000175001556093302,
  "Minute": 0.0000000000000175001556093302,
  "Minute_Fluctuation": 0.0,
  "Minute_5": 0.0000000000000175001556093302,
  "Minute_5_Fluctuation": 0.0,
  "Minute_10": 0.0000000000000175001556093302,
  "Minute_10_Fluctuation": 0.0,
  "Hour": 0.0000000000000175001556093302,
  "Hour_Fluctuation": 0.0,
  "Day": 0.0000000000000172141612209692,
  "Day_Fluctuation": 0.038451010488772606,
  "Week": 0.0000000000000175001556093302,
  "Week_Fluctuation": 0.21537206615649521,
  "Updated": "2018-04-22T23:52:58.5666964Z"
}
