{
  "Live": 0.0000000000085208093150659,
  "Minute": 0.0000000000085208093150659,
  "Minute_Fluctuation": 0.0,
  "Minute_5": 0.0000000000085208093150659,
  "Minute_5_Fluctuation": 0.0,
  "Minute_10": 0.0000000000085208093150659,
  "Minute_10_Fluctuation": 0.0,
  "Hour": 0.0000000000085208093150659,
  "Hour_Fluctuation": 0.0,
  "Day": 0.00000000000853179726250107,
  "Day_Fluctuation": 0.016397399331434536,
  "Week": 0.0000000000085208093150659,
  "Week_Fluctuation": 0.21234076091369594,
  "Updated": "2018-04-22T23:52:58.6329741Z"
}
