{
  "Live": 0.000000000000277950269151456,
  "Minute": 0.000000000000277950269151456,
  "Minute_Fluctuation": 0.0,
  "Minute_5": 0.000000000000277950269151456,
  "Minute_5_Fluctuation": 0.0,
  "Minute_10": 0.000000000000277950269151456,
  "Minute_10_Fluctuation": 0.0,
  "Hour": 0.000000000000277950269151456,
  "Hour_Fluctuation": 0.0,
  "Day": 0.000000000000278977213024476,
  "Day_Fluctuation": 0.021901891181844442,
  "Week": 0.000000000000277950269151456,
  "Week_Fluctuation": 0.20923026951434293,
  "Updated": "2018-04-23T04:56:29.4759317Z"
}
