{
  "Live": 0.0000000000000025542,
  "Minute": 0.0000000000000023503879267372,
  "Minute_Fluctuation": 0.13135536418184429,
  "Minute_5": 0.0000000000000022581918813966,
  "Minute_5_Fluctuation": 0.12620283383820113,
  "Minute_10": 0.0000000000000023492782525096,
  "Minute_10_Fluctuation": 0.0835088196603388,
  "Hour": 0.0000000000000023521896270053,
  "Hour_Fluctuation": 0.084189486884797923,
  "Day": 0.000000000000002257660947321,
  "Day_Fluctuation": 0.018029759060630233,
  "Week": 0.0000000000000022351543031027,
  "Week_Fluctuation": 0.23133718506897391,
  "Updated": "2018-04-22T08:33:27.6151691Z"
}
