{
  "Live": 0.00000000000239077988279454,
  "Minute": 0.00000000000239077988279454,
  "Minute_Fluctuation": 0.0,
  "Minute_5": 0.00000000000239077988279454,
  "Minute_5_Fluctuation": 0.0,
  "Minute_10": 0.00000000000239077988279454,
  "Minute_10_Fluctuation": 0.0,
  "Hour": 0.00000000000239077988279454,
  "Hour_Fluctuation": 0.0,
  "Day": 0.00000000000238753690525468,
  "Day_Fluctuation": 0.030763570247696811,
  "Week": 0.00000000000239077988279454,
  "Week_Fluctuation": 0.21845478911065266,
  "Updated": "2018-04-23T04:56:29.5091351Z"
}
