{
  "Live": 0.00000000000372822327352897,
  "Minute": 0.00000000000372822327352897,
  "Minute_Fluctuation": 0.0,
  "Minute_5": 0.00000000000372822327352897,
  "Minute_5_Fluctuation": 0.0,
  "Minute_10": 0.00000000000372822327352897,
  "Minute_10_Fluctuation": 0.0,
  "Hour": 0.00000000000372822327352897,
  "Hour_Fluctuation": 0.0,
  "Day": 0.00000000000378901298102008,
  "Day_Fluctuation": 0.053137975927049483,
  "Week": 0.00000000000372822327352897,
  "Week_Fluctuation": 0.2178649745887371,
  "Updated": "2018-04-23T04:56:29.4915777Z"
}
