{
  "Live": 0.0000000007664489,
  "Minute": 0.000000000881202884285952,
  "Minute_Fluctuation": 0.22851159922021541,
  "Minute_5": 0.000000000935291538242955,
  "Minute_5_Fluctuation": 0.24562547502786253,
  "Minute_10": 0.000000000880925706340662,
  "Minute_10_Fluctuation": 0.17844774078216791,
  "Hour": 0.000000000868037557258955,
  "Hour_Fluctuation": 0.087801111574475343,
  "Day": 0.000000000947102874020256,
  "Day_Fluctuation": 0.014289203741199992,
  "Week": 0.00000000094880699430984,
  "Week_Fluctuation": 0.22897705040825422,
  "Updated": "2018-04-22T08:33:28.2462962Z"
}
