{
  "Live": 0.0000000000085208093150659,
  "Minute": 0.0000000000085208093150659,
  "Minute_Fluctuation": 0.0,
  "Minute_5": 0.0000000000085208093150659,
  "Minute_5_Fluctuation": 0.0,
  "Minute_10": 0.0000000000085208093150659,
  "Minute_10_Fluctuation": 0.0,
  "Hour": 0.0000000000085208093150659,
  "Hour_Fluctuation": 0.0,
  "Day": 0.00000000000853031597880679,
  "Day_Fluctuation": 0.014349593697870599,
  "Week": 0.0000000000085208093150659,
  "Week_Fluctuation": 0.20802400543197988,
  "Updated": "2018-04-23T03:19:45.8612968Z"
}
