{
  "Live": 0.0000000000085208093150659,
  "Minute": 0.0000000000085208093150659,
  "Minute_Fluctuation": 0.0,
  "Minute_5": 0.0000000000085208093150659,
  "Minute_5_Fluctuation": 0.0,
  "Minute_10": 0.0000000000085208093150659,
  "Minute_10_Fluctuation": 0.0,
  "Hour": 0.0000000000085208093150659,
  "Hour_Fluctuation": 0.0082609793128946563,
  "Day": 0.00000000000854257619064309,
  "Day_Fluctuation": 0.030183643347844642,
  "Week": 0.0000000000085208093150659,
  "Week_Fluctuation": 0.22974821662006961,
  "Updated": "2018-04-22T11:00:28.9013596Z"
}
