{
  "Live": 0.00000000000372822327352897,
  "Minute": 0.00000000000372822327352897,
  "Minute_Fluctuation": 0.0,
  "Minute_5": 0.00000000000372822327352897,
  "Minute_5_Fluctuation": 0.0,
  "Minute_10": 0.00000000000372822327352897,
  "Minute_10_Fluctuation": 0.0,
  "Hour": 0.00000000000372822327352897,
  "Hour_Fluctuation": 0.0,
  "Day": 0.00000000000380339169603413,
  "Day_Fluctuation": 0.0614722921604064,
  "Week": 0.00000000000372822327352897,
  "Week_Fluctuation": 0.22453171193814028,
  "Updated": "2018-04-22T23:52:58.7001488Z"
}
