{
  "Live": 0.00000000688979150561443,
  "Minute": 0.00000000688979150561443,
  "Minute_Fluctuation": 0.0,
  "Minute_5": 0.00000000688979150561443,
  "Minute_5_Fluctuation": 0.0,
  "Minute_10": 0.00000000688979150561443,
  "Minute_10_Fluctuation": 0.0,
  "Hour": 0.00000000688979150561443,
  "Hour_Fluctuation": 0.0,
  "Day": 0.00000000694559495678978,
  "Day_Fluctuation": 0.022538785543750252,
  "Week": 0.00000000688979150561443,
  "Week_Fluctuation": 0.20847636903519307,
  "Updated": "2018-04-23T03:19:45.9853596Z"
}
