{
  "Live": 0.0000000000000022351543031027,
  "Minute": 0.0000000000000022351543031027,
  "Minute_Fluctuation": 0.0,
  "Minute_5": 0.0000000000000022351543031027,
  "Minute_5_Fluctuation": 0.0,
  "Minute_10": 0.0000000000000022351543031027,
  "Minute_10_Fluctuation": 0.0,
  "Hour": 0.0000000000000022351543031027,
  "Hour_Fluctuation": 0.0,
  "Day": 0.0000000000000022453656406897,
  "Day_Fluctuation": 0.012771856639734706,
  "Week": 0.0000000000000022351543031027,
  "Week_Fluctuation": 0.21069465846697369,
  "Updated": "2018-04-22T23:52:58.5841401Z"
}
