{
  "Live": 0.00000005545320193,
  "Minute": 0.0000000648346749396666,
  "Minute_Fluctuation": 0.29302313705534272,
  "Minute_5": 0.0000000693016850378154,
  "Minute_5_Fluctuation": 0.33135550560036942,
  "Minute_10": 0.000000064088676106252,
  "Minute_10_Fluctuation": 0.26617335180471935,
  "Hour": 0.0000000648334427956014,
  "Hour_Fluctuation": 0.10859685636110417,
  "Day": 0.0000000696309397398464,
  "Day_Fluctuation": 0.036918191791980526,
  "Week": 0.000000070417883617648,
  "Week_Fluctuation": 0.23444488786588252,
  "Updated": "2018-04-22T08:33:28.4033125Z"
}
