{
  "Live": 0.00000000094880699430984,
  "Minute": 0.00000000094880699430984,
  "Minute_Fluctuation": 0.0,
  "Minute_5": 0.00000000094880699430984,
  "Minute_5_Fluctuation": 0.0,
  "Minute_10": 0.00000000094880699430984,
  "Minute_10_Fluctuation": 0.0,
  "Hour": 0.00000000094880699430984,
  "Hour_Fluctuation": 0.0,
  "Day": 0.000000000948033823875513,
  "Day_Fluctuation": 0.0073106064977503946,
  "Week": 0.00000000094880699430984,
  "Week_Fluctuation": 0.20854531883424104,
  "Updated": "2018-04-22T23:52:58.6510155Z"
}
