{
  "Live": 0.00000000000501473929181666,
  "Minute": 0.00000000000501473929181666,
  "Minute_Fluctuation": 0.0,
  "Minute_5": 0.00000000000501473929181666,
  "Minute_5_Fluctuation": 0.0,
  "Minute_10": 0.00000000000501473929181666,
  "Minute_10_Fluctuation": 0.0,
  "Hour": 0.00000000000501506675334222,
  "Hour_Fluctuation": 0.000466035919184247,
  "Day": 0.00000000000501512168332085,
  "Day_Fluctuation": 0.00015808348221964686,
  "Week": 0.00000000000501473929181666,
  "Week_Fluctuation": 0.20593621601040771,
  "Updated": "2018-04-22T23:52:58.8012604Z"
}
