{
  "Live": 0.00000000000023298927648934,
  "Minute": 0.00000000000023298927648934,
  "Minute_Fluctuation": 0.0,
  "Minute_5": 0.00000000000023298927648934,
  "Minute_5_Fluctuation": 0.0,
  "Minute_10": 0.00000000000023298927648934,
  "Minute_10_Fluctuation": 0.0,
  "Hour": 0.000000000000232989343074712,
  "Hour_Fluctuation": 9.8620043966282656E-06,
  "Day": 0.000000000000232958208003298,
  "Day_Fluctuation": 0.00034491609653657508,
  "Week": 0.00000000000023298927648934,
  "Week_Fluctuation": 0.20178442583090908,
  "Updated": "2018-04-23T03:19:46.1646415Z"
}
