{
  "Live": 0.000000355394680021379,
  "Minute": 0.000000355394680021379,
  "Minute_Fluctuation": 0.0,
  "Minute_5": 0.000000355394680021379,
  "Minute_5_Fluctuation": 0.0,
  "Minute_10": 0.000000355394680021379,
  "Minute_10_Fluctuation": 0.0,
  "Hour": 0.00000035539456220326,
  "Hour_Fluctuation": 4.5031514909817988E-06,
  "Day": 0.000000355382940287997,
  "Day_Fluctuation": 8.323652287578553E-05,
  "Week": 0.000000355394680021379,
  "Week_Fluctuation": 0.20174449429679692,
  "Updated": "2018-04-23T03:19:46.0193865Z"
}
