{
  "Live": 0.0000000000666312633953309,
  "Minute": 0.0000000000666312633953309,
  "Minute_Fluctuation": 0.0,
  "Minute_5": 0.0000000000666312633953309,
  "Minute_5_Fluctuation": 0.0,
  "Minute_10": 0.0000000000666312633953309,
  "Minute_10_Fluctuation": 0.0,
  "Hour": 0.0000000000666312633953309,
  "Hour_Fluctuation": 0.0,
  "Day": 0.0000000000666312635629923,
  "Day_Fluctuation": 4.8259067212843737E-05,
  "Week": 0.0000000000666312633953309,
  "Week_Fluctuation": 0.22609895982280157,
  "Updated": "2018-04-22T08:33:06.1937919Z"
}
