{
  "Live": 0.00000000000053547325052035,
  "Minute": 0.00000000000053547325052035,
  "Minute_Fluctuation": 0.0,
  "Minute_5": 0.00000000000053547325052035,
  "Minute_5_Fluctuation": 0.0,
  "Minute_10": 0.00000000000053547325052035,
  "Minute_10_Fluctuation": 0.0,
  "Hour": 0.000000000000535493946897366,
  "Hour_Fluctuation": 0.00043500299768932924,
  "Day": 0.000000000000535515261489668,
  "Day_Fluctuation": 0.00017125103921626061,
  "Week": 0.00000000000053547325052035,
  "Week_Fluctuation": 0.20593930950940292,
  "Updated": "2018-04-22T23:52:58.817088Z"
}
