{
    "Live":  0.00000000000597925,
    "Minute":  0.00000000000597925,
    "Minute_Fluctuation":  0,
    "Minute_5":  0.00000000000597925,
    "Minute_5_Fluctuation":  4.5196338960634874E-07,
    "Minute_10":  0.0000000000000007840072323333,
    "Minute_10_Fluctuation":  78400.723233333338,
    "Hour":  0.0000000000000001306678720556,
    "Hour_Fluctuation":  13066.787205555554,
    "Day":  0.000000000000000005444494669,
    "Day_Fluctuation":  544.4494668981481,
    "Week":  0.0000000000000000007777849527,
    "Week_Fluctuation":  77.778495271164019,
    "Updated":  "\/Date(1530628742731)\/"
}
