{
  "Live": 0.0000000000000223601332025812,
  "Minute": 0.0000000000000223601332025812,
  "Minute_Fluctuation": 0.0,
  "Minute_5": 0.0000000000000223601332025812,
  "Minute_5_Fluctuation": 0.0,
  "Minute_10": 0.0000000000000223601332025812,
  "Minute_10_Fluctuation": 0.0,
  "Hour": 0.0000000000000223601332025812,
  "Hour_Fluctuation": 0.0,
  "Day": 0.0000000000000223601332813893,
  "Day_Fluctuation": 4.828608208660963E-05,
  "Week": 0.0000000000000223601332025812,
  "Week_Fluctuation": 0.22610094465773256,
  "Updated": "2018-04-22T08:33:06.2949258Z"
}
