{
  "Live": 0.000000000000300148506669894,
  "Minute": 0.000000000000300148506669894,
  "Minute_Fluctuation": 0.0,
  "Minute_5": 0.000000000000300148506669894,
  "Minute_5_Fluctuation": 0.0,
  "Minute_10": 0.000000000000300148506669894,
  "Minute_10_Fluctuation": 0.0,
  "Hour": 0.000000000000300150278230055,
  "Hour_Fluctuation": 6.3842822949228121E-05,
  "Day": 0.000000000000300197759376095,
  "Day_Fluctuation": 0.00035380873798893163,
  "Week": 0.000000000000300148506669894,
  "Week_Fluctuation": 0.20179508762191126,
  "Updated": "2018-04-23T03:19:46.2187946Z"
}
