{
  "Live": 0.00000000000053547325052035,
  "Minute": 0.00000000000053547325052035,
  "Minute_Fluctuation": 0.0,
  "Minute_5": 0.00000000000053547325052035,
  "Minute_5_Fluctuation": 0.0,
  "Minute_10": 0.00000000000053547325052035,
  "Minute_10_Fluctuation": 0.0,
  "Hour": 0.000000000000535473284522266,
  "Hour_Fluctuation": 1.2638944203782427E-06,
  "Day": 0.000000000000535507225352289,
  "Day_Fluctuation": 0.00015206163832408488,
  "Week": 0.00000000000053547325052035,
  "Week_Fluctuation": 0.19982461307971983,
  "Updated": "2018-04-23T04:56:29.6079815Z"
}
