{
  "Live": 0.000000355394680021379,
  "Minute": 0.000000355394680021379,
  "Minute_Fluctuation": 0.0,
  "Minute_5": 0.000000355394680021379,
  "Minute_5_Fluctuation": 0.0,
  "Minute_10": 0.000000355394680021379,
  "Minute_10_Fluctuation": 0.0,
  "Hour": 0.00000035538350264105,
  "Hour_Fluctuation": 0.00022393795153780629,
  "Day": 0.000000355381111056758,
  "Day_Fluctuation": 9.063053217513819E-05,
  "Week": 0.000000355394680021379,
  "Week_Fluctuation": 0.20593094459792324,
  "Updated": "2018-04-22T23:52:58.7838763Z"
}
