{
  "Live": 0.0000000000987775439816898,
  "Minute": 0.0000000000987775439816898,
  "Minute_Fluctuation": 0.0,
  "Minute_5": 0.0000000000987775439816898,
  "Minute_5_Fluctuation": 0.0,
  "Minute_10": 0.0000000000987775439816898,
  "Minute_10_Fluctuation": 0.0,
  "Hour": 0.0000000000987775439816898,
  "Hour_Fluctuation": 0.0,
  "Day": 0.0000000000987775438420523,
  "Day_Fluctuation": 4.8233184041323736E-05,
  "Week": 0.0000000000987775439816898,
  "Week_Fluctuation": 0.22609923312062227,
  "Updated": "2018-04-22T08:33:06.223132Z"
}
