{
  "Live": 0.00000000000501463250250369,
  "Minute": 0.00000000000501463250250369,
  "Minute_Fluctuation": 0.0,
  "Minute_5": 0.00000000000501463250250369,
  "Minute_5_Fluctuation": 0.0,
  "Minute_10": 0.00000000000501463250250369,
  "Minute_10_Fluctuation": 0.0,
  "Hour": 0.00000000000501463250250369,
  "Hour_Fluctuation": 0.0,
  "Day": 0.00000000000501463250398425,
  "Day_Fluctuation": 4.8204522383956256E-05,
  "Week": 0.00000000000501463250250369,
  "Week_Fluctuation": 0.22609791284339112,
  "Updated": "2018-04-22T08:33:06.1346243Z"
}
