{
  "Live": 0.00000000000002439,
  "Minute": 0.0000000000000234349016525525,
  "Minute_Fluctuation": 0.040996868218121381,
  "Minute_5": 0.0000000000000226000523912309,
  "Minute_5_Fluctuation": 0.010418275965090904,
  "Minute_10": 0.0000000000000224817093547825,
  "Minute_10_Fluctuation": 0.0053583651152075279,
  "Hour": 0.0000000000000223806220069646,
  "Hour_Fluctuation": 0.00091409809413694283,
  "Day": 0.0000000000000223609887861835,
  "Day_Fluctuation": 8.1625214922620871E-05,
  "Week": 0.0000000000000223602554283548,
  "Week_Fluctuation": 0.22279116391508594,
  "Updated": "2018-04-22T11:01:05.6298317Z"
}
