{
  "Live": 0.00000000000013962,
  "Minute": 0.000000000000169902234966132,
  "Minute_Fluctuation": 0.15121361569982503,
  "Minute_5": 0.000000000000197007015027888,
  "Minute_5_Fluctuation": 0.037303647838041576,
  "Minute_10": 0.000000000000200847803838318,
  "Minute_10_Fluctuation": 0.019087740566744487,
  "Hour": 0.000000000000204128326378539,
  "Hour_Fluctuation": 0.0032417123801222608,
  "Day": 0.000000000000204765450002055,
  "Day_Fluctuation": 0.000179051610668545,
  "Week": 0.000000000000204789244114895,
  "Week_Fluctuation": 0.22280942239641624,
  "Updated": "2018-04-22T11:01:05.9297168Z"
}
