{
  "Live": 0.000000000000728103683581151,
  "Minute": 0.000000000000728103683581151,
  "Minute_Fluctuation": 0.0,
  "Minute_5": 0.000000000000728103683581151,
  "Minute_5_Fluctuation": 0.0,
  "Minute_10": 0.000000000000728103683581151,
  "Minute_10_Fluctuation": 0.0,
  "Hour": 0.000000000000728103475868778,
  "Hour_Fluctuation": 7.1482575290646373E-06,
  "Day": 0.000000000000728152925511726,
  "Day_Fluctuation": 0.00019937628111879339,
  "Week": 0.000000000000728103683581151,
  "Week_Fluctuation": 0.20181713230626461,
  "Updated": "2018-04-23T03:19:46.1841102Z"
}
