{
  "Live": 0.000000000098775108603824,
  "Minute": 0.000000000098775108603824,
  "Minute_Fluctuation": 0.0,
  "Minute_5": 0.000000000098775108603824,
  "Minute_5_Fluctuation": 0.0,
  "Minute_10": 0.000000000098775108603824,
  "Minute_10_Fluctuation": 0.0,
  "Hour": 0.0000000000987751097058204,
  "Hour_Fluctuation": 6.4089521000122657E-07,
  "Day": 0.000000000098769264562144,
  "Day_Fluctuation": 0.00015996563617333613,
  "Week": 0.000000000098775108603824,
  "Week_Fluctuation": 0.19982644486232776,
  "Updated": "2018-04-23T04:56:29.6967615Z"
}
