{
    "Live":  0.00000000006822742,
    "Minute":  0.00000000006822742,
    "Minute_Fluctuation":  0,
    "Minute_5":  0.00000000006822742,
    "Minute_5_Fluctuation":  5.9180919090328461E-05,
    "Minute_10":  0.0000000000000195440628536267,
    "Minute_10_Fluctuation":  1954406.2853626667,
    "Hour":  0.0000000000000032573438089378,
    "Hour_Fluctuation":  325734.38089377782,
    "Day":  0.0000000000000001357226587057,
    "Day_Fluctuation":  13572.265870574076,
    "Week":  0.0000000000000000193889512437,
    "Week_Fluctuation":  1938.895124367725,
    "Updated":  "\/Date(1530628742840)\/"
}
