{
    "Live":  0.00000022339716186,
    "Minute":  0.00000022339716186,
    "Minute_Fluctuation":  0,
    "Minute_5":  0.00000022339716186,
    "Minute_5_Fluctuation":  2.6215240232521222E-05,
    "Minute_10":  0.0000000000290687365641057,
    "Minute_10_Fluctuation":  2906873656.4105682,
    "Hour":  0.00000000000484478942735095,
    "Hour_Fluctuation":  484478942.73509467,
    "Day":  0.000000000000201866226139623,
    "Day_Fluctuation":  20186622.613962278,
    "Week":  0.0000000000000288380323056604,
    "Week_Fluctuation":  2883803.2305660397,
    "Updated":  "\/Date(1530628742716)\/"
}
