{
  "Live": 0.000000000000131979789420682,
  "Minute": 0.000000000000131979789420682,
  "Minute_Fluctuation": 0.0,
  "Minute_5": 0.000000000000131979789420682,
  "Minute_5_Fluctuation": 0.0,
  "Minute_10": 0.000000000000131979789420682,
  "Minute_10_Fluctuation": 0.0,
  "Hour": 0.000000000000131979850119721,
  "Hour_Fluctuation": 6.3052829702182417E-06,
  "Day": 0.000000000000131985361046812,
  "Day_Fluctuation": 9.9954686082143922E-05,
  "Week": 0.000000000000131979789420682,
  "Week_Fluctuation": 0.20174930305096977,
  "Updated": "2018-04-23T03:19:46.0735433Z"
}
