{
    "Live":  0.00000013204124252,
    "Minute":  0.00000013204124252,
    "Minute_Fluctuation":  0,
    "Minute_5":  0.00000013204124252,
    "Minute_5_Fluctuation":  1.5613450880978519E-06,
    "Minute_10":  0.0000000000137483102261724,
    "Minute_10_Fluctuation":  1374831022.6172428,
    "Hour":  0.0000000000022913850376954,
    "Hour_Fluctuation":  229138503.76954043,
    "Day":  0.0000000000000954743765706418,
    "Day_Fluctuation":  9547437.6570641845,
    "Week":  0.0000000000000136391966529488,
    "Week_Fluctuation":  1363919.6652948833,
    "Updated":  "\/Date(1530628742700)\/"
}
