{
  "Live": 0.000000000000728083728386235,
  "Minute": 0.000000000000728083728386235,
  "Minute_Fluctuation": 0.0,
  "Minute_5": 0.000000000000728083728386235,
  "Minute_5_Fluctuation": 0.0,
  "Minute_10": 0.000000000000728083728386235,
  "Minute_10_Fluctuation": 0.0,
  "Hour": 0.000000000000728083728386235,
  "Hour_Fluctuation": 0.0,
  "Day": 0.000000000000728083789756484,
  "Day_Fluctuation": 5.0306440443691266E-05,
  "Week": 0.000000000000728083728386235,
  "Week_Fluctuation": 0.22616340692537748,
  "Updated": "2018-04-22T08:33:06.2505713Z"
}
