{
    "Live":  0.000000000054465,
    "Minute":  0.000000000054465,
    "Minute_Fluctuation":  0,
    "Minute_5":  0.000000000054465,
    "Minute_5_Fluctuation":  2.2292407534565864E-06,
    "Minute_10":  0.00000000000000567096842,
    "Minute_10_Fluctuation":  567096.84200000006,
    "Hour":  0.0000000000000009451614033333,
    "Hour_Fluctuation":  94516.140333333344,
    "Day":  0.0000000000000000393817251389,
    "Day_Fluctuation":  3938.1725138888892,
    "Week":  0.0000000000000000056259607341,
    "Week_Fluctuation":  562.59607341269839,
    "Updated":  "\/Date(1530628742700)\/"
}
