{
  "Live": 0.00000000810984663096959,
  "Minute": 0.00000000810984663096959,
  "Minute_Fluctuation": 0.0,
  "Minute_5": 0.00000000810984663096959,
  "Minute_5_Fluctuation": 0.0,
  "Minute_10": 0.00000000810984663096959,
  "Minute_10_Fluctuation": 0.0,
  "Hour": 0.00000000810985546392776,
  "Hour_Fluctuation": 1.5999300077132573E-05,
  "Day": 0.00000000811093119044412,
  "Day_Fluctuation": 0.00028594139224032454,
  "Week": 0.00000000810984663096959,
  "Week_Fluctuation": 0.20177850407377523,
  "Updated": "2018-04-23T03:19:46.2545416Z"
}
