{
  "Live": 0.00000000000322134670148248,
  "Minute": 0.00000000000322134670148248,
  "Minute_Fluctuation": 0.0,
  "Minute_5": 0.00000000000322134670148248,
  "Minute_5_Fluctuation": 0.0,
  "Minute_10": 0.00000000000322134670148248,
  "Minute_10_Fluctuation": 0.0,
  "Hour": 0.00000000000322134198175033,
  "Hour_Fluctuation": 1.766822329052147E-05,
  "Day": 0.00000000000322130242291345,
  "Day_Fluctuation": 0.00020514132750260662,
  "Week": 0.00000000000322134670148248,
  "Week_Fluctuation": 0.20176912065196717,
  "Updated": "2018-04-23T03:19:46.0902409Z"
}
