{
  "Live": 0.0000000000000223601818551902,
  "Minute": 0.0000000000000223601818551902,
  "Minute_Fluctuation": 0.0,
  "Minute_5": 0.0000000000000223601818551902,
  "Minute_5_Fluctuation": 0.0,
  "Minute_10": 0.0000000000000223601818551902,
  "Minute_10_Fluctuation": 0.0,
  "Hour": 0.0000000000000223601802247231,
  "Hour_Fluctuation": 1.0506810742002457E-06,
  "Day": 0.0000000000000223601546285287,
  "Day_Fluctuation": 6.1650541552748684E-05,
  "Week": 0.0000000000000223601818551902,
  "Week_Fluctuation": 0.19981296850479985,
  "Updated": "2018-04-23T04:56:29.779664Z"
}
