{
  "Live": 0.000000000000204793210449212,
  "Minute": 0.000000000000204793210449212,
  "Minute_Fluctuation": 0.0,
  "Minute_5": 0.000000000000204793210449212,
  "Minute_5_Fluctuation": 0.0,
  "Minute_10": 0.000000000000204793210449212,
  "Minute_10_Fluctuation": 0.0,
  "Hour": 0.000000000000204793210449212,
  "Hour_Fluctuation": 0.0,
  "Day": 0.000000000000204793212348652,
  "Day_Fluctuation": 4.8430163096476695E-05,
  "Week": 0.000000000000204793210449212,
  "Week_Fluctuation": 0.22610551159380973,
  "Updated": "2018-04-22T08:33:06.2075196Z"
}
