{
  "Live": 0.000000000000233001570878805,
  "Minute": 0.000000000000233001570878805,
  "Minute_Fluctuation": 0.0,
  "Minute_5": 0.000000000000233001570878805,
  "Minute_5_Fluctuation": 0.0,
  "Minute_10": 0.000000000000233001570878805,
  "Minute_10_Fluctuation": 0.0,
  "Hour": 0.000000000000233001570878805,
  "Hour_Fluctuation": 0.0,
  "Day": 0.000000000000233001571808193,
  "Day_Fluctuation": 4.8297369812595465E-05,
  "Week": 0.000000000000233001570878805,
  "Week_Fluctuation": 0.22610107633216103,
  "Updated": "2018-04-22T08:33:06.2367132Z"
}
