{
  "Live": 0.000000175465250757549,
  "Minute": 0.000000175465250757549,
  "Minute_Fluctuation": 0.0,
  "Minute_5": 0.000000175465250757549,
  "Minute_5_Fluctuation": 0.0,
  "Minute_10": 0.000000175465250757549,
  "Minute_10_Fluctuation": 0.0,
  "Hour": 0.000000175465250757549,
  "Hour_Fluctuation": 0.0,
  "Day": 0.000000175465250722003,
  "Day_Fluctuation": 4.8201443942405184E-05,
  "Week": 0.000000175465250757549,
  "Week_Fluctuation": 0.22609734702922848,
  "Updated": "2018-04-22T08:33:06.1050394Z"
}
