{
  "Live": 0.000000000000131978011267541,
  "Minute": 0.000000000000131978011267541,
  "Minute_Fluctuation": 0.0,
  "Minute_5": 0.000000000000131978011267541,
  "Minute_5_Fluctuation": 0.0,
  "Minute_10": 0.000000000000131978011267541,
  "Minute_10_Fluctuation": 0.0,
  "Hour": 0.000000000000131978011267541,
  "Hour_Fluctuation": 0.0,
  "Day": 0.000000000000131978010090924,
  "Day_Fluctuation": 4.842159393249159E-05,
  "Week": 0.000000000000131978011267541,
  "Week_Fluctuation": 0.22610550770452773,
  "Updated": "2018-04-22T08:33:06.1644926Z"
}
