{
  "Live": 0.000000000000131979789420682,
  "Minute": 0.000000000000131979789420682,
  "Minute_Fluctuation": 0.0,
  "Minute_5": 0.000000000000131979789420682,
  "Minute_5_Fluctuation": 0.0,
  "Minute_10": 0.000000000000131979789420682,
  "Minute_10_Fluctuation": 0.0,
  "Hour": 0.000000000000131985547935912,
  "Hour_Fluctuation": 0.000316183464613053,
  "Day": 0.000000000000131986229192354,
  "Day_Fluctuation": 0.00010840429244249058,
  "Week": 0.000000000000131979789420682,
  "Week_Fluctuation": 0.2059358549361254,
  "Updated": "2018-04-22T23:52:58.8327617Z"
}
