{
  "Live": 0.00000000000322134670148248,
  "Minute": 0.00000000000322134670148248,
  "Minute_Fluctuation": 0.0,
  "Minute_5": 0.00000000000322134670148248,
  "Minute_5_Fluctuation": 0.0,
  "Minute_10": 0.00000000000322134670148248,
  "Minute_10_Fluctuation": 0.0,
  "Hour": 0.00000000000322134596586074,
  "Hour_Fluctuation": 3.2530511588710441E-06,
  "Day": 0.00000000000322130531326991,
  "Day_Fluctuation": 0.00019262203655044709,
  "Week": 0.00000000000322134670148248,
  "Week_Fluctuation": 0.1998408877290403,
  "Updated": "2018-04-23T04:56:29.6450735Z"
}
