{
  "Live": 0.0000000000000017000020255775,
  "Minute": 0.0000000000000017000020255775,
  "Minute_Fluctuation": 0.0,
  "Minute_5": 0.0000000000000017000020255775,
  "Minute_5_Fluctuation": 0.0,
  "Minute_10": 0.0000000000000017000020255775,
  "Minute_10_Fluctuation": 0.0,
  "Hour": 0.0000000000000017000020255775,
  "Hour_Fluctuation": 0.0,
  "Day": 0.0000000000000017000020267758,
  "Day_Fluctuation": 4.8214275904929975E-05,
  "Week": 0.0000000000000017000020255775,
  "Week_Fluctuation": 0.22609791897311449,
  "Updated": "2018-04-22T08:33:06.2660228Z"
}
