{
  "Live": 0.00000000000013552,
  "Minute": 0.000000000000182210619802297,
  "Minute_Fluctuation": 0.40295397437951047,
  "Minute_5": 0.000000000000221646561062107,
  "Minute_5_Fluctuation": 0.10467085324989064,
  "Minute_10": 0.000000000000227243402743986,
  "Minute_10_Fluctuation": 0.053757544337842494,
  "Hour": 0.000000000000231122609764732,
  "Hour_Fluctuation": 0.00911394637002833,
  "Day": 0.000000000000232912633142328,
  "Day_Fluctuation": 0.00042638681900677153,
  "Week": 0.000000000000232988808134652,
  "Week_Fluctuation": 0.22284077586361428,
  "Updated": "2018-04-22T11:01:05.0322614Z"
}
