{
  "Live": 0.00000000000322133689110553,
  "Minute": 0.00000000000322133689110553,
  "Minute_Fluctuation": 0.0,
  "Minute_5": 0.00000000000322133689110553,
  "Minute_5_Fluctuation": 0.0,
  "Minute_10": 0.00000000000322133689110553,
  "Minute_10_Fluctuation": 0.0,
  "Hour": 0.00000000000322133689110553,
  "Hour_Fluctuation": 0.0,
  "Day": 0.00000000000322133688926621,
  "Day_Fluctuation": 4.8211573928345078E-05,
  "Week": 0.00000000000322133689110553,
  "Week_Fluctuation": 0.22609822918582895,
  "Updated": "2018-04-22T08:33:06.1783795Z"
}
