{
  "Live": 0.0000000000000223601818551902,
  "Minute": 0.0000000000000223601818551902,
  "Minute_Fluctuation": 0.0,
  "Minute_5": 0.0000000000000223601818551902,
  "Minute_5_Fluctuation": 0.0,
  "Minute_10": 0.0000000000000223601818551902,
  "Minute_10_Fluctuation": 0.0,
  "Hour": 0.0000000000000223601713940946,
  "Hour_Fluctuation": 5.7183109754697514E-06,
  "Day": 0.0000000000000223601527271512,
  "Day_Fluctuation": 6.5867539527680465E-05,
  "Week": 0.0000000000000223601818551902,
  "Week_Fluctuation": 0.20174092834903165,
  "Updated": "2018-04-23T03:19:46.2359799Z"
}
