{
  "Live": 0.00000000810984663096959,
  "Minute": 0.00000000810984663096959,
  "Minute_Fluctuation": 0.0,
  "Minute_5": 0.00000000810984663096959,
  "Minute_5_Fluctuation": 0.0,
  "Minute_10": 0.00000000810984663096959,
  "Minute_10_Fluctuation": 0.0,
  "Hour": 0.00000000810984800767561,
  "Hour_Fluctuation": 2.8648009390275783E-06,
  "Day": 0.000000008110860394176,
  "Day_Fluctuation": 0.00027575547487816097,
  "Week": 0.00000000810984663096959,
  "Week_Fluctuation": 0.19985018547670361,
  "Updated": "2018-04-23T04:56:29.797187Z"
}
