{
  "Live": 0.00000000810948168794325,
  "Minute": 0.00000000810948168794325,
  "Minute_Fluctuation": 0.0,
  "Minute_5": 0.00000000810948168794325,
  "Minute_5_Fluctuation": 0.0,
  "Minute_10": 0.00000000810948168794325,
  "Minute_10_Fluctuation": 0.0,
  "Hour": 0.00000000810948168794325,
  "Hour_Fluctuation": 0.0,
  "Day": 0.00000000810948177830698,
  "Day_Fluctuation": 4.8475452434176562E-05,
  "Week": 0.00000000810948168794325,
  "Week_Fluctuation": 0.2261060401984441,
  "Updated": "2018-04-22T08:33:06.3088468Z"
}
