{
  "Live": 0.00000000000023298927648934,
  "Minute": 0.00000000000023298927648934,
  "Minute_Fluctuation": 0.0,
  "Minute_5": 0.00000000000023298927648934,
  "Minute_5_Fluctuation": 0.0,
  "Minute_10": 0.00000000000023298927648934,
  "Minute_10_Fluctuation": 0.0,
  "Hour": 0.000000000000232989286867357,
  "Hour_Fluctuation": 1.6344809500676029E-06,
  "Day": 0.000000000000232960236047801,
  "Day_Fluctuation": 0.00033085819858516178,
  "Week": 0.00000000000023298927648934,
  "Week_Fluctuation": 0.19985604876353705,
  "Updated": "2018-04-23T04:56:29.7129979Z"
}
