{
    "Live":  0.00000000000008859,
    "Minute":  0.00000000000008859,
    "Minute_Fluctuation":  0,
    "Minute_5":  0.00000000000008859,
    "Minute_5_Fluctuation":  2.2836286655775153E-06,
    "Minute_10":  0.00000000000000002561325892,
    "Minute_10_Fluctuation":  2561.325892,
    "Hour":  0.0000000000000000042688764867,
    "Hour_Fluctuation":  426.88764866666668,
    "Day":  0.0000000000000000001778698536,
    "Day_Fluctuation":  17.78698536111111,
    "Week":  0.0000000000000000000254099791,
    "Week_Fluctuation":  2.5409979087301586,
    "Updated":  "\/Date(1530628742857)\/"
}
