{
  "Live": 0.0000000000000016999675963648,
  "Minute": 0.0000000000000016999675963648,
  "Minute_Fluctuation": 0.0,
  "Minute_5": 0.0000000000000016999675963648,
  "Minute_5_Fluctuation": 0.0,
  "Minute_10": 0.0000000000000016999675963648,
  "Minute_10_Fluctuation": 0.0,
  "Hour": 0.0000000000000016998110222166,
  "Hour_Fluctuation": 0.00054066789116715189,
  "Day": 0.0000000000000016998349510478,
  "Day_Fluctuation": 0.00015286939595963547,
  "Week": 0.0000000000000016999675963648,
  "Week_Fluctuation": 0.20593536256114231,
  "Updated": "2018-04-22T23:52:58.9487243Z"
}
