{
  "Live": 0.00000000000501473929181666,
  "Minute": 0.00000000000501473929181666,
  "Minute_Fluctuation": 0.0,
  "Minute_5": 0.00000000000501473929181666,
  "Minute_5_Fluctuation": 0.0,
  "Minute_10": 0.00000000000501473929181666,
  "Minute_10_Fluctuation": 0.0,
  "Hour": 0.0000000000050147398298017,
  "Hour_Fluctuation": 1.6935633409396227E-06,
  "Day": 0.00000000000501504853693946,
  "Day_Fluctuation": 0.00014103201447452079,
  "Week": 0.00000000000501473929181666,
  "Week_Fluctuation": 0.19982161201225282,
  "Updated": "2018-04-23T04:56:29.59041Z"
}
