{
  "Live": 0.000000000000728103683581151,
  "Minute": 0.000000000000728103683581151,
  "Minute_Fluctuation": 0.0,
  "Minute_5": 0.000000000000728103683581151,
  "Minute_5_Fluctuation": 0.0,
  "Minute_10": 0.000000000000728103683581151,
  "Minute_10_Fluctuation": 0.0,
  "Hour": 0.000000000000728103651207081,
  "Hour_Fluctuation": 1.2113406530162164E-06,
  "Day": 0.000000000000728149711167854,
  "Day_Fluctuation": 0.00019065004478945722,
  "Week": 0.000000000000728103683581151,
  "Week_Fluctuation": 0.19988844329564623,
  "Updated": "2018-04-23T04:56:29.7305691Z"
}
