{
  "Live": 0.000000000000204786437305494,
  "Minute": 0.000000000000204786437305494,
  "Minute_Fluctuation": 0.0,
  "Minute_5": 0.000000000000204786437305494,
  "Minute_5_Fluctuation": 0.0,
  "Minute_10": 0.000000000000204786437305494,
  "Minute_10_Fluctuation": 0.0,
  "Hour": 0.000000000000204786038174,
  "Hour_Fluctuation": 2.3359697087500991E-05,
  "Day": 0.00000000000020476269744377,
  "Day_Fluctuation": 0.0002226917734313202,
  "Week": 0.000000000000204786437305494,
  "Week_Fluctuation": 0.20176768300273909,
  "Updated": "2018-04-23T03:19:46.1285248Z"
}
