{
  "Live": 0.000000175468488400668,
  "Minute": 0.000000175468488400668,
  "Minute_Fluctuation": 0.0,
  "Minute_5": 0.000000175468488400668,
  "Minute_5_Fluctuation": 0.0,
  "Minute_10": 0.000000175468488400668,
  "Minute_10_Fluctuation": 0.0,
  "Hour": 0.000000175481495547545,
  "Hour_Fluctuation": 0.0004576584326675969,
  "Day": 0.000000175480642848191,
  "Day_Fluctuation": 0.00014070719844284739,
  "Week": 0.000000175468488400668,
  "Week_Fluctuation": 0.205933086600914,
  "Updated": "2018-04-22T23:52:58.7677634Z"
}
