{
  "Live": 0.0000000000000223601818551902,
  "Minute": 0.0000000000000223601818551902,
  "Minute_Fluctuation": 0.0,
  "Minute_5": 0.0000000000000223601818551902,
  "Minute_5_Fluctuation": 0.0,
  "Minute_10": 0.0000000000000223601818551902,
  "Minute_10_Fluctuation": 0.0,
  "Hour": 0.0000000000000223591894094784,
  "Hour_Fluctuation": 0.0002556247820657149,
  "Day": 0.0000000000000223601481885472,
  "Day_Fluctuation": 7.5910864884023865E-05,
  "Week": 0.0000000000000223601818551902,
  "Week_Fluctuation": 0.20592731060117708,
  "Updated": "2018-04-22T23:52:58.9829915Z"
}
