{
  "Live": 0.00000000000023298927648934,
  "Minute": 0.00000000000023298927648934,
  "Minute_Fluctuation": 0.0,
  "Minute_5": 0.00000000000023298927648934,
  "Minute_5_Fluctuation": 0.0,
  "Minute_10": 0.00000000000023298927648934,
  "Minute_10_Fluctuation": 0.0,
  "Hour": 0.000000000000232995593457448,
  "Hour_Fluctuation": 0.00076037606372923077,
  "Day": 0.000000000000232953367049318,
  "Day_Fluctuation": 0.00037614966838274237,
  "Week": 0.00000000000023298927648934,
  "Week_Fluctuation": 0.20597170920756178,
  "Updated": "2018-04-22T23:52:58.9160819Z"
}
