{
  "Live": 0.0000000000000016999675963648,
  "Minute": 0.0000000000000016999675963648,
  "Minute_Fluctuation": 0.0,
  "Minute_5": 0.0000000000000016999675963648,
  "Minute_5_Fluctuation": 0.0,
  "Minute_10": 0.0000000000000016999675963648,
  "Minute_10_Fluctuation": 0.0,
  "Hour": 0.0000000000000016999659459612,
  "Hour_Fluctuation": 1.1974032890814867E-05,
  "Day": 0.0000000000000016998528329759,
  "Day_Fluctuation": 0.00014211997753928575,
  "Week": 0.0000000000000016999675963648,
  "Week_Fluctuation": 0.20174881702913602,
  "Updated": "2018-04-23T03:19:46.2004701Z"
}
