{
    "Live":  0.00000000000013607,
    "Minute":  0.00000000000013607,
    "Minute_Fluctuation":  0,
    "Minute_5":  0.00000000000013607,
    "Minute_5_Fluctuation":  0.0001912933646193182,
    "Minute_10":  0.0000000000000000354400664933,
    "Minute_10_Fluctuation":  3544.0066493333334,
    "Hour":  0.0000000000000000059066777489,
    "Hour_Fluctuation":  590.66777488888886,
    "Day":  0.0000000000000000002461115729,
    "Day_Fluctuation":  24.611157287037035,
    "Week":  0.0000000000000000000351587961,
    "Week_Fluctuation":  3.5158796124338623,
    "Updated":  "\/Date(1530628742825)\/"
}
