{
  "Live": 0.000000000000204786437305494,
  "Minute": 0.000000000000204786437305494,
  "Minute_Fluctuation": 0.0,
  "Minute_5": 0.000000000000204786437305494,
  "Minute_5_Fluctuation": 0.0,
  "Minute_10": 0.000000000000204786437305494,
  "Minute_10_Fluctuation": 0.0,
  "Hour": 0.000000000000204748571598552,
  "Hour_Fluctuation": 0.0010209855067386368,
  "Day": 0.000000000000204758998404637,
  "Day_Fluctuation": 0.00023782223621792134,
  "Week": 0.000000000000204786437305494,
  "Week_Fluctuation": 0.20595461779644014,
  "Updated": "2018-04-22T23:52:58.8833496Z"
}
