{
  "Live": 0.00000000810984663096959,
  "Minute": 0.00000000810984663096959,
  "Minute_Fluctuation": 0.0,
  "Minute_5": 0.00000000810984663096959,
  "Minute_5_Fluctuation": 0.0,
  "Minute_10": 0.00000000810984663096959,
  "Minute_10_Fluctuation": 0.0,
  "Hour": 0.00000000811068461645123,
  "Hour_Fluctuation": 0.00085003996963111143,
  "Day": 0.00000000811110018180754,
  "Day_Fluctuation": 0.00030792711946889007,
  "Week": 0.00000000810984663096959,
  "Week_Fluctuation": 0.20596566707699773,
  "Updated": "2018-04-22T23:52:58.9986048Z"
}
