{
  "Live": 0.00000000000322134670148248,
  "Minute": 0.00000000000322134670148248,
  "Minute_Fluctuation": 0.0,
  "Minute_5": 0.00000000000322134670148248,
  "Minute_5_Fluctuation": 0.0,
  "Minute_10": 0.00000000000322134670148248,
  "Minute_10_Fluctuation": 0.0,
  "Hour": 0.00000000000322089894020282,
  "Hour_Fluctuation": 0.00077776193395129539,
  "Day": 0.00000000000322129552362772,
  "Day_Fluctuation": 0.00023478553177569536,
  "Week": 0.00000000000322134670148248,
  "Week_Fluctuation": 0.20595608359097456,
  "Updated": "2018-04-22T23:52:58.8500148Z"
}
