{
  "Live": 0.000000175468488400668,
  "Minute": 0.000000175468488400668,
  "Minute_Fluctuation": 0.0,
  "Minute_5": 0.000000175468488400668,
  "Minute_5_Fluctuation": 0.0,
  "Minute_10": 0.000000175468488400668,
  "Minute_10_Fluctuation": 0.0,
  "Hour": 0.000000175468625506067,
  "Hour_Fluctuation": 9.8741042186659143E-06,
  "Day": 0.000000175479004307907,
  "Day_Fluctuation": 0.00013048938772782466,
  "Week": 0.000000175468488400668,
  "Week_Fluctuation": 0.2017465927357458,
  "Updated": "2018-04-23T03:19:46.0033344Z"
}
