{
  "Live": 0.000000000000300148506669894,
  "Minute": 0.000000000000300148506669894,
  "Minute_Fluctuation": 0.0,
  "Minute_5": 0.000000000000300148506669894,
  "Minute_5_Fluctuation": 0.0,
  "Minute_10": 0.000000000000300148506669894,
  "Minute_10_Fluctuation": 0.0,
  "Hour": 0.000000000000300316575003335,
  "Hour_Fluctuation": 0.0024384041329095136,
  "Day": 0.000000000000300205433718183,
  "Day_Fluctuation": 0.00038124658738325165,
  "Week": 0.000000000000300148506669894,
  "Week_Fluctuation": 0.2059825940154057,
  "Updated": "2018-04-22T23:52:58.9650295Z"
}
