{
  "Live": 0.0000000000666322064591329,
  "Minute": 0.0000000000666322064591329,
  "Minute_Fluctuation": 0.0,
  "Minute_5": 0.0000000000666322064591329,
  "Minute_5_Fluctuation": 0.0,
  "Minute_10": 0.0000000000666322064591329,
  "Minute_10_Fluctuation": 0.0,
  "Hour": 0.0000000000666322128510123,
  "Hour_Fluctuation": 1.4184948145363354E-06,
  "Day": 0.000000000066635086036248,
  "Day_Fluctuation": 0.00010074949904910171,
  "Week": 0.0000000000666322064591329,
  "Week_Fluctuation": 0.19981606170178728,
  "Updated": "2018-04-23T04:56:29.6611958Z"
}
