{
  "Live": 0.000000355394680021379,
  "Minute": 0.000000355394680021379,
  "Minute_Fluctuation": 0.0,
  "Minute_5": 0.000000355394680021379,
  "Minute_5_Fluctuation": 0.0,
  "Minute_10": 0.000000355394680021379,
  "Minute_10_Fluctuation": 0.0,
  "Hour": 0.000000355394661658127,
  "Hour_Fluctuation": 8.1483307344731008E-07,
  "Day": 0.000000355383706618454,
  "Day_Fluctuation": 7.9897908558311577E-05,
  "Week": 0.000000355394680021379,
  "Week_Fluctuation": 0.19981649658067657,
  "Updated": "2018-04-23T04:56:29.5746487Z"
}
