{
  "Live": 0.000000000000728103683581151,
  "Minute": 0.000000000000728103683581151,
  "Minute_Fluctuation": 0.0,
  "Minute_5": 0.000000000000728103683581151,
  "Minute_5_Fluctuation": 0.0,
  "Minute_10": 0.000000000000728103683581151,
  "Minute_10_Fluctuation": 0.0,
  "Hour": 0.000000000000728083977862659,
  "Hour_Fluctuation": 0.0005032310532229402,
  "Day": 0.000000000000728160598173965,
  "Day_Fluctuation": 0.00021902834008039328,
  "Week": 0.000000000000728103683581151,
  "Week_Fluctuation": 0.20600509571852565,
  "Updated": "2018-04-22T23:52:58.9316289Z"
}
