{
  "Live": 0.000000000098775108603824,
  "Minute": 0.000000000098775108603824,
  "Minute_Fluctuation": 0.0,
  "Minute_5": 0.000000000098775108603824,
  "Minute_5_Fluctuation": 0.0,
  "Minute_10": 0.000000000098775108603824,
  "Minute_10_Fluctuation": 0.0,
  "Hour": 0.0000000000987751156742142,
  "Hour_Fluctuation": 3.9554739447948456E-06,
  "Day": 0.0000000000987688564423909,
  "Day_Fluctuation": 0.00016684244681808652,
  "Week": 0.000000000098775108603824,
  "Week_Fluctuation": 0.20175453654646608,
  "Updated": "2018-04-23T03:19:46.1475945Z"
}
