{
  "Live": 0.000000000000300139875513997,
  "Minute": 0.000000000000300139875513997,
  "Minute_Fluctuation": 0.0,
  "Minute_5": 0.000000000000300139875513997,
  "Minute_5_Fluctuation": 0.0,
  "Minute_10": 0.000000000000300139875513997,
  "Minute_10_Fluctuation": 0.0,
  "Hour": 0.000000000000300139875513997,
  "Hour_Fluctuation": 0.0,
  "Day": 0.000000000000300139881356679,
  "Day_Fluctuation": 4.868419595395928E-05,
  "Week": 0.000000000000300139875513997,
  "Week_Fluctuation": 0.2261128061463005,
  "Updated": "2018-04-22T08:33:06.2796639Z"
}
