{
    "Live":  0.00000000891695701,
    "Minute":  0.00000000891695701,
    "Minute_Fluctuation":  0,
    "Minute_5":  0.00000000891695701,
    "Minute_5_Fluctuation":  4.1963118578754981E-05,
    "Minute_10":  0.00000000000116920329242721,
    "Minute_10_Fluctuation":  116920329.24272135,
    "Hour":  0.000000000000194867215404536,
    "Hour_Fluctuation":  19486721.540453557,
    "Day":  0.0000000000000081194673085223,
    "Day_Fluctuation":  811946.7308522315,
    "Week":  0.0000000000000011599239012175,
    "Week_Fluctuation":  115992.39012174736,
    "Updated":  "\/Date(1530628742731)\/"
}
