{
  "Live": 0.00000000000053547325052035,
  "Minute": 0.00000000000053547325052035,
  "Minute_Fluctuation": 0.0,
  "Minute_5": 0.00000000000053547325052035,
  "Minute_5_Fluctuation": 0.0,
  "Minute_10": 0.00000000000053547325052035,
  "Minute_10_Fluctuation": 0.0,
  "Hour": 0.000000000000535473468675758,
  "Hour_Fluctuation": 7.2183913978688036E-06,
  "Day": 0.000000000000535509597993066,
  "Day_Fluctuation": 0.00015807618032922,
  "Week": 0.00000000000053547325052035,
  "Week_Fluctuation": 0.20175268871827504,
  "Updated": "2018-04-23T03:19:46.0539023Z"
}
