{
    "Live":  0.00000000000022448,
    "Minute":  0.00000000000022448,
    "Minute_Fluctuation":  0,
    "Minute_5":  0.00000000000022448,
    "Minute_5_Fluctuation":  2.2820004466510879E-05,
    "Minute_10":  0.0000000000000000586913435733,
    "Minute_10_Fluctuation":  5869.1343573333343,
    "Hour":  0.0000000000000000097818905956,
    "Hour_Fluctuation":  978.18905955555556,
    "Day":  0.0000000000000000004075787748,
    "Day_Fluctuation":  40.757877481481479,
    "Week":  0.0000000000000000000582255393,
    "Week_Fluctuation":  5.8225539259259254,
    "Updated":  "\/Date(1530628742840)\/"
}
