{
  "Live": 0.0000000000666322064591329,
  "Minute": 0.0000000000666322064591329,
  "Minute_Fluctuation": 0.0,
  "Minute_5": 0.0000000000666322064591329,
  "Minute_5_Fluctuation": 0.0,
  "Minute_10": 0.0000000000666322064591329,
  "Minute_10_Fluctuation": 0.0,
  "Hour": 0.0000000000666360970908404,
  "Hour_Fluctuation": 0.000358377089652594,
  "Day": 0.000000000066635767148767,
  "Day_Fluctuation": 0.00011315182694495525,
  "Week": 0.0000000000666322064591329,
  "Week_Fluctuation": 0.20593049792412388,
  "Updated": "2018-04-22T23:52:58.8659968Z"
}
