{
  "Live": 0.000000000000131979789420682,
  "Minute": 0.000000000000131979789420682,
  "Minute_Fluctuation": 0.0,
  "Minute_5": 0.000000000000131979789420682,
  "Minute_5_Fluctuation": 0.0,
  "Minute_10": 0.000000000000131979789420682,
  "Minute_10_Fluctuation": 0.0,
  "Hour": 0.000000000000131979798881306,
  "Hour_Fluctuation": 1.1394694991289295E-06,
  "Day": 0.00000000000013198499735005,
  "Day_Fluctuation": 9.61069022507203E-05,
  "Week": 0.000000000000131979789420682,
  "Week_Fluctuation": 0.19982126115148063,
  "Updated": "2018-04-23T04:56:29.6234375Z"
}
