{
  "Live": 0.000000000000204786437305494,
  "Minute": 0.000000000000204786437305494,
  "Minute_Fluctuation": 0.0,
  "Minute_5": 0.000000000000204786437305494,
  "Minute_5_Fluctuation": 0.0,
  "Minute_10": 0.000000000000204786437305494,
  "Minute_10_Fluctuation": 0.0,
  "Hour": 0.000000000000204786375096427,
  "Hour_Fluctuation": 4.3050191509309727E-06,
  "Day": 0.00000000000020476424710129,
  "Day_Fluctuation": 0.00021550718980473013,
  "Week": 0.000000000000204786437305494,
  "Week_Fluctuation": 0.1998394651228125,
  "Updated": "2018-04-23T04:56:29.6794122Z"
}
