{
  "Live": 0.000000000000535460635882103,
  "Minute": 0.000000000000535460635882103,
  "Minute_Fluctuation": 0.0,
  "Minute_5": 0.000000000000535460635882103,
  "Minute_5_Fluctuation": 0.0,
  "Minute_10": 0.000000000000535460635882103,
  "Minute_10_Fluctuation": 0.0,
  "Hour": 0.000000000000535460635882103,
  "Hour_Fluctuation": 0.0,
  "Day": 0.000000000000535460636258321,
  "Day_Fluctuation": 4.8216026581087816E-05,
  "Week": 0.000000000000535460635882103,
  "Week_Fluctuation": 0.22609909845790352,
  "Updated": "2018-04-22T08:33:06.1488133Z"
}
