{
  "Live": 0.000000000098775108603824,
  "Minute": 0.000000000098775108603824,
  "Minute_Fluctuation": 0.0,
  "Minute_5": 0.000000000098775108603824,
  "Minute_5_Fluctuation": 0.0,
  "Minute_10": 0.000000000098775108603824,
  "Minute_10_Fluctuation": 0.0,
  "Hour": 0.0000000000987757793739098,
  "Hour_Fluctuation": 0.0003313659708952286,
  "Day": 0.0000000000987678822582415,
  "Day_Fluctuation": 0.0001821550532871502,
  "Week": 0.000000000098775108603824,
  "Week_Fluctuation": 0.20594119977271944,
  "Updated": "2018-04-22T23:52:58.8987808Z"
}
