{
  "Live": 0.0000000000666322064591329,
  "Minute": 0.0000000000666322064591329,
  "Minute_Fluctuation": 0.0,
  "Minute_5": 0.0000000000666322064591329,
  "Minute_5_Fluctuation": 0.0,
  "Minute_10": 0.0000000000666322064591329,
  "Minute_10_Fluctuation": 0.0,
  "Hour": 0.0000000000666322474692464,
  "Hour_Fluctuation": 7.7554066318680118E-06,
  "Day": 0.0000000000666352871321534,
  "Day_Fluctuation": 0.00010464892115362123,
  "Week": 0.0000000000666322064591329,
  "Week_Fluctuation": 0.20174405413792426,
  "Updated": "2018-04-23T03:19:46.1091918Z"
}
