{
  "Live": 0.00000000000501473929181666,
  "Minute": 0.00000000000501473929181666,
  "Minute_Fluctuation": 0.0,
  "Minute_5": 0.00000000000501473929181666,
  "Minute_5_Fluctuation": 0.0,
  "Minute_10": 0.00000000000501473929181666,
  "Minute_10_Fluctuation": 0.0,
  "Hour": 0.00000000000501474274351307,
  "Hour_Fluctuation": 9.360986063520543E-06,
  "Day": 0.00000000000501507013314548,
  "Day_Fluctuation": 0.00014640554560901557,
  "Week": 0.00000000000501473929181666,
  "Week_Fluctuation": 0.20174965839825465,
  "Updated": "2018-04-23T03:19:46.0372143Z"
}
