{
  "Live": 0.0000000000000016999675963648,
  "Minute": 0.0000000000000016999675963648,
  "Minute_Fluctuation": 0.0,
  "Minute_5": 0.0000000000000016999675963648,
  "Minute_5_Fluctuation": 0.0,
  "Minute_10": 0.0000000000000016999675963648,
  "Minute_10_Fluctuation": 0.0,
  "Hour": 0.0000000000000016999673391329,
  "Hour_Fluctuation": 2.1971016797005517E-06,
  "Day": 0.0000000000000016998603243346,
  "Day_Fluctuation": 0.00013712411209582706,
  "Week": 0.0000000000000016999675963648,
  "Week_Fluctuation": 0.19982078107545384,
  "Updated": "2018-04-23T04:56:29.746335Z"
}
