{
  "Live": 0.000000175468488400668,
  "Minute": 0.000000175468488400668,
  "Minute_Fluctuation": 0.0,
  "Minute_5": 0.000000175468488400668,
  "Minute_5_Fluctuation": 0.0,
  "Minute_10": 0.000000175468488400668,
  "Minute_10_Fluctuation": 0.0,
  "Hour": 0.000000175468509770085,
  "Hour_Fluctuation": 1.805250573151292E-06,
  "Day": 0.000000175478317864866,
  "Day_Fluctuation": 0.000125771630414113,
  "Week": 0.000000175468488400668,
  "Week_Fluctuation": 0.19981857536456649,
  "Updated": "2018-04-23T04:56:29.5574008Z"
}
