{
  "Live": 0.00000000000107145,
  "Minute": 0.000000000000916414157464256,
  "Minute_Fluctuation": 0.21518611343618518,
  "Minute_5": 0.000000000000770121781610612,
  "Minute_5_Fluctuation": 0.0555621193380805,
  "Minute_10": 0.000000000000749385760369347,
  "Minute_10_Fluctuation": 0.028696855410674117,
  "Hour": 0.000000000000731673649409954,
  "Hour_Fluctuation": 0.00491465546037851,
  "Day": 0.000000000000728233680850962,
  "Day_Fluctuation": 0.00025104177690351171,
  "Week": 0.000000000000728105143983142,
  "Week_Fluctuation": 0.22287617677466182,
  "Updated": "2018-04-22T11:01:06.8893629Z"
}
