{
  "Live": 0.000000355398503632348,
  "Minute": 0.000000355398503632348,
  "Minute_Fluctuation": 0.0,
  "Minute_5": 0.000000355398503632348,
  "Minute_5_Fluctuation": 0.0,
  "Minute_10": 0.000000355398503632348,
  "Minute_10_Fluctuation": 0.0,
  "Hour": 0.000000355398503632348,
  "Hour_Fluctuation": 0.0,
  "Day": 0.000000355398500989091,
  "Day_Fluctuation": 4.8382556112288962E-05,
  "Week": 0.000000355398503632348,
  "Week_Fluctuation": 0.22610301466797703,
  "Updated": "2018-04-22T08:33:06.1191062Z"
}
