{
  "Live": 0.000000000000300148506669894,
  "Minute": 0.000000000000300148506669894,
  "Minute_Fluctuation": 0.0,
  "Minute_5": 0.000000000000300148506669894,
  "Minute_5_Fluctuation": 0.0,
  "Minute_10": 0.000000000000300148506669894,
  "Minute_10_Fluctuation": 0.0,
  "Hour": 0.000000000000300148782785376,
  "Hour_Fluctuation": 1.1961823617918073E-05,
  "Day": 0.000000000000300194544329466,
  "Day_Fluctuation": 0.000341117380913859,
  "Week": 0.000000000000300148506669894,
  "Week_Fluctuation": 0.1998666096880525,
  "Updated": "2018-04-23T04:56:29.7640266Z"
}
