{
    "Live":  0.0000000000054690249,
    "Minute":  0.0000000000054690249,
    "Minute_Fluctuation":  0.0092635355021640463,
    "Minute_5":  0.0000000000054681806525417,
    "Minute_5_Fluctuation":  0.0090099405598837255,
    "Minute_10":  0.00000000000268485619049132,
    "Minute_10_Fluctuation":  268485619.04913211,
    "Hour":  0.000000000000447476031748554,
    "Hour_Fluctuation":  44747603.174855351,
    "Day":  0.0000000000000186448346561897,
    "Day_Fluctuation":  1864483.4656189729,
    "Week":  0.0000000000000026635478080271,
    "Week_Fluctuation":  266354.78080271039,
    "Updated":  "\/Date(1530628743387)\/"
}
