{
    "Live":  0.0000000000000063826,
    "Minute":  0.0000000000000063826,
    "Minute_Fluctuation":  0.0076569678407349285,
    "Minute_5":  0.0000000000000063819414197501,
    "Minute_5_Fluctuation":  0.0071788335611529322,
    "Minute_10":  0.0000000000000031335212241555,
    "Minute_10_Fluctuation":  313352.12241554668,
    "Hour":  0.0000000000000005222535373592,
    "Hour_Fluctuation":  52225.353735924436,
    "Day":  0.0000000000000000217605640566,
    "Day_Fluctuation":  2176.0564056635185,
    "Week":  0.0000000000000000031086520081,
    "Week_Fluctuation":  310.86520080907405,
    "Updated":  "\/Date(1530628743418)\/"
}
