{
    "Live":  0.0000000032690569848,
    "Minute":  0.0000000032690569848,
    "Minute_Fluctuation":  0.014269036970015244,
    "Minute_5":  0.00000000326979554658297,
    "Minute_5_Fluctuation":  0.014031359392921218,
    "Minute_10":  0.00000000160484694130926,
    "Minute_10_Fluctuation":  160484694130.92584,
    "Hour":  0.00000000026747449021821,
    "Hour_Fluctuation":  26747449021.820972,
    "Day":  0.0000000000111447704257587,
    "Day_Fluctuation":  1114477042.5758739,
    "Week":  0.00000000000159211006082268,
    "Week_Fluctuation":  159211006.08226767,
    "Updated":  "\/Date(1530628743387)\/"
}
