{
    "Live":  0.0000000001039596918,
    "Minute":  0.0000000001039596918,
    "Minute_Fluctuation":  0.17260209165853008,
    "Minute_5":  0.000000000103680767870693,
    "Minute_5_Fluctuation":  0.16984606269620819,
    "Minute_10":  0.0000000000510333748263981,
    "Minute_10_Fluctuation":  5103337482.6398134,
    "Hour":  0.00000000000850556247106636,
    "Hour_Fluctuation":  850556247.10663557,
    "Day":  0.000000000000354398436294431,
    "Day_Fluctuation":  35439843.629443146,
    "Week":  0.0000000000000506283480420616,
    "Week_Fluctuation":  5062834.8042061636,
    "Updated":  "\/Date(1530628743340)\/"
}
