{
    "Live":  0.0000001340978940132,
    "Minute":  0.0000001340978940132,
    "Minute_Fluctuation":  0.013583036491374248,
    "Minute_5":  0.000000134063998000208,
    "Minute_5_Fluctuation":  0.01434016907745869,
    "Minute_10":  0.0000000658314437981006,
    "Minute_10_Fluctuation":  6583144379810.0645,
    "Hour":  0.0000000109719072996834,
    "Hour_Fluctuation":  1097190729968.3437,
    "Day":  0.000000000457162804153477,
    "Day_Fluctuation":  45716280415.347664,
    "Week":  0.0000000000653089720219252,
    "Week_Fluctuation":  6530897202.192523,
    "Updated":  "\/Date(1530628743418)\/"
}
