{
    "Live":  0.0000000000022411559,
    "Minute":  0.0000000000022411559,
    "Minute_Fluctuation":  0.0084368480319839661,
    "Minute_5":  0.00000000000224079096162322,
    "Minute_5_Fluctuation":  0.00944063320820564,
    "Minute_10":  0.00000000000110023002045885,
    "Minute_10_Fluctuation":  110023002.04588494,
    "Hour":  0.000000000000183371670076475,
    "Hour_Fluctuation":  18337167.007647485,
    "Day":  0.0000000000000076404862531865,
    "Day_Fluctuation":  764048.62531864527,
    "Week":  0.0000000000000010914980361695,
    "Week_Fluctuation":  109149.80361694933,
    "Updated":  "\/Date(1530628743418)\/"
}
