{
    "Live":  0.0000002386722900131,
    "Minute":  0.0000002386722900131,
    "Minute_Fluctuation":  0.018936120001137487,
    "Minute_5":  0.000000238593459781362,
    "Minute_5_Fluctuation":  0.01853781193407885,
    "Minute_10":  0.000000117169347801856,
    "Minute_10_Fluctuation":  11716934780185.561,
    "Hour":  0.0000000195282246336426,
    "Hour_Fluctuation":  1952822463364.2598,
    "Day":  0.000000000813676026401775,
    "Day_Fluctuation":  81367602640.17749,
    "Week":  0.000000000116239432343111,
    "Week_Fluctuation":  11623943234.311069,
    "Updated":  "\/Date(1530628743402)\/"
}
