{
    "Live":  0.0000000000116444038,
    "Minute":  0.0000000000116444038,
    "Minute_Fluctuation":  0.075439531644038632,
    "Minute_5":  0.0000000000116299872325134,
    "Minute_5_Fluctuation":  0.073512878905599113,
    "Minute_10":  0.00000000000571649153368999,
    "Minute_10_Fluctuation":  571649153.36899936,
    "Hour":  0.000000000000952748588948332,
    "Hour_Fluctuation":  95274858.894833237,
    "Day":  0.0000000000000396978578728472,
    "Day_Fluctuation":  3969785.7872847184,
    "Week":  0.0000000000000056711225532639,
    "Week_Fluctuation":  567112.25532638829,
    "Updated":  "\/Date(1530628743434)\/"
}
