{
    "Live":  0.0000000000001113657,
    "Minute":  0.0000000000001113657,
    "Minute_Fluctuation":  0.0025195482189401021,
    "Minute_5":  0.000000000000111370818764897,
    "Minute_5_Fluctuation":  0.0024855286777475394,
    "Minute_10":  0.0000000000000546717372001716,
    "Minute_10_Fluctuation":  5467173.72001716,
    "Hour":  0.0000000000000091119562000286,
    "Hour_Fluctuation":  911195.62000285985,
    "Day":  0.0000000000000003796648416679,
    "Day_Fluctuation":  37966.484166785835,
    "Week":  0.000000000000000054237834524,
    "Week_Fluctuation":  5423.7834523979764,
    "Updated":  "\/Date(1530628743340)\/"
}
