{
    "Live":  0.0000000000565432594,
    "Minute":  0.0000000000565432594,
    "Minute_Fluctuation":  0.034641250574036449,
    "Minute_5":  0.0000000000565809164765756,
    "Minute_5_Fluctuation":  0.035457745824643033,
    "Minute_10":  0.0000000000277583180039958,
    "Minute_10_Fluctuation":  2775831800.3995805,
    "Hour":  0.0000000000046263863339993,
    "Hour_Fluctuation":  462638633.39993012,
    "Day":  0.000000000000192766097249971,
    "Day_Fluctuation":  19276609.724997088,
    "Week":  0.000000000000027538013892853,
    "Week_Fluctuation":  2753801.3892852985,
    "Updated":  "\/Date(1530628743434)\/"
}
