{
    "Live":  0.00000000000033368,
    "Minute":  0.00000000000033368,
    "Minute_Fluctuation":  0.049388365211555416,
    "Minute_5":  0.000000000000333402743904923,
    "Minute_5_Fluctuation":  0.048203743529477781,
    "Minute_10":  0.00000000000016381078221984,
    "Minute_10_Fluctuation":  16381078.221983999,
    "Hour":  0.00000000000002730179703664,
    "Hour_Fluctuation":  2730179.703664,
    "Day":  0.0000000000000011375748765267,
    "Day_Fluctuation":  113757.48765266666,
    "Week":  0.0000000000000001625106966467,
    "Week_Fluctuation":  16251.069664666667,
    "Updated":  "\/Date(1530628743356)\/"
}
