{
    "Live":  0.0000000000000051216,
    "Minute":  0.0000000000000051216,
    "Minute_Fluctuation":  0.11409395973154361,
    "Minute_5":  0.0000000000000051333607635493,
    "Minute_5_Fluctuation":  0.1122174487850419,
    "Minute_10":  0.0000000000000025142999078208,
    "Minute_10_Fluctuation":  251429.99078208004,
    "Hour":  0.0000000000000004190499846368,
    "Hour_Fluctuation":  41904.99846368,
    "Day":  0.0000000000000000174604160265,
    "Day_Fluctuation":  1746.0416026533335,
    "Week":  0.0000000000000000024943451466,
    "Week_Fluctuation":  249.43451466476193,
    "Updated":  "\/Date(1530628743340)\/"
}
