{
  "Live": 0.00000000000235677920269228,
  "Minute": 0.00000000000235677920269228,
  "Minute_Fluctuation": 0.0,
  "Minute_5": 0.00000000000235677920269228,
  "Minute_5_Fluctuation": 0.0,
  "Minute_10": 0.00000000000235677920269228,
  "Minute_10_Fluctuation": 0.0,
  "Hour": 0.00000000000235677920269228,
  "Hour_Fluctuation": 0.0,
  "Day": 0.00000000000233272623900842,
  "Day_Fluctuation": 0.043518406339652017,
  "Week": 0.00000000000235677920269228,
  "Week_Fluctuation": 0.21958542869358957,
  "Updated": "2018-04-23T03:19:46.5758221Z"
}
