{
  "Live": 0.000000000000494569345815134,
  "Minute": 0.000000000000494569345815134,
  "Minute_Fluctuation": 0.044125732865995443,
  "Minute_5": 0.000000000000494569345815134,
  "Minute_5_Fluctuation": 0.044125732865995443,
  "Minute_10": 0.000000000000502280953674263,
  "Minute_10_Fluctuation": 0.096776051763271448,
  "Hour": 0.000000000000531807208528756,
  "Hour_Fluctuation": 0.1052400267308343,
  "Day": 0.000000000000498708287444214,
  "Day_Fluctuation": 0.035915121775265818,
  "Week": 0.000000000000494569345815134,
  "Week_Fluctuation": 0.23879359873289688,
  "Updated": "2018-04-22T08:33:06.3670654Z"
}
