{
  "Live": 0.0000000000197711961722349,
  "Minute": 0.0000000000197711961722349,
  "Minute_Fluctuation": 0.0,
  "Minute_5": 0.0000000000197711961722349,
  "Minute_5_Fluctuation": 0.0,
  "Minute_10": 0.0000000000197711961722349,
  "Minute_10_Fluctuation": 0.0,
  "Hour": 0.0000000000197711961722349,
  "Hour_Fluctuation": 0.0,
  "Day": 0.0000000000196842683115747,
  "Day_Fluctuation": 0.019933854939027298,
  "Week": 0.0000000000197711961722349,
  "Week_Fluctuation": 0.20797827549253611,
  "Updated": "2018-04-23T04:56:30.0127883Z"
}
