{
  "Live": 0.0000000000645912161158984,
  "Minute": 0.0000000000645912161158984,
  "Minute_Fluctuation": 0.0,
  "Minute_5": 0.0000000000645912161158984,
  "Minute_5_Fluctuation": 0.0,
  "Minute_10": 0.0000000000645912161158984,
  "Minute_10_Fluctuation": 0.0,
  "Hour": 0.0000000000645912161158984,
  "Hour_Fluctuation": 0.0,
  "Day": 0.0000000000648624772838604,
  "Day_Fluctuation": 0.010509253477812482,
  "Week": 0.0000000000645912161158984,
  "Week_Fluctuation": 0.20434107042886065,
  "Updated": "2018-04-23T03:19:46.4585265Z"
}
