{
  "Live": 0.0000000000000115644536257592,
  "Minute": 0.0000000000000115644536257592,
  "Minute_Fluctuation": 0.0,
  "Minute_5": 0.0000000000000115644536257592,
  "Minute_5_Fluctuation": 0.0,
  "Minute_10": 0.0000000000000115644536257592,
  "Minute_10_Fluctuation": 0.0,
  "Hour": 0.0000000000000115644536257592,
  "Hour_Fluctuation": 0.6561688606151842,
  "Day": 0.000000000000028726007890445,
  "Day_Fluctuation": 1.3586444671482554,
  "Week": 0.0000000000000115644536257592,
  "Week_Fluctuation": 0.77640405742465868,
  "Updated": "2018-04-22T11:00:29.3148515Z"
}
