{
  "Live": 0.000000000000784437780867949,
  "Minute": 0.000000000000784437780867949,
  "Minute_Fluctuation": 0.0,
  "Minute_5": 0.000000000000784437780867949,
  "Minute_5_Fluctuation": 0.0,
  "Minute_10": 0.000000000000784437780867949,
  "Minute_10_Fluctuation": 0.0,
  "Hour": 0.000000000000784437780867949,
  "Hour_Fluctuation": 0.0,
  "Day": 0.00000000000132174282299386,
  "Day_Fluctuation": 0.94408427655515215,
  "Week": 0.000000000000784437780867949,
  "Week_Fluctuation": 0.90009592784353376,
  "Updated": "2018-04-23T03:19:46.6340566Z"
}
