{
  "Live": 0.00000000000235677920269228,
  "Minute": 0.00000000000235677920269228,
  "Minute_Fluctuation": 0.0,
  "Minute_5": 0.00000000000235677920269228,
  "Minute_5_Fluctuation": 0.0,
  "Minute_10": 0.00000000000235677920269228,
  "Minute_10_Fluctuation": 0.0,
  "Hour": 0.00000000000235677920269228,
  "Hour_Fluctuation": 0.0,
  "Day": 0.00000000000233429629598443,
  "Day_Fluctuation": 0.041331394902855173,
  "Week": 0.00000000000235677920269228,
  "Week_Fluctuation": 0.21748698729028126,
  "Updated": "2018-04-23T04:56:29.9764451Z"
}
