{
  "Live": 0.000000000000494569345815134,
  "Minute": 0.000000000000494569345815134,
  "Minute_Fluctuation": 0.0,
  "Minute_5": 0.000000000000494569345815134,
  "Minute_5_Fluctuation": 0.0,
  "Minute_10": 0.000000000000494569345815134,
  "Minute_10_Fluctuation": 0.0,
  "Hour": 0.000000000000494569345815134,
  "Hour_Fluctuation": 0.0,
  "Day": 0.00000000000049644667576767,
  "Day_Fluctuation": 0.020112209199415282,
  "Week": 0.000000000000494569345815134,
  "Week_Fluctuation": 0.21747780644661727,
  "Updated": "2018-04-22T23:52:59.0660016Z"
}
