{
  "Live": 0.0000000000184386869044491,
  "Minute": 0.0000000000184386869044491,
  "Minute_Fluctuation": 0.0,
  "Minute_5": 0.0000000000184386869044491,
  "Minute_5_Fluctuation": 0.0,
  "Minute_10": 0.0000000000184386869044491,
  "Minute_10_Fluctuation": 0.0,
  "Hour": 0.0000000000184386869044491,
  "Hour_Fluctuation": 0.0,
  "Day": 0.0000000000185589865292484,
  "Day_Fluctuation": 0.020141616161497126,
  "Week": 0.0000000000184386869044491,
  "Week_Fluctuation": 0.20965965550121177,
  "Updated": "2018-04-23T03:19:46.3438926Z"
}
