{
  "Live": 0.0000000000197711961722349,
  "Minute": 0.0000000000197711961722349,
  "Minute_Fluctuation": 0.0,
  "Minute_5": 0.0000000000197711961722349,
  "Minute_5_Fluctuation": 0.0,
  "Minute_10": 0.0000000000197711961722349,
  "Minute_10_Fluctuation": 0.0,
  "Hour": 0.0000000000197711961722349,
  "Hour_Fluctuation": 0.0,
  "Day": 0.0000000000196781978994874,
  "Day_Fluctuation": 0.021005328785219952,
  "Week": 0.0000000000197711961722349,
  "Week_Fluctuation": 0.2099849543789031,
  "Updated": "2018-04-23T03:19:46.6608406Z"
}
