{
  "Live": 0.000000000007849493719622,
  "Minute": 0.000000000007849493719622,
  "Minute_Fluctuation": 0.0,
  "Minute_5": 0.000000000007849493719622,
  "Minute_5_Fluctuation": 0.0,
  "Minute_10": 0.000000000007849493719622,
  "Minute_10_Fluctuation": 0.0,
  "Hour": 0.000000000007849493719622,
  "Hour_Fluctuation": 0.025859564103421256,
  "Day": 0.00000000000799221108818146,
  "Day_Fluctuation": 0.024838847821728294,
  "Week": 0.000000000007849493719622,
  "Week_Fluctuation": 0.22795983148137897,
  "Updated": "2018-04-22T11:00:29.2421181Z"
}
