{
  "Live": 0.00000000000844976191621058,
  "Minute": 0.00000000000844976191621058,
  "Minute_Fluctuation": 0.0,
  "Minute_5": 0.00000000000844976191621058,
  "Minute_5_Fluctuation": 0.0,
  "Minute_10": 0.00000000000844976191621058,
  "Minute_10_Fluctuation": 0.0,
  "Hour": 0.00000000000844976191621058,
  "Hour_Fluctuation": 0.033856536121811172,
  "Day": 0.0000000000086181228108288,
  "Day_Fluctuation": 0.049418243999450343,
  "Week": 0.00000000000844976191621058,
  "Week_Fluctuation": 0.23414408921208912,
  "Updated": "2018-04-22T11:00:29.2701797Z"
}
