{
  "Live": 0.000000000000197869226171253,
  "Minute": 0.000000000000197869226171253,
  "Minute_Fluctuation": 0.0,
  "Minute_5": 0.000000000000197869226171253,
  "Minute_5_Fluctuation": 0.0,
  "Minute_10": 0.000000000000197869226171253,
  "Minute_10_Fluctuation": 0.0,
  "Hour": 0.000000000000197869226171253,
  "Hour_Fluctuation": 0.0,
  "Day": 0.000000000000196023808310212,
  "Day_Fluctuation": 0.023676543055728166,
  "Week": 0.000000000000197869226171253,
  "Week_Fluctuation": 0.20741335679747527,
  "Updated": "2018-04-23T03:19:46.5216522Z"
}
