{
  "Live": 0.0000000000184386869044491,
  "Minute": 0.0000000000184386869044491,
  "Minute_Fluctuation": 0.0,
  "Minute_5": 0.0000000000184386869044491,
  "Minute_5_Fluctuation": 0.0,
  "Minute_10": 0.0000000000184386869044491,
  "Minute_10_Fluctuation": 0.0,
  "Hour": 0.0000000000184386869044491,
  "Hour_Fluctuation": 0.044391326485478708,
  "Day": 0.0000000000187141306140541,
  "Day_Fluctuation": 0.03066229851506419,
  "Week": 0.0000000000184386869044491,
  "Week_Fluctuation": 0.23155471330950905,
  "Updated": "2018-04-22T11:00:29.2995144Z"
}
