{
  "Live": 0.0000000370675338904075,
  "Minute": 0.0000000370675338904075,
  "Minute_Fluctuation": 0.0,
  "Minute_5": 0.0000000370675338904075,
  "Minute_5_Fluctuation": 0.0,
  "Minute_10": 0.0000000370675338904075,
  "Minute_10_Fluctuation": 0.0,
  "Hour": 0.0000000370675338904075,
  "Hour_Fluctuation": 0.0,
  "Day": 0.0000000370386623961437,
  "Day_Fluctuation": 0.011800159750745363,
  "Week": 0.0000000370675338904075,
  "Week_Fluctuation": 0.20821533922902025,
  "Updated": "2018-04-23T03:19:46.7220759Z"
}
