{
  "Live": 0.0000000000000276011078960535,
  "Minute": 0.0000000000000276011078960535,
  "Minute_Fluctuation": 0.0,
  "Minute_5": 0.0000000000000276011078960535,
  "Minute_5_Fluctuation": 0.0,
  "Minute_10": 0.0000000000000276011078960535,
  "Minute_10_Fluctuation": 0.0,
  "Hour": 0.0000000000000276011078960535,
  "Hour_Fluctuation": 0.0,
  "Day": 0.0000000000000273407714833948,
  "Day_Fluctuation": 0.028934556161628936,
  "Week": 0.0000000000000276011078960535,
  "Week_Fluctuation": 0.21158671674737434,
  "Updated": "2018-04-23T03:19:46.2890644Z"
}
