{
  "Live": 0.000000000141726742926748,
  "Minute": 0.000000000141726742926748,
  "Minute_Fluctuation": 0.0,
  "Minute_5": 0.000000000141726742926748,
  "Minute_5_Fluctuation": 0.0,
  "Minute_10": 0.000000000141726742926748,
  "Minute_10_Fluctuation": 0.0,
  "Hour": 0.000000000141726742926748,
  "Hour_Fluctuation": 0.054226367588477813,
  "Day": 0.00000000014087644123073,
  "Day_Fluctuation": 0.022684956675633108,
  "Week": 0.000000000141726742926748,
  "Week_Fluctuation": 0.2298877469602994,
  "Updated": "2018-04-22T11:00:29.3738373Z"
}
