{
  "Live": 0.0000000000412550549971219,
  "Minute": 0.0000000000412550549971219,
  "Minute_Fluctuation": 0.0,
  "Minute_5": 0.0000000000412550549971219,
  "Minute_5_Fluctuation": 0.0,
  "Minute_10": 0.0000000000412550549971219,
  "Minute_10_Fluctuation": 0.0,
  "Hour": 0.0000000000412550549971219,
  "Hour_Fluctuation": 0.0,
  "Day": 0.0000000000421005610705433,
  "Day_Fluctuation": 0.048960589052985774,
  "Week": 0.0000000000412550549971219,
  "Week_Fluctuation": 0.21735820112467347,
  "Updated": "2018-04-23T03:19:46.6937374Z"
}
