{
  "Live": 0.00000000000424654535048851,
  "Minute": 0.00000000000424654535048851,
  "Minute_Fluctuation": 0.0,
  "Minute_5": 0.00000000000424654535048851,
  "Minute_5_Fluctuation": 0.0,
  "Minute_10": 0.00000000000424654535048851,
  "Minute_10_Fluctuation": 0.0,
  "Hour": 0.00000000000424654535048851,
  "Hour_Fluctuation": 0.16504640009650109,
  "Day": 0.00000000000417627461419817,
  "Day_Fluctuation": 0.045737003247140286,
  "Week": 0.00000000000424654535048851,
  "Week_Fluctuation": 0.23442699927516089,
  "Updated": "2018-04-22T11:00:29.3444959Z"
}
