{
  "Live": 0.0000000000162814763666066,
  "Minute": 0.0000000000162814763666066,
  "Minute_Fluctuation": 0.0,
  "Minute_5": 0.0000000000162814763666066,
  "Minute_5_Fluctuation": 0.0,
  "Minute_10": 0.0000000000162814763666066,
  "Minute_10_Fluctuation": 0.0,
  "Hour": 0.0000000000162814763666066,
  "Hour_Fluctuation": 0.0,
  "Day": 0.000000000015950152941436,
  "Day_Fluctuation": 0.053118575670457052,
  "Week": 0.0000000000162814763666066,
  "Week_Fluctuation": 0.21165006177113685,
  "Updated": "2018-04-23T04:56:29.9888073Z"
}
