{
  "Live": 0.0000000000162814763666066,
  "Minute": 0.0000000000162814763666066,
  "Minute_Fluctuation": 0.0,
  "Minute_5": 0.0000000000162814763666066,
  "Minute_5_Fluctuation": 0.0,
  "Minute_10": 0.0000000000162814763666066,
  "Minute_10_Fluctuation": 0.0,
  "Hour": 0.0000000000162814763666066,
  "Hour_Fluctuation": 0.0,
  "Day": 0.0000000000158717844808123,
  "Day_Fluctuation": 0.0601753840078135,
  "Week": 0.0000000000162814763666066,
  "Week_Fluctuation": 0.21812660898355946,
  "Updated": "2018-04-22T23:52:59.2302717Z"
}
