{
  "Live": 0.0000000000000276011078960535,
  "Minute": 0.0000000000000276011078960535,
  "Minute_Fluctuation": 0.65117898397065666,
  "Minute_5": 0.0000000000000276011078960535,
  "Minute_5_Fluctuation": 0.65117898397065666,
  "Minute_10": 0.0000000000000239291021627615,
  "Minute_10_Fluctuation": 0.47787342484243905,
  "Hour": 0.0000000000000234401136795155,
  "Hour_Fluctuation": 0.23237315570513947,
  "Day": 0.0000000000000269377129617018,
  "Day_Fluctuation": 0.04528709133883712,
  "Week": 0.0000000000000276011078960535,
  "Week_Fluctuation": 0.2371461444286046,
  "Updated": "2018-04-22T08:33:06.3378575Z"
}
