{
  "Live": 0.00000000000235677920269228,
  "Minute": 0.00000000000235677920269228,
  "Minute_Fluctuation": 0.741634054605587,
  "Minute_5": 0.00000000000235677920269228,
  "Minute_5_Fluctuation": 0.741634054605587,
  "Minute_10": 0.00000000000201570736506929,
  "Minute_10_Fluctuation": 0.64155357040705219,
  "Hour": 0.00000000000203243392386752,
  "Hour_Fluctuation": 0.21848334437639916,
  "Day": 0.00000000000229548681715248,
  "Day_Fluctuation": 0.080065911290230191,
  "Week": 0.00000000000235677920269228,
  "Week_Fluctuation": 0.24611114221221989,
  "Updated": "2018-04-22T08:33:06.5009106Z"
}
