{
  "Live": 0.0000000000412550549971219,
  "Minute": 0.0000000000412550549971219,
  "Minute_Fluctuation": 0.0,
  "Minute_5": 0.0000000000412550549971219,
  "Minute_5_Fluctuation": 0.0,
  "Minute_10": 0.0000000000412550549971219,
  "Minute_10_Fluctuation": 0.0,
  "Hour": 0.0000000000412550549971219,
  "Hour_Fluctuation": 0.047300830511492378,
  "Day": 0.0000000000431909698240298,
  "Day_Fluctuation": 0.064872899320622721,
  "Week": 0.0000000000412550549971219,
  "Week_Fluctuation": 0.24005729699363196,
  "Updated": "2018-04-22T11:00:29.4793836Z"
}
