{
  "Live": 0.0000000000645912161158984,
  "Minute": 0.0000000000645912161158984,
  "Minute_Fluctuation": 0.083369174084225076,
  "Minute_5": 0.0000000000645912161158984,
  "Minute_5_Fluctuation": 0.083369174084225076,
  "Minute_10": 0.0000000000665819152948482,
  "Minute_10_Fluctuation": 0.055118641855873528,
  "Hour": 0.0000000000669293588083017,
  "Hour_Fluctuation": 0.057953708158959907,
  "Day": 0.0000000000652824503555319,
  "Day_Fluctuation": 0.014470898234041431,
  "Week": 0.0000000000645912161158984,
  "Week_Fluctuation": 0.22902525755611697,
  "Updated": "2018-04-22T08:33:06.4420249Z"
}
