{
  "Live": 0.0000000000645912161158984,
  "Minute": 0.0000000000645912161158984,
  "Minute_Fluctuation": 0.0,
  "Minute_5": 0.0000000000645912161158984,
  "Minute_5_Fluctuation": 0.0,
  "Minute_10": 0.0000000000645912161158984,
  "Minute_10_Fluctuation": 0.0,
  "Hour": 0.0000000000645912161158984,
  "Hour_Fluctuation": 0.0,
  "Day": 0.0000000000649047442209092,
  "Day_Fluctuation": 0.011441157398645379,
  "Week": 0.0000000000645912161158984,
  "Week_Fluctuation": 0.20858142881614991,
  "Updated": "2018-04-22T23:52:59.147848Z"
}
