{
  "Live": 0.000000000000784437780867949,
  "Minute": 0.000000000000784437780867949,
  "Minute_Fluctuation": 0.0,
  "Minute_5": 0.000000000000784437780867949,
  "Minute_5_Fluctuation": 0.0,
  "Minute_10": 0.000000000000784437780867949,
  "Minute_10_Fluctuation": 0.0,
  "Hour": 0.000000000000784437780867949,
  "Hour_Fluctuation": 0.66603151080929079,
  "Day": 0.00000000000201467896861502,
  "Day_Fluctuation": 1.4574442704441277,
  "Week": 0.000000000000784437780867949,
  "Week_Fluctuation": 0.99409446491647968,
  "Updated": "2018-04-22T11:00:29.4497298Z"
}
