{
  "Live": 0.000000000141726742926748,
  "Minute": 0.000000000141726742926748,
  "Minute_Fluctuation": 0.65299915997240465,
  "Minute_5": 0.000000000141726742926748,
  "Minute_5_Fluctuation": 0.65299915997240465,
  "Minute_10": 0.000000000122743431662686,
  "Minute_10_Fluctuation": 0.57654686044232006,
  "Hour": 0.000000000132445020133214,
  "Hour_Fluctuation": 0.10808308542946668,
  "Day": 0.000000000140780414764269,
  "Day_Fluctuation": 0.024494279659844267,
  "Week": 0.000000000141726742926748,
  "Week_Fluctuation": 0.23329462980381763,
  "Updated": "2018-04-22T08:33:06.4577196Z"
}
