{
  "Live": 0.0000000000412550549971219,
  "Minute": 0.0000000000412550549971219,
  "Minute_Fluctuation": 0.0,
  "Minute_5": 0.0000000000412550549971219,
  "Minute_5_Fluctuation": 0.0,
  "Minute_10": 0.0000000000412550549971219,
  "Minute_10_Fluctuation": 0.0,
  "Hour": 0.0000000000412550549971219,
  "Hour_Fluctuation": 0.0,
  "Day": 0.0000000000420453713208768,
  "Day_Fluctuation": 0.047038926394836936,
  "Week": 0.0000000000412550549971219,
  "Week_Fluctuation": 0.21528106916286033,
  "Updated": "2018-04-23T04:56:30.0235902Z"
}
