{
  "Live": 0.000000000000197869226171253,
  "Minute": 0.000000000000197869226171253,
  "Minute_Fluctuation": 0.0,
  "Minute_5": 0.000000000000197869226171253,
  "Minute_5_Fluctuation": 0.0,
  "Minute_10": 0.000000000000197869226171253,
  "Minute_10_Fluctuation": 0.0,
  "Hour": 0.000000000000197869226171253,
  "Hour_Fluctuation": 0.0458891356931217,
  "Day": 0.000000000000193643865453463,
  "Day_Fluctuation": 0.031393150682130617,
  "Week": 0.000000000000197869226171253,
  "Week_Fluctuation": 0.22907386418224696,
  "Updated": "2018-04-22T11:00:29.3886967Z"
}
