{
  "Live": 0.000000000007849493719622,
  "Minute": 0.000000000007849493719622,
  "Minute_Fluctuation": 0.0,
  "Minute_5": 0.000000000007849493719622,
  "Minute_5_Fluctuation": 0.0,
  "Minute_10": 0.000000000007849493719622,
  "Minute_10_Fluctuation": 0.0,
  "Hour": 0.000000000007849493719622,
  "Hour_Fluctuation": 0.0,
  "Day": 0.00000000000792153757265716,
  "Day_Fluctuation": 0.020678535551865738,
  "Week": 0.000000000007849493719622,
  "Week_Fluctuation": 0.21068786163067091,
  "Updated": "2018-04-22T23:52:59.0159905Z"
}
