{
  "Live": 0.0000000000000115644536257592,
  "Minute": 0.0000000000000115644536257592,
  "Minute_Fluctuation": 0.0,
  "Minute_5": 0.0000000000000115644536257592,
  "Minute_5_Fluctuation": 0.0,
  "Minute_10": 0.0000000000000115644536257592,
  "Minute_10_Fluctuation": 0.0,
  "Hour": 0.0000000000000115644536257592,
  "Hour_Fluctuation": 0.0,
  "Day": 0.0000000000000202276194316411,
  "Day_Fluctuation": 0.96839702653793025,
  "Week": 0.0000000000000115644536257592,
  "Week_Fluctuation": 0.71757777104347464,
  "Updated": "2018-04-22T23:52:59.0985525Z"
}
