{
  "Live": 0.00000000000858579467052084,
  "Minute": 0.00000000000858579467052084,
  "Minute_Fluctuation": 0.0,
  "Minute_5": 0.00000000000858579467052084,
  "Minute_5_Fluctuation": 0.0,
  "Minute_10": 0.00000000000858579467052084,
  "Minute_10_Fluctuation": 0.0,
  "Hour": 0.00000000000858579467052084,
  "Hour_Fluctuation": 0.0,
  "Day": 0.00000000000859119834121785,
  "Day_Fluctuation": 0.013274915391354947,
  "Week": 0.00000000000858579467052084,
  "Week_Fluctuation": 0.20818780885850166,
  "Updated": "2018-04-23T03:19:46.5461535Z"
}
