{
  "Live": 0.0000000000000115644536257592,
  "Minute": 0.0000000000000115644536257592,
  "Minute_Fluctuation": 0.0,
  "Minute_5": 0.0000000000000115644536257592,
  "Minute_5_Fluctuation": 0.0,
  "Minute_10": 0.0000000000000115644536257592,
  "Minute_10_Fluctuation": 0.0,
  "Hour": 0.0000000000000115644536257592,
  "Hour_Fluctuation": 0.0,
  "Day": 0.0000000000000185704709215614,
  "Day_Fluctuation": 0.86032548542220177,
  "Week": 0.0000000000000115644536257592,
  "Week_Fluctuation": 0.69627163095679612,
  "Updated": "2018-04-23T04:56:29.8958356Z"
}
