{
  "Live": 0.0000000000184386869044491,
  "Minute": 0.0000000000184386869044491,
  "Minute_Fluctuation": 0.0,
  "Minute_5": 0.0000000000184386869044491,
  "Minute_5_Fluctuation": 0.0,
  "Minute_10": 0.0000000000184386869044491,
  "Minute_10_Fluctuation": 0.0,
  "Hour": 0.0000000000184386869044491,
  "Hour_Fluctuation": 0.0,
  "Day": 0.0000000000185511337972981,
  "Day_Fluctuation": 0.019237961348958745,
  "Week": 0.0000000000184386869044491,
  "Week_Fluctuation": 0.20765602221737334,
  "Updated": "2018-04-23T04:56:29.8794938Z"
}
