{
  "Live": 0.0000000000000276011078960535,
  "Minute": 0.0000000000000276011078960535,
  "Minute_Fluctuation": 0.0,
  "Minute_5": 0.0000000000000276011078960535,
  "Minute_5_Fluctuation": 0.0,
  "Minute_10": 0.0000000000000276011078960535,
  "Minute_10_Fluctuation": 0.0,
  "Hour": 0.0000000000000276011078960535,
  "Hour_Fluctuation": 0.13735820256840978,
  "Day": 0.0000000000000270050294488985,
  "Day_Fluctuation": 0.043168604301238415,
  "Week": 0.0000000000000276011078960535,
  "Week_Fluctuation": 0.23368301562717456,
  "Updated": "2018-04-22T11:00:29.2564196Z"
}
