{
  "Live": 0.00000000000858579467052084,
  "Minute": 0.00000000000858579467052084,
  "Minute_Fluctuation": 0.045932044528197352,
  "Minute_5": 0.00000000000858579467052084,
  "Minute_5_Fluctuation": 0.045932044528197352,
  "Minute_10": 0.00000000000845777955046921,
  "Minute_10_Fluctuation": 0.07593925770115427,
  "Hour": 0.00000000000844331525981714,
  "Hour_Fluctuation": 0.077299126081302169,
  "Day": 0.00000000000859956444151796,
  "Day_Fluctuation": 0.031969141760060556,
  "Week": 0.00000000000858579467052084,
  "Week_Fluctuation": 0.23333669441784582,
  "Updated": "2018-04-22T08:33:06.487164Z"
}
