{
  "Live": 0.000000000007849493719622,
  "Minute": 0.000000000007849493719622,
  "Minute_Fluctuation": 0.0,
  "Minute_5": 0.000000000007849493719622,
  "Minute_5_Fluctuation": 0.0,
  "Minute_10": 0.000000000007849493719622,
  "Minute_10_Fluctuation": 0.0,
  "Hour": 0.000000000007849493719622,
  "Hour_Fluctuation": 0.0,
  "Day": 0.00000000000790775654114905,
  "Day_Fluctuation": 0.018297330086089154,
  "Week": 0.000000000007849493719622,
  "Week_Fluctuation": 0.20443217030315261,
  "Updated": "2018-04-23T04:56:29.8130861Z"
}
