{
  "Live": 0.000000000000130588680526405,
  "Minute": 0.000000000000130588680526405,
  "Minute_Fluctuation": 0.0,
  "Minute_5": 0.000000000000130588680526405,
  "Minute_5_Fluctuation": 0.0,
  "Minute_10": 0.000000000000130588680526405,
  "Minute_10_Fluctuation": 0.0,
  "Hour": 0.000000000000130588680526405,
  "Hour_Fluctuation": 0.0,
  "Day": 0.000000000000131463402989912,
  "Day_Fluctuation": 0.031055929504611755,
  "Week": 0.000000000000130588680526405,
  "Week_Fluctuation": 0.21706539594188035,
  "Updated": "2018-04-22T23:52:59.1146389Z"
}
