{
  "Live": 0.00000000000235677920269228,
  "Minute": 0.00000000000235677920269228,
  "Minute_Fluctuation": 0.0,
  "Minute_5": 0.00000000000235677920269228,
  "Minute_5_Fluctuation": 0.0,
  "Minute_10": 0.00000000000235677920269228,
  "Minute_10_Fluctuation": 0.0,
  "Hour": 0.00000000000235677920269228,
  "Hour_Fluctuation": 0.12348338111747545,
  "Day": 0.00000000000230170632204927,
  "Day_Fluctuation": 0.074626902911890364,
  "Week": 0.00000000000235677920269228,
  "Week_Fluctuation": 0.24251709445522593,
  "Updated": "2018-04-22T11:00:29.4192889Z"
}
