{
  "Live": 0.00000000000235677920269228,
  "Minute": 0.00000000000235677920269228,
  "Minute_Fluctuation": 0.0,
  "Minute_5": 0.00000000000235677920269228,
  "Minute_5_Fluctuation": 0.0,
  "Minute_10": 0.00000000000235677920269228,
  "Minute_10_Fluctuation": 0.0,
  "Hour": 0.00000000000235677920269228,
  "Hour_Fluctuation": 0.0,
  "Day": 0.00000000000232897837640121,
  "Day_Fluctuation": 0.048557451008115433,
  "Week": 0.00000000000235677920269228,
  "Week_Fluctuation": 0.22414214781331948,
  "Updated": "2018-04-22T23:52:59.2128888Z"
}
