{
  "Live": 0.00000000000424654535048851,
  "Minute": 0.00000000000424654535048851,
  "Minute_Fluctuation": 0.0,
  "Minute_5": 0.00000000000424654535048851,
  "Minute_5_Fluctuation": 0.0,
  "Minute_10": 0.00000000000424654535048851,
  "Minute_10_Fluctuation": 0.0,
  "Hour": 0.00000000000424654535048851,
  "Hour_Fluctuation": 0.0,
  "Day": 0.00000000000421107263167824,
  "Day_Fluctuation": 0.030745724466950008,
  "Week": 0.00000000000424654535048851,
  "Week_Fluctuation": 0.216665022338309,
  "Updated": "2018-04-22T23:52:59.1321139Z"
}
