{
  "Live": 0.0000000000000276011078960535,
  "Minute": 0.0000000000000276011078960535,
  "Minute_Fluctuation": 0.0,
  "Minute_5": 0.0000000000000276011078960535,
  "Minute_5_Fluctuation": 0.0,
  "Minute_10": 0.0000000000000276011078960535,
  "Minute_10_Fluctuation": 0.0,
  "Hour": 0.0000000000000276011078960535,
  "Hour_Fluctuation": 0.0,
  "Day": 0.0000000000000273002069896286,
  "Day_Fluctuation": 0.031834588639589337,
  "Week": 0.0000000000000276011078960535,
  "Week_Fluctuation": 0.21597741283826993,
  "Updated": "2018-04-22T23:52:59.0328887Z"
}
