{
  "Live": 0.0000000000197711961722349,
  "Minute": 0.0000000000197711961722349,
  "Minute_Fluctuation": 0.10576232147017223,
  "Minute_5": 0.0000000000197711961722349,
  "Minute_5_Fluctuation": 0.10576232147017223,
  "Minute_10": 0.0000000000191272552972417,
  "Minute_10_Fluctuation": 0.31535367471336767,
  "Hour": 0.0000000000184246238070155,
  "Hour_Fluctuation": 0.11823640045945875,
  "Day": 0.0000000000195342154437616,
  "Day_Fluctuation": 0.039482198606307813,
  "Week": 0.0000000000197711961722349,
  "Week_Fluctuation": 0.23535095529432587,
  "Updated": "2018-04-22T08:33:06.5459523Z"
}
