{
  "Live": 0.00000000000858579467052084,
  "Minute": 0.00000000000858579467052084,
  "Minute_Fluctuation": 0.0,
  "Minute_5": 0.00000000000858579467052084,
  "Minute_5_Fluctuation": 0.0,
  "Minute_10": 0.00000000000858579467052084,
  "Minute_10_Fluctuation": 0.0,
  "Hour": 0.00000000000858579467052084,
  "Hour_Fluctuation": 0.0,
  "Day": 0.00000000000859084561554304,
  "Day_Fluctuation": 0.012448277907985727,
  "Week": 0.00000000000858579467052084,
  "Week_Fluctuation": 0.20619828091139325,
  "Updated": "2018-04-23T04:56:29.9658547Z"
}
