{
  "Live": 0.000000000000130588680526405,
  "Minute": 0.000000000000130588680526405,
  "Minute_Fluctuation": 0.0,
  "Minute_5": 0.000000000000130588680526405,
  "Minute_5_Fluctuation": 0.0,
  "Minute_10": 0.000000000000130588680526405,
  "Minute_10_Fluctuation": 0.0,
  "Hour": 0.000000000000130588680526405,
  "Hour_Fluctuation": 0.0,
  "Day": 0.000000000000131296080246285,
  "Day_Fluctuation": 0.026266871163500058,
  "Week": 0.000000000000130588680526405,
  "Week_Fluctuation": 0.21062034619002493,
  "Updated": "2018-04-23T04:56:29.9066961Z"
}
