{
  "Live": 0.0000000000645912161158984,
  "Minute": 0.0000000000645912161158984,
  "Minute_Fluctuation": 0.0,
  "Minute_5": 0.0000000000645912161158984,
  "Minute_5_Fluctuation": 0.0,
  "Minute_10": 0.0000000000645912161158984,
  "Minute_10_Fluctuation": 0.0,
  "Hour": 0.0000000000645912161158984,
  "Hour_Fluctuation": 0.0,
  "Day": 0.0000000000648447705057238,
  "Day_Fluctuation": 0.010088481384393902,
  "Week": 0.0000000000645912161158984,
  "Week_Fluctuation": 0.20238828621529167,
  "Updated": "2018-04-23T04:56:29.9298367Z"
}
