{
  "Live": 0.000000000000494569345815134,
  "Minute": 0.000000000000494569345815134,
  "Minute_Fluctuation": 0.0,
  "Minute_5": 0.000000000000494569345815134,
  "Minute_5_Fluctuation": 0.0,
  "Minute_10": 0.000000000000494569345815134,
  "Minute_10_Fluctuation": 0.0,
  "Hour": 0.000000000000494569345815134,
  "Hour_Fluctuation": 0.054181114713517428,
  "Day": 0.000000000000498288297776086,
  "Day_Fluctuation": 0.0331056572280735,
  "Week": 0.000000000000494569345815134,
  "Week_Fluctuation": 0.23530641152393997,
  "Updated": "2018-04-22T11:00:29.2857413Z"
}
