{
  "Live": 0.0000000000412550549971219,
  "Minute": 0.0000000000412550549971219,
  "Minute_Fluctuation": 0.0,
  "Minute_5": 0.0000000000412550549971219,
  "Minute_5_Fluctuation": 0.0,
  "Minute_10": 0.0000000000412550549971219,
  "Minute_10_Fluctuation": 0.0,
  "Hour": 0.0000000000412550549971219,
  "Hour_Fluctuation": 0.0,
  "Day": 0.0000000000422323059451119,
  "Day_Fluctuation": 0.0532056366863179,
  "Week": 0.0000000000412550549971219,
  "Week_Fluctuation": 0.22186872090635068,
  "Updated": "2018-04-22T23:52:59.2793435Z"
}
