{
  "Live": 0.000000000000130588680526405,
  "Minute": 0.000000000000130588680526405,
  "Minute_Fluctuation": 0.0,
  "Minute_5": 0.000000000000130588680526405,
  "Minute_5_Fluctuation": 0.0,
  "Minute_10": 0.000000000000130588680526405,
  "Minute_10_Fluctuation": 0.0,
  "Hour": 0.000000000000130588680526405,
  "Hour_Fluctuation": 0.010195468574355236,
  "Day": 0.000000000000132321487915666,
  "Day_Fluctuation": 0.049698638082634986,
  "Week": 0.000000000000130588680526405,
  "Week_Fluctuation": 0.23486019432874491,
  "Updated": "2018-04-22T11:00:29.328887Z"
}
