{
  "Live": 0.00000000000844976191621058,
  "Minute": 0.00000000000844976191621058,
  "Minute_Fluctuation": 0.0,
  "Minute_5": 0.00000000000844976191621058,
  "Minute_5_Fluctuation": 0.0,
  "Minute_10": 0.00000000000844976191621058,
  "Minute_10_Fluctuation": 0.0,
  "Hour": 0.00000000000844976191621058,
  "Hour_Fluctuation": 0.0,
  "Day": 0.00000000000852329328933727,
  "Day_Fluctuation": 0.03054737263699633,
  "Week": 0.00000000000844976191621058,
  "Week_Fluctuation": 0.21200419016828084,
  "Updated": "2018-04-23T03:19:46.3099495Z"
}
