{
  "Live": 0.000000000141726742926748,
  "Minute": 0.000000000141726742926748,
  "Minute_Fluctuation": 0.0,
  "Minute_5": 0.000000000141726742926748,
  "Minute_5_Fluctuation": 0.0,
  "Minute_10": 0.000000000141726742926748,
  "Minute_10_Fluctuation": 0.0,
  "Hour": 0.000000000141726742926748,
  "Hour_Fluctuation": 0.0,
  "Day": 0.000000000141355375283914,
  "Day_Fluctuation": 0.012669115931160718,
  "Week": 0.000000000141726742926748,
  "Week_Fluctuation": 0.2081502867892501,
  "Updated": "2018-04-23T03:19:46.4911615Z"
}
