{
  "Live": 0.0000000000000115644536257592,
  "Minute": 0.0000000000000115644536257592,
  "Minute_Fluctuation": 0.93321899300132471,
  "Minute_5": 0.0000000000000115644536257592,
  "Minute_5_Fluctuation": 0.93321899300132471,
  "Minute_10": 0.0000000000000662205040917238,
  "Minute_10_Fluctuation": 0.61901051127311835,
  "Hour": 0.0000000000000760841750462698,
  "Hour_Fluctuation": 2.2671117368990825,
  "Day": 0.0000000000000306641007889869,
  "Day_Fluctuation": 1.4419805535631114,
  "Week": 0.0000000000000115644536257592,
  "Week_Fluctuation": 0.78791018637651211,
  "Updated": "2018-04-22T08:33:06.3974157Z"
}
