{
  "Live": 0.0000000370675338904075,
  "Minute": 0.0000000370675338904075,
  "Minute_Fluctuation": 0.10272868346842941,
  "Minute_5": 0.0000000370675338904075,
  "Minute_5_Fluctuation": 0.10272868346842941,
  "Minute_10": 0.0000000358901724402589,
  "Minute_10_Fluctuation": 0.11155414776698075,
  "Hour": 0.0000000385698788533698,
  "Hour_Fluctuation": 0.10082453636906187,
  "Day": 0.0000000369939627358974,
  "Day_Fluctuation": 0.0277629449195263,
  "Week": 0.0000000370675338904075,
  "Week_Fluctuation": 0.23336758326403095,
  "Updated": "2018-04-22T08:33:06.5787236Z"
}
