{
  "Live": 0.000000000000494569345815134,
  "Minute": 0.000000000000494569345815134,
  "Minute_Fluctuation": 0.0,
  "Minute_5": 0.000000000000494569345815134,
  "Minute_5_Fluctuation": 0.0,
  "Minute_10": 0.000000000000494569345815134,
  "Minute_10_Fluctuation": 0.0,
  "Hour": 0.000000000000494569345815134,
  "Hour_Fluctuation": 0.0,
  "Day": 0.000000000000496193592544259,
  "Day_Fluctuation": 0.017878753709292424,
  "Week": 0.000000000000494569345815134,
  "Week_Fluctuation": 0.21305660620370762,
  "Updated": "2018-04-23T03:19:46.3279071Z"
}
