{
  "Live": 0.000000000000784437780867949,
  "Minute": 0.000000000000784437780867949,
  "Minute_Fluctuation": 0.9401382172160766,
  "Minute_5": 0.000000000000784437780867949,
  "Minute_5_Fluctuation": 0.9401382172160766,
  "Minute_10": 0.00000000000497680191439128,
  "Minute_10_Fluctuation": 0.62021177150816509,
  "Hour": 0.00000000000563334263825075,
  "Hour_Fluctuation": 2.3658228871434455,
  "Day": 0.00000000000215361290500444,
  "Day_Fluctuation": 1.5504791545201524,
  "Week": 0.000000000000784437780867949,
  "Week_Fluctuation": 1.0088267188809981,
  "Updated": "2018-04-22T08:33:06.530261Z"
}
