{
  "Live": 0.00000000000844976191621058,
  "Minute": 0.00000000000844976191621058,
  "Minute_Fluctuation": 0.0,
  "Minute_5": 0.00000000000844976191621058,
  "Minute_5_Fluctuation": 0.0,
  "Minute_10": 0.00000000000844976191621058,
  "Minute_10_Fluctuation": 0.0,
  "Hour": 0.00000000000844976191621058,
  "Hour_Fluctuation": 0.0,
  "Day": 0.00000000000853475063503899,
  "Day_Fluctuation": 0.033852112671493,
  "Week": 0.00000000000844976191621058,
  "Week_Fluctuation": 0.21640355123234942,
  "Updated": "2018-04-22T23:52:59.048577Z"
}
