{
  "Live": 0.0000000000184386869044491,
  "Minute": 0.0000000000184386869044491,
  "Minute_Fluctuation": 0.13364452442440819,
  "Minute_5": 0.0000000000184386869044491,
  "Minute_5_Fluctuation": 0.13364452442440819,
  "Minute_10": 0.0000000000194000704135254,
  "Minute_10_Fluctuation": 0.11103576618830968,
  "Hour": 0.0000000000195608839818426,
  "Hour_Fluctuation": 0.11269154776956515,
  "Day": 0.0000000000187452370895135,
  "Day_Fluctuation": 0.032293927878822043,
  "Week": 0.0000000000184386869044491,
  "Week_Fluctuation": 0.23498630054123848,
  "Updated": "2018-04-22T08:33:06.3825384Z"
}
