{
  "Live": 0.0000000000184386869044491,
  "Minute": 0.0000000000184386869044491,
  "Minute_Fluctuation": 0.0,
  "Minute_5": 0.0000000000184386869044491,
  "Minute_5_Fluctuation": 0.0,
  "Minute_10": 0.0000000000184386869044491,
  "Minute_10_Fluctuation": 0.0,
  "Hour": 0.0000000000184386869044491,
  "Hour_Fluctuation": 0.0,
  "Day": 0.0000000000185777311064445,
  "Day_Fluctuation": 0.022186560606065005,
  "Week": 0.0000000000184386869044491,
  "Week_Fluctuation": 0.2140103647904191,
  "Updated": "2018-04-22T23:52:59.0815192Z"
}
