{
  "Live": 0.000000000141726742926748,
  "Minute": 0.000000000141726742926748,
  "Minute_Fluctuation": 0.0,
  "Minute_5": 0.000000000141726742926748,
  "Minute_5_Fluctuation": 0.0,
  "Minute_10": 0.000000000141726742926748,
  "Minute_10_Fluctuation": 0.0,
  "Hour": 0.000000000141726742926748,
  "Hour_Fluctuation": 0.0,
  "Day": 0.00000000014129751004388,
  "Day_Fluctuation": 0.014199652261211346,
  "Week": 0.000000000141726742926748,
  "Week_Fluctuation": 0.21246969702442361,
  "Updated": "2018-04-22T23:52:59.1651134Z"
}
