{
  "Live": 0.000000000000784437780867949,
  "Minute": 0.000000000000784437780867949,
  "Minute_Fluctuation": 0.0,
  "Minute_5": 0.000000000000784437780867949,
  "Minute_5_Fluctuation": 0.0,
  "Minute_10": 0.000000000000784437780867949,
  "Minute_10_Fluctuation": 0.0,
  "Hour": 0.000000000000784437780867949,
  "Hour_Fluctuation": 0.0,
  "Day": 0.00000000000140546430637966,
  "Day_Fluctuation": 1.0248534220318462,
  "Week": 0.000000000000784437780867949,
  "Week_Fluctuation": 0.91877427386192778,
  "Updated": "2018-04-22T23:52:59.2462843Z"
}
