{
  "Live": 0.000000000000784437780867949,
  "Minute": 0.000000000000784437780867949,
  "Minute_Fluctuation": 0.0,
  "Minute_5": 0.000000000000784437780867949,
  "Minute_5_Fluctuation": 0.0,
  "Minute_10": 0.000000000000784437780867949,
  "Minute_10_Fluctuation": 0.0,
  "Hour": 0.000000000000784437780867949,
  "Hour_Fluctuation": 0.0,
  "Day": 0.0000000000012866704427868,
  "Day_Fluctuation": 0.90853742001189453,
  "Week": 0.000000000000784437780867949,
  "Week_Fluctuation": 0.891494321522104,
  "Updated": "2018-04-23T04:56:30.0002607Z"
}
