{
  "Live": 0.0000000000000115644536257592,
  "Minute": 0.0000000000000115644536257592,
  "Minute_Fluctuation": 0.0,
  "Minute_5": 0.0000000000000115644536257592,
  "Minute_5_Fluctuation": 0.0,
  "Minute_10": 0.0000000000000115644536257592,
  "Minute_10_Fluctuation": 0.0,
  "Hour": 0.0000000000000115644536257592,
  "Hour_Fluctuation": 0.0,
  "Day": 0.0000000000000190597353072182,
  "Day_Fluctuation": 0.89342687060641468,
  "Week": 0.0000000000000115644536257592,
  "Week_Fluctuation": 0.702989809006747,
  "Updated": "2018-04-23T03:19:46.3721934Z"
}
