{
  "Live": 0.00000000000844976191621058,
  "Minute": 0.00000000000844976191621058,
  "Minute_Fluctuation": 0.0,
  "Minute_5": 0.00000000000844976191621058,
  "Minute_5_Fluctuation": 0.0,
  "Minute_10": 0.00000000000844976191621058,
  "Minute_10_Fluctuation": 0.0,
  "Hour": 0.00000000000844976191621058,
  "Hour_Fluctuation": 0.0,
  "Day": 0.00000000000851849342212424,
  "Day_Fluctuation": 0.029100551374986169,
  "Week": 0.00000000000844976191621058,
  "Week_Fluctuation": 0.20997815085260146,
  "Updated": "2018-04-23T04:56:29.8462961Z"
}
