{
  "Live": 0.000000000000197869226171253,
  "Minute": 0.000000000000197869226171253,
  "Minute_Fluctuation": 0.10479746605948073,
  "Minute_5": 0.000000000000197869226171253,
  "Minute_5_Fluctuation": 0.10479746605948073,
  "Minute_10": 0.00000000000019150126369042,
  "Minute_10_Fluctuation": 0.089199577206861849,
  "Hour": 0.000000000000186791525328518,
  "Hour_Fluctuation": 0.13505938911017412,
  "Day": 0.000000000000193166685995688,
  "Day_Fluctuation": 0.03221342781031393,
  "Week": 0.000000000000197869226171253,
  "Week_Fluctuation": 0.23246868582622093,
  "Updated": "2018-04-22T08:33:06.4716606Z"
}
