{
  "Live": 0.0000000000412550549971219,
  "Minute": 0.0000000000412550549971219,
  "Minute_Fluctuation": 0.099427306010462888,
  "Minute_5": 0.0000000000412550549971219,
  "Minute_5_Fluctuation": 0.099427306010462888,
  "Minute_10": 0.0000000000428070457219873,
  "Minute_10_Fluctuation": 0.078213838997889945,
  "Hour": 0.0000000000439411598477297,
  "Hour_Fluctuation": 0.163529820025066,
  "Day": 0.0000000000434095970894522,
  "Day_Fluctuation": 0.066640185923137973,
  "Week": 0.0000000000412550549971219,
  "Week_Fluctuation": 0.24361489154210919,
  "Updated": "2018-04-22T08:33:06.559958Z"
}
