{
  "Live": 0.00000000000424654535048851,
  "Minute": 0.00000000000424654535048851,
  "Minute_Fluctuation": 1.0037017720001464,
  "Minute_5": 0.00000000000424654535048851,
  "Minute_5_Fluctuation": 1.0037017720001464,
  "Minute_10": 0.00000000000352618184437456,
  "Minute_10_Fluctuation": 0.68945835541413569,
  "Hour": 0.00000000000349999937119253,
  "Hour_Fluctuation": 0.23790367634072276,
  "Day": 0.00000000000416833878291135,
  "Day_Fluctuation": 0.048801945102417942,
  "Week": 0.00000000000424654535048851,
  "Week_Fluctuation": 0.2379011529386911,
  "Updated": "2018-04-22T08:33:06.4279738Z"
}
