{
  "Live": 0.000000000141726742926748,
  "Minute": 0.000000000141726742926748,
  "Minute_Fluctuation": 0.0,
  "Minute_5": 0.000000000141726742926748,
  "Minute_5_Fluctuation": 0.0,
  "Minute_10": 0.000000000141726742926748,
  "Minute_10_Fluctuation": 0.0,
  "Hour": 0.000000000141726742926748,
  "Hour_Fluctuation": 0.0,
  "Day": 0.000000000141379616507828,
  "Day_Fluctuation": 0.0120087157335504,
  "Week": 0.000000000141726742926748,
  "Week_Fluctuation": 0.20616110661946035,
  "Updated": "2018-04-23T04:56:29.9425341Z"
}
