{
  "Live": 0.0000000000197711961722349,
  "Minute": 0.0000000000197711961722349,
  "Minute_Fluctuation": 0.0,
  "Minute_5": 0.0000000000197711961722349,
  "Minute_5_Fluctuation": 0.0,
  "Minute_10": 0.0000000000197711961722349,
  "Minute_10_Fluctuation": 0.0,
  "Hour": 0.0000000000197711961722349,
  "Hour_Fluctuation": 0.0,
  "Day": 0.000000000019663707137481,
  "Day_Fluctuation": 0.023480344258422572,
  "Week": 0.0000000000197711961722349,
  "Week_Fluctuation": 0.21434246166736831,
  "Updated": "2018-04-22T23:52:59.2638866Z"
}
