{
  "Live": 0.0000000000162814763666066,
  "Minute": 0.0000000000162814763666066,
  "Minute_Fluctuation": 0.0,
  "Minute_5": 0.0000000000162814763666066,
  "Minute_5_Fluctuation": 0.0,
  "Minute_10": 0.0000000000162814763666066,
  "Minute_10_Fluctuation": 0.0,
  "Hour": 0.0000000000162814763666066,
  "Hour_Fluctuation": 0.0,
  "Day": 0.0000000000159270155861513,
  "Day_Fluctuation": 0.055319168924375064,
  "Week": 0.0000000000162814763666066,
  "Week_Fluctuation": 0.21369217880861605,
  "Updated": "2018-04-23T03:19:46.6060012Z"
}
