{
  "Live": 0.000000000000130588680526405,
  "Minute": 0.000000000000130588680526405,
  "Minute_Fluctuation": 0.78176629176844026,
  "Minute_5": 0.000000000000130588680526405,
  "Minute_5_Fluctuation": 0.78176629176844026,
  "Minute_10": 0.00000000000011119746271463,
  "Minute_10_Fluctuation": 0.72117045276333858,
  "Hour": 0.000000000000132332315718299,
  "Hour_Fluctuation": 0.21044060623535818,
  "Day": 0.000000000000132517177739051,
  "Day_Fluctuation": 0.053681733728446243,
  "Week": 0.000000000000130588680526405,
  "Week_Fluctuation": 0.23834076804276005,
  "Updated": "2018-04-22T08:33:06.4118642Z"
}
