{
  "Live": 0.000000000000197869226171253,
  "Minute": 0.000000000000197869226171253,
  "Minute_Fluctuation": 0.0,
  "Minute_5": 0.000000000000197869226171253,
  "Minute_5_Fluctuation": 0.0,
  "Minute_10": 0.000000000000197869226171253,
  "Minute_10_Fluctuation": 0.0,
  "Hour": 0.000000000000197869226171253,
  "Hour_Fluctuation": 0.0,
  "Day": 0.00000000000019614426856528,
  "Day_Fluctuation": 0.022727865555454859,
  "Week": 0.000000000000197869226171253,
  "Week_Fluctuation": 0.20543122578166181,
  "Updated": "2018-04-23T04:56:29.95327Z"
}
