{
  "Live": 0.00000000000844976191621058,
  "Minute": 0.00000000000844976191621058,
  "Minute_Fluctuation": 0.35567351810565878,
  "Minute_5": 0.00000000000844976191621058,
  "Minute_5_Fluctuation": 0.35567351810565878,
  "Minute_10": 0.0000000000100242321281876,
  "Minute_10_Fluctuation": 0.65856759091323,
  "Hour": 0.00000000000883639604786839,
  "Hour_Fluctuation": 0.18209332364806391,
  "Day": 0.00000000000863713618349999,
  "Day_Fluctuation": 0.052569931973202838,
  "Week": 0.00000000000844976191621058,
  "Week_Fluctuation": 0.23761405030561522,
  "Updated": "2018-04-22T08:33:06.3534314Z"
}
