{
  "Live": 0.000000000000197869226171253,
  "Minute": 0.000000000000197869226171253,
  "Minute_Fluctuation": 0.0,
  "Minute_5": 0.000000000000197869226171253,
  "Minute_5_Fluctuation": 0.0,
  "Minute_10": 0.000000000000197869226171253,
  "Minute_10_Fluctuation": 0.0,
  "Hour": 0.000000000000197869226171253,
  "Hour_Fluctuation": 0.0,
  "Day": 0.00000000000019573626122087,
  "Day_Fluctuation": 0.025775509300665689,
  "Week": 0.000000000000197869226171253,
  "Week_Fluctuation": 0.21171748001917196,
  "Updated": "2018-04-22T23:52:59.1803813Z"
}
