{
  "Live": 0.0000000370675338904075,
  "Minute": 0.0000000370675338904075,
  "Minute_Fluctuation": 0.0,
  "Minute_5": 0.0000000370675338904075,
  "Minute_5_Fluctuation": 0.0,
  "Minute_10": 0.0000000370675338904075,
  "Minute_10_Fluctuation": 0.0,
  "Hour": 0.0000000370675338904075,
  "Hour_Fluctuation": 0.0,
  "Day": 0.0000000370341637000338,
  "Day_Fluctuation": 0.013507261199956962,
  "Week": 0.0000000370675338904075,
  "Week_Fluctuation": 0.21253613420030687,
  "Updated": "2018-04-22T23:52:59.2970021Z"
}
