{
  "Live": 0.00000000000424654535048851,
  "Minute": 0.00000000000424654535048851,
  "Minute_Fluctuation": 0.0,
  "Minute_5": 0.00000000000424654535048851,
  "Minute_5_Fluctuation": 0.0,
  "Minute_10": 0.00000000000424654535048851,
  "Minute_10_Fluctuation": 0.0,
  "Hour": 0.00000000000424654535048851,
  "Hour_Fluctuation": 0.0,
  "Day": 0.00000000000421585472946727,
  "Day_Fluctuation": 0.027664593276353372,
  "Week": 0.00000000000424654535048851,
  "Week_Fluctuation": 0.21226033210895762,
  "Updated": "2018-04-23T03:19:46.4323005Z"
}
