{
  "Live": 0.0000000000162814763666066,
  "Minute": 0.0000000000162814763666066,
  "Minute_Fluctuation": 0.6886783107079878,
  "Minute_5": 0.0000000000162814763666066,
  "Minute_5_Fluctuation": 0.6886783107079878,
  "Minute_10": 0.0000000000140233453900196,
  "Minute_10_Fluctuation": 0.47691778821559566,
  "Hour": 0.0000000000132577515634658,
  "Hour_Fluctuation": 0.38671795605806286,
  "Day": 0.0000000000153782300542994,
  "Day_Fluctuation": 0.073540508665910428,
  "Week": 0.0000000000162814763666066,
  "Week_Fluctuation": 0.23950599918801263,
  "Updated": "2018-04-22T08:33:06.51623Z"
}
