{
  "Live": 0.00000000000858579467052084,
  "Minute": 0.00000000000858579467052084,
  "Minute_Fluctuation": 0.0,
  "Minute_5": 0.00000000000858579467052084,
  "Minute_5_Fluctuation": 0.0,
  "Minute_10": 0.00000000000858579467052084,
  "Minute_10_Fluctuation": 0.0,
  "Hour": 0.00000000000858579467052084,
  "Hour_Fluctuation": 0.0,
  "Day": 0.00000000000859204032436426,
  "Day_Fluctuation": 0.015237216774389183,
  "Week": 0.00000000000858579467052084,
  "Week_Fluctuation": 0.21250800560620769,
  "Updated": "2018-04-22T23:52:59.1976433Z"
}
