{
  "Live": 0.0000000000000276011078960535,
  "Minute": 0.0000000000000276011078960535,
  "Minute_Fluctuation": 0.0,
  "Minute_5": 0.0000000000000276011078960535,
  "Minute_5_Fluctuation": 0.0,
  "Minute_10": 0.0000000000000276011078960535,
  "Minute_10_Fluctuation": 0.0,
  "Hour": 0.0000000000000276011078960535,
  "Hour_Fluctuation": 0.0,
  "Day": 0.000000000000027357765336123,
  "Day_Fluctuation": 0.02764945946167862,
  "Week": 0.0000000000000276011078960535,
  "Week_Fluctuation": 0.20956466520226449,
  "Updated": "2018-04-23T04:56:29.8307636Z"
}
