{
  "Live": 0.0000000370675338904075,
  "Minute": 0.0000000370675338904075,
  "Minute_Fluctuation": 0.0,
  "Minute_5": 0.0000000370675338904075,
  "Minute_5_Fluctuation": 0.0,
  "Minute_10": 0.0000000370675338904075,
  "Minute_10_Fluctuation": 0.0,
  "Hour": 0.0000000370675338904075,
  "Hour_Fluctuation": 0.0,
  "Day": 0.0000000370405469553786,
  "Day_Fluctuation": 0.01107934283691653,
  "Week": 0.0000000370675338904075,
  "Week_Fluctuation": 0.20622558431493335,
  "Updated": "2018-04-23T04:56:30.0359294Z"
}
