{
  "Live": 0.000000000007849493719622,
  "Minute": 0.000000000007849493719622,
  "Minute_Fluctuation": 0.081613688977834539,
  "Minute_5": 0.000000000007849493719622,
  "Minute_5_Fluctuation": 0.081613688977834539,
  "Minute_10": 0.00000000000808463686132889,
  "Minute_10_Fluctuation": 0.055275261316696,
  "Hour": 0.00000000000812089238089068,
  "Hour_Fluctuation": 0.0885788983383487,
  "Day": 0.00000000000800832848224156,
  "Day_Fluctuation": 0.025423075986999628,
  "Week": 0.000000000007849493719622,
  "Week_Fluctuation": 0.23133814377280945,
  "Updated": "2018-04-22T08:33:06.324156Z"
}
