{
  "Live": 0.00000000000424654535048851,
  "Minute": 0.00000000000424654535048851,
  "Minute_Fluctuation": 0.0,
  "Minute_5": 0.00000000000424654535048851,
  "Minute_5_Fluctuation": 0.0,
  "Minute_10": 0.00000000000424654535048851,
  "Minute_10_Fluctuation": 0.0,
  "Hour": 0.00000000000424654535048851,
  "Hour_Fluctuation": 0.0,
  "Day": 0.00000000000421785808808478,
  "Day_Fluctuation": 0.026320296743448986,
  "Week": 0.00000000000424654535048851,
  "Week_Fluctuation": 0.2102318621002808,
  "Updated": "2018-04-23T04:56:29.9192396Z"
}
