{
  "Live": 0.00001097883,
  "Minute": 0.00001097883,
  "Minute_Fluctuation": 0.5,
  "Minute_5": 0.00001097883,
  "Minute_5_Fluctuation": 0.5,
  "Minute_10": 0.00001097883,
  "Minute_10_Fluctuation": 0.5,
  "Hour": 0.00001097883,
  "Hour_Fluctuation": 0.5,
  "Day": 0.00001097883,
  "Day_Fluctuation": 0.5,
  "Week": 0.00001097883,
  "Week_Fluctuation": 0.5,
  "Updated": "2018-04-28T01:28:30.4863447Z"
}
