{
  "Live": 0.00000000000014271285,
  "Minute": 0.000000000000143635921282038,
  "Minute_Fluctuation": 0.13690641343988294,
  "Minute_5": 0.000000000000143886669250494,
  "Minute_5_Fluctuation": 0.040467908805202,
  "Minute_10": 0.000000000000144592371750591,
  "Minute_10_Fluctuation": 0.027903572996080542,
  "Hour": 0.000000000000147600830927422,
  "Hour_Fluctuation": 0.11059904835498952,
  "Day": 0.000000000000145562681498848,
  "Day_Fluctuation": 0.0496940960273458,
  "Week": 0.00000000000014394932514787,
  "Week_Fluctuation": 0.21576433167144149,
  "Updated": "2018-04-23T03:20:02.1290304Z"
}
