{
    "Live":  0.00000000007865475,
    "Minute":  0.00000000007865475,
    "Minute_Fluctuation":  0.37430742441032139,
    "Minute_5":  0.0000000000797181836700744,
    "Minute_5_Fluctuation":  0.36766493088261248,
    "Minute_10":  0.000000000038440657110193,
    "Minute_10_Fluctuation":  3844065711.0193,
    "Hour":  0.00000000000640677618503217,
    "Hour_Fluctuation":  640677618.50321662,
    "Day":  0.000000000000266949007709674,
    "Day_Fluctuation":  26694900.770967361,
    "Week":  0.0000000000000381355725299534,
    "Week_Fluctuation":  3813557.2529953374,
    "Updated":  "\/Date(1530628749652)\/"
}
