{
    "Live":  0.00000000000013668315,
    "Minute":  0.00000000000013668315,
    "Minute_Fluctuation":  0.013642564802182745,
    "Minute_5":  0.000000000000136727705610276,
    "Minute_5_Fluctuation":  0.015001667227504952,
    "Minute_10":  0.0000000000000667999878964222,
    "Minute_10_Fluctuation":  6679998.7896422213,
    "Hour":  0.0000000000000111333313160704,
    "Hour_Fluctuation":  1113333.1316070368,
    "Day":  0.0000000000000004638888048363,
    "Day_Fluctuation":  46388.880483626534,
    "Week":  0.0000000000000000662698292623,
    "Week_Fluctuation":  6626.9829262323619,
    "Updated":  "\/Date(1530628748916)\/"
}
