{
    "Live":  0.00000000001589015,
    "Minute":  0.00000000001589015,
    "Minute_Fluctuation":  0.1326241134751775,
    "Minute_5":  0.0000000000158479963814186,
    "Minute_5_Fluctuation":  0.13218339069511204,
    "Minute_10":  0.0000000000077663074437882,
    "Minute_10_Fluctuation":  776630744.37882006,
    "Hour":  0.0000000000012943845739647,
    "Hour_Fluctuation":  129438457.39647001,
    "Day":  0.0000000000000539326905818625,
    "Day_Fluctuation":  5393269.0581862507,
    "Week":  0.0000000000000077046700831232,
    "Week_Fluctuation":  770467.0083123215,
    "Updated":  "\/Date(1530628749900)\/"
}
