{
  "Live": 0.0000000000565956,
  "Minute": 0.0000000000501069062198174,
  "Minute_Fluctuation": 0.056014145625969278,
  "Minute_5": 0.0000000000480523729679794,
  "Minute_5_Fluctuation": 0.011329906879905843,
  "Minute_10": 0.0000000000477750371488089,
  "Minute_10_Fluctuation": 0.008898020755651494,
  "Hour": 0.0000000000475647724882504,
  "Hour_Fluctuation": 0.018057209562757359,
  "Day": 0.0000000000478621729532095,
  "Day_Fluctuation": 0.026697994304458506,
  "Week": 0.000000000047538994433449,
  "Week_Fluctuation": 0.20929433365421179,
  "Updated": "2018-04-23T03:20:04.394355Z"
}
