{
    "Live":  0.00000000008187855,
    "Minute":  0.00000000008187855,
    "Minute_Fluctuation":  0.06668935011908822,
    "Minute_5":  0.0000000000820182196110274,
    "Minute_5_Fluctuation":  0.0730959919900703,
    "Minute_10":  0.0000000000400178510257474,
    "Minute_10_Fluctuation":  4001785102.5747404,
    "Hour":  0.00000000000666964183762457,
    "Hour_Fluctuation":  666964183.76245666,
    "Day":  0.000000000000277901743234357,
    "Day_Fluctuation":  27790174.323435694,
    "Week":  0.0000000000000397002490334796,
    "Week_Fluctuation":  3970024.9033479565,
    "Updated":  "\/Date(1530628749368)\/"
}
