{
  "Live": 0.00000000000142285,
  "Minute": 0.00000000000142285,
  "Minute_Fluctuation": 0.026050081557617556,
  "Minute_5": 0.00000000000142285,
  "Minute_5_Fluctuation": 0.022152163112598652,
  "Minute_10": 0.00000000000143333098965408,
  "Minute_10_Fluctuation": 0.036584282502573395,
  "Hour": 0.0000000000015169892019121,
  "Hour_Fluctuation": 0.15865260219792524,
  "Day": 0.00000000000145887240467577,
  "Day_Fluctuation": 0.47386280124579205,
  "Week": 0.00000000000145360771284379,
  "Week_Fluctuation": 0.4961729436038631,
  "Updated": "2018-04-28T01:28:12.7863052Z"
}
