{
  "Live": 0.0000000000343076,
  "Minute": 0.0000000000343076,
  "Minute_Fluctuation": 0.42597187758478083,
  "Minute_5": 0.0000000000343076,
  "Minute_5_Fluctuation": 0.42597187758478083,
  "Minute_10": 0.0000000000343076,
  "Minute_10_Fluctuation": 0.42597187758478083,
  "Hour": 0.0000000259791919950699,
  "Hour_Fluctuation": 0.36013822983750421,
  "Day": 0.0000000385789915720508,
  "Day_Fluctuation": 0.045850370244091769,
  "Week": 0.0000000396303973000698,
  "Week_Fluctuation": 0.21551649181028515,
  "Updated": "2018-04-23T00:14:54.581644Z"
}
