{
    "Live":  0.000000000002388,
    "Minute":  0.000000000002388,
    "Minute_Fluctuation":  0,
    "Minute_5":  0.00000000000238815101281883,
    "Minute_5_Fluctuation":  0.0059224141063395404,
    "Minute_10":  0.000000000001166979273744,
    "Minute_10_Fluctuation":  116697927.3744,
    "Hour":  0.000000000000194496545624,
    "Hour_Fluctuation":  19449654.5624,
    "Day":  0.0000000000000081040227343333,
    "Day_Fluctuation":  810402.27343333326,
    "Week":  0.0000000000000011577175334762,
    "Week_Fluctuation":  115771.75334761904,
    "Updated":  "\/Date(1530628748395)\/"
}
