{
    "Live":  0.0000000083182,
    "Minute":  0.0000000083182,
    "Minute_Fluctuation":  0.018270401948842937,
    "Minute_5":  0.00000000831473453561015,
    "Minute_5_Fluctuation":  0.018718911893513056,
    "Minute_10":  0.0000000040635553913416,
    "Minute_10_Fluctuation":  406355539134.16,
    "Hour":  0.000000000677259231890267,
    "Hour_Fluctuation":  67725923189.026665,
    "Day":  0.0000000000282191346620944,
    "Day_Fluctuation":  2821913466.2094445,
    "Week":  0.00000000000403130495172778,
    "Week_Fluctuation":  403130495.17277777,
    "Updated":  "\/Date(1530628746139)\/"
}
