{
    "Live":  0.00000000014319045,
    "Minute":  0.00000000014319045,
    "Minute_Fluctuation":  0.13556379704884403,
    "Minute_5":  0.000000000142798155189945,
    "Minute_5_Fluctuation":  0.13627865386309848,
    "Minute_10":  0.0000000000699695057346246,
    "Minute_10_Fluctuation":  6996950573.4624615,
    "Hour":  0.0000000000116615842891041,
    "Hour_Fluctuation":  1166158428.9104102,
    "Day":  0.000000000000485899345379338,
    "Day_Fluctuation":  48589934.537933752,
    "Week":  0.0000000000000694141921970482,
    "Week_Fluctuation":  6941419.2197048217,
    "Updated":  "\/Date(1530628747732)\/"
}
