{
  "Live": 0.0000000000192632,
  "Minute": 0.0000000000182310352509421,
  "Minute_Fluctuation": 0.027904630432984318,
  "Minute_5": 0.0000000000179991600939622,
  "Minute_5_Fluctuation": 0.0061427408401399982,
  "Minute_10": 0.0000000000179874962951148,
  "Minute_10_Fluctuation": 0.0049002844083490668,
  "Hour": 0.0000000000179932280596708,
  "Hour_Fluctuation": 0.0057033064117969177,
  "Day": 0.0000000000179480777224629,
  "Day_Fluctuation": 0.14865688966560173,
  "Week": 0.0000000000179412200590769,
  "Week_Fluctuation": 0.43000679718117962,
  "Updated": "2018-04-27T02:43:36.6930921Z"
}
