{
  "Live": 0.00000000000016547845,
  "Minute": 0.000000000000165677256648835,
  "Minute_Fluctuation": 0.0036779687877895296,
  "Minute_5": 0.000000000000165717324245794,
  "Minute_5_Fluctuation": 0.0008740934398045947,
  "Minute_10": 0.000000000000165764298962044,
  "Minute_10_Fluctuation": 0.00085487279850203989,
  "Hour": 0.000000000000165787793178263,
  "Hour_Fluctuation": 0.0013232098656463648,
  "Day": 0.000000000000165701410743442,
  "Day_Fluctuation": 0.14877237236205473,
  "Week": 0.000000000000165727336176333,
  "Week_Fluctuation": 0.43002954079725431,
  "Updated": "2018-04-27T02:43:35.3086258Z"
}
