{
  "Live": 0.0000000000054725,
  "Minute": 0.00000000000456242196427985,
  "Minute_Fluctuation": 0.105372691772925,
  "Minute_5": 0.00000000000437585164994783,
  "Minute_5_Fluctuation": 0.02385862888466065,
  "Minute_10": 0.00000000000436890052706557,
  "Minute_10_Fluctuation": 0.018262998423431549,
  "Hour": 0.00000000000438677926458814,
  "Hour_Fluctuation": 0.026792756219177212,
  "Day": 0.00000000000433542556868876,
  "Day_Fluctuation": 0.15101798083206625,
  "Week": 0.00000000000432923220756452,
  "Week_Fluctuation": 0.43040621225957337,
  "Updated": "2018-04-27T02:43:35.5076967Z"
}
