{
  "Live": 0.000000000000398,
  "Minute": 0.000000000000345021974877966,
  "Minute_Fluctuation": 0.10837318292634321,
  "Minute_5": 0.000000000000331704187332931,
  "Minute_5_Fluctuation": 0.025500340037906966,
  "Minute_10": 0.000000000000330039463889801,
  "Minute_10_Fluctuation": 0.013003152632742973,
  "Hour": 0.00000000000032865219435386,
  "Hour_Fluctuation": 0.00806463153987389,
  "Day": 0.000000000000328546449288742,
  "Day_Fluctuation": 0.23406050849188095,
  "Week": 0.000000000000328376391958024,
  "Week_Fluctuation": 0.45567548941890851,
  "Updated": "2018-04-26T17:09:44.8368027Z"
}
