{
    "Live":  0.00000000000098505,
    "Minute":  0.00000000000098505,
    "Minute_Fluctuation":  0,
    "Minute_5":  0.00000000000098505,
    "Minute_5_Fluctuation":  0.000449923624140405,
    "Minute_10":  0.0000000000004813444736694,
    "Minute_10_Fluctuation":  48134447.366940007,
    "Hour":  0.0000000000000802240789449,
    "Hour_Fluctuation":  8022407.89449,
    "Day":  0.0000000000000033426699560375,
    "Day_Fluctuation":  334266.99560375,
    "Week":  0.0000000000000004775242794339,
    "Week_Fluctuation":  47752.42794339286,
    "Updated":  "\/Date(1530628748046)\/"
}
