{
  "Live": 0.00000000000170145,
  "Minute": 0.00000000000222232108286024,
  "Minute_Fluctuation": 0.085157764223137769,
  "Minute_5": 0.00000000000235922612414799,
  "Minute_5_Fluctuation": 0.017981180979342194,
  "Minute_10": 0.00000000000237643413134197,
  "Minute_10_Fluctuation": 0.0091175752345068247,
  "Hour": 0.00000000000240632505487305,
  "Hour_Fluctuation": 0.048016673065081915,
  "Day": 0.00000000000243801470026123,
  "Day_Fluctuation": 0.082504993383765754,
  "Week": 0.00000000000239343540715826,
  "Week_Fluctuation": 0.22390095771043658,
  "Updated": "2018-04-23T04:56:45.1311141Z"
}
