{
  "Live": 0.0000000000068854,
  "Minute": 0.00000000000928635587216419,
  "Minute_Fluctuation": 0.21375840888807585,
  "Minute_5": 0.0000000000099173271872094,
  "Minute_5_Fluctuation": 0.05561209364411869,
  "Minute_10": 0.0000000000100298194206784,
  "Minute_10_Fluctuation": 0.028779991913349279,
  "Hour": 0.0000000000101585032565032,
  "Hour_Fluctuation": 0.042767235338636411,
  "Day": 0.0000000000101417974041627,
  "Day_Fluctuation": 0.023942371321338835,
  "Week": 0.0000000000100749917705199,
  "Week_Fluctuation": 0.21010393927474949,
  "Updated": "2018-04-23T03:20:01.6433644Z"
}
