{
  "Live": 0.00000000000030845,
  "Minute": 0.000000000000331950345407144,
  "Minute_Fluctuation": 0.094837064587918046,
  "Minute_5": 0.000000000000337055496589372,
  "Minute_5_Fluctuation": 0.02380977215042563,
  "Minute_10": 0.000000000000339649439383287,
  "Minute_10_Fluctuation": 0.018665003970671043,
  "Hour": 0.000000000000340120183876818,
  "Hour_Fluctuation": 0.017522264217115585,
  "Day": 0.000000000000338512451526192,
  "Day_Fluctuation": 0.15069397879641594,
  "Week": 0.000000000000338331151305665,
  "Week_Fluctuation": 0.43035974555936091,
  "Updated": "2018-04-27T02:43:36.2520934Z"
}
