{
  "Live": 0.00000000000745255,
  "Minute": 0.00000000000561038229226863,
  "Minute_Fluctuation": 0.18841803418049824,
  "Minute_5": 0.00000000000520536222743768,
  "Minute_5_Fluctuation": 0.039783308100953957,
  "Minute_10": 0.00000000000515208071030026,
  "Minute_10_Fluctuation": 0.032922049266851577,
  "Hour": 0.00000000000516263425562821,
  "Hour_Fluctuation": 0.03261897191291898,
  "Day": 0.00000000000510821833164391,
  "Day_Fluctuation": 0.15316469281832346,
  "Week": 0.00000000000510415743693242,
  "Week_Fluctuation": 0.43081514626073536,
  "Updated": "2018-04-27T02:43:36.4061884Z"
}
