{
    "Live":  0.00000000006603815,
    "Minute":  0.00000000006603815,
    "Minute_Fluctuation":  0.040445210848095367,
    "Minute_5":  0.0000000000659806289242651,
    "Minute_5_Fluctuation":  0.039847814464463512,
    "Minute_10":  0.0000000000322701883789122,
    "Minute_10_Fluctuation":  3227018837.8912206,
    "Hour":  0.0000000000053783647298187,
    "Hour_Fluctuation":  537836472.98187,
    "Day":  0.000000000000224098530409112,
    "Day_Fluctuation":  22409853.040911254,
    "Week":  0.0000000000000320140757727304,
    "Week_Fluctuation":  3201407.5772730359,
    "Updated":  "\/Date(1530628748115)\/"
}
