{
  "Live": 0.00000000000012928035,
  "Minute": 0.000000000000146361799274913,
  "Minute_Fluctuation": 0.082953554273729344,
  "Minute_5": 0.000000000000150328281798532,
  "Minute_5_Fluctuation": 0.018307631214254844,
  "Minute_10": 0.000000000000150824092113985,
  "Minute_10_Fluctuation": 0.0092524811774820932,
  "Hour": 0.000000000000151237267376862,
  "Hour_Fluctuation": 0.0036775262294585754,
  "Day": 0.000000000000151305161426418,
  "Day_Fluctuation": 0.23510827015759242,
  "Week": 0.000000000000151319410554124,
  "Week_Fluctuation": 0.45585654143643839,
  "Updated": "2018-04-26T17:09:43.6178966Z"
}
