{
    "Live":  0.00000000000211935,
    "Minute":  0.00000000000211935,
    "Minute_Fluctuation":  0.24734982332155481,
    "Minute_5":  0.00000000000213469419357062,
    "Minute_5_Fluctuation":  0.24748806952308594,
    "Minute_10":  0.0000000000010357576859478,
    "Minute_10_Fluctuation":  103575768.59477998,
    "Hour":  0.0000000000001726262809913,
    "Hour_Fluctuation":  17262628.09913,
    "Day":  0.0000000000000071927617079708,
    "Day_Fluctuation":  719276.17079708329,
    "Week":  0.000000000000001027537386853,
    "Week_Fluctuation":  102753.73868529762,
    "Updated":  "\/Date(1530628749021)\/"
}
