{
    "Live":  0.00000000006965995,
    "Minute":  0.00000000006965995,
    "Minute_Fluctuation":  0.19768507907403152,
    "Minute_5":  0.0000000000700576221176231,
    "Minute_5_Fluctuation":  0.19781095817318015,
    "Minute_10":  0.0000000000340280581076739,
    "Minute_10_Fluctuation":  3402805810.7673936,
    "Hour":  0.00000000000567134301794566,
    "Hour_Fluctuation":  567134301.79456556,
    "Day":  0.000000000000236305959081069,
    "Day_Fluctuation":  23630595.9081069,
    "Week":  0.0000000000000337579941544384,
    "Week_Fluctuation":  3375799.4154438428,
    "Updated":  "\/Date(1530628745998)\/"
}
