{
  "Live": 0.00000000000056715,
  "Minute": 0.00000000000056715,
  "Minute_Fluctuation": 0.12547799945007826,
  "Minute_5": 0.00000000000056715,
  "Minute_5_Fluctuation": 0.10142714997978453,
  "Minute_10": 0.000000000000550101931095487,
  "Minute_10_Fluctuation": 0.15382184520834252,
  "Hour": 0.000000000000530187266527687,
  "Hour_Fluctuation": 0.2020131151217299,
  "Day": 0.000000000000519439517040096,
  "Day_Fluctuation": 0.47773168889825574,
  "Week": 0.000000000000517705013068999,
  "Week_Fluctuation": 0.49674116160201442,
  "Updated": "2018-04-28T01:28:10.208491Z"
}
