{
  "Live": 0.000000000008756,
  "Minute": 0.000000000008756,
  "Minute_Fluctuation": 0.049655274926705531,
  "Minute_5": 0.000000000008756,
  "Minute_5_Fluctuation": 0.082916065444259751,
  "Minute_10": 0.000000000008756,
  "Minute_10_Fluctuation": 0.087311556489489073,
  "Hour": 0.00000000000950589148534004,
  "Hour_Fluctuation": 0.025658258185667221,
  "Day": 0.000000000009606951081235,
  "Day_Fluctuation": 0.016884440439058984,
  "Week": 0.00000000000963022747661289,
  "Week_Fluctuation": 0.212062862563127,
  "Updated": "2018-04-23T00:03:58.0223792Z"
}
