{
  "Live": 0.0000000000001894679,
  "Minute": 0.000000000000206256033881233,
  "Minute_Fluctuation": 0.029388441457130432,
  "Minute_5": 0.000000000000209842309602408,
  "Minute_5_Fluctuation": 0.0062076008793564424,
  "Minute_10": 0.000000000000210046573597683,
  "Minute_10_Fluctuation": 0.0070862920217074649,
  "Hour": 0.00000000000021084220506415,
  "Hour_Fluctuation": 0.015658302028082171,
  "Day": 0.000000000000210767301259407,
  "Day_Fluctuation": 0.15122351190312891,
  "Week": 0.00000000000021073843380605,
  "Week_Fluctuation": 0.43051290624028377,
  "Updated": "2018-04-27T02:43:36.0330333Z"
}
