{
  "Live": 0.0000000000796796,
  "Minute": 0.0000000000725617693778483,
  "Minute_Fluctuation": 0.039923495100004633,
  "Minute_5": 0.0000000000708855317534434,
  "Minute_5_Fluctuation": 0.0084904282526859,
  "Minute_10": 0.0000000000706760020503928,
  "Minute_10_Fluctuation": 0.004276606026303289,
  "Hour": 0.0000000000705013939645173,
  "Hour_Fluctuation": 0.0057832362109802807,
  "Day": 0.0000000000704818997349387,
  "Day_Fluctuation": 0.23398276081648237,
  "Week": 0.0000000000704666802141111,
  "Week_Fluctuation": 0.45566481867229119,
  "Updated": "2018-04-26T17:09:43.8127089Z"
}
