{
    "Live":  0.00000000000009216685,
    "Minute":  0.00000000000009216685,
    "Minute_Fluctuation":  0.45279171894604775,
    "Minute_5":  0.000000000000091546141521276,
    "Minute_5_Fluctuation":  0.42884253545169204,
    "Minute_10":  0.0000000000000450472964552111,
    "Minute_10_Fluctuation":  4504729.6455211136,
    "Hour":  0.0000000000000075078827425352,
    "Hour_Fluctuation":  750788.274253519,
    "Day":  0.0000000000000003128284476056,
    "Day_Fluctuation":  31282.84476056329,
    "Week":  0.0000000000000000446897782294,
    "Week_Fluctuation":  4468.9778229376125,
    "Updated":  "\/Date(1530628749406)\/"
}
