{
    "Live":  0.0000000001045347,
    "Minute":  0.0000000001045347,
    "Minute_Fluctuation":  0.076544727943436808,
    "Minute_5":  0.000000000104365083775556,
    "Minute_5_Fluctuation":  0.075257140325770522,
    "Minute_10":  0.0000000000510745869116436,
    "Minute_10_Fluctuation":  5107458691.16436,
    "Hour":  0.0000000000085124311519406,
    "Hour_Fluctuation":  851243115.19405985,
    "Day":  0.000000000000354684631330858,
    "Day_Fluctuation":  35468463.133085832,
    "Week":  0.0000000000000506692330472655,
    "Week_Fluctuation":  5066923.3047265476,
    "Updated":  "\/Date(1530628747074)\/"
}
