{
    "Live":  0.00000000000009236585,
    "Minute":  0.00000000000009236585,
    "Minute_Fluctuation":  0.00968022623450079,
    "Minute_5":  0.0000000000000923471689484744,
    "Minute_5_Fluctuation":  0.00982829434383714,
    "Minute_10":  0.0000000000000451243619888231,
    "Minute_10_Fluctuation":  4512436.1988823134,
    "Hour":  0.0000000000000075207269981372,
    "Hour_Fluctuation":  752072.69981371891,
    "Day":  0.0000000000000003133636249224,
    "Day_Fluctuation":  31336.362492238288,
    "Week":  0.0000000000000000447662321318,
    "Week_Fluctuation":  4476.6232131768975,
    "Updated":  "\/Date(1530628746513)\/"
}
