{
    "Live":  0.0000000000434815,
    "Minute":  0.0000000000434815,
    "Minute_Fluctuation":  1.4862294390880095E-16,
    "Minute_5":  0.0000000000434815,
    "Minute_5_Fluctuation":  0.00070852601614358594,
    "Minute_10":  0.0000000000212435443232553,
    "Minute_10_Fluctuation":  2124354432.3255339,
    "Hour":  0.00000000000354059072054256,
    "Hour_Fluctuation":  354059072.0542556,
    "Day":  0.00000000000014752461335594,
    "Day_Fluctuation":  14752461.335593984,
    "Week":  0.0000000000000210749447651343,
    "Week_Fluctuation":  2107494.4765134263,
    "Updated":  "\/Date(1530628746810)\/"
}
