{
  "Live": 0.0000000000001745429,
  "Minute": 0.0000000000001745429,
  "Minute_Fluctuation": 0.011523042176621458,
  "Minute_5": 0.0000000000001745429,
  "Minute_5_Fluctuation": 0.016704129238239183,
  "Minute_10": 0.0000000000001745429,
  "Minute_10_Fluctuation": 0.017292634658048579,
  "Hour": 0.000000000000172033047524007,
  "Hour_Fluctuation": 0.0038778311557923885,
  "Day": 0.000000000000171862302496598,
  "Day_Fluctuation": 0.0057269229097882818,
  "Week": 0.00000000000017145874687414,
  "Week_Fluctuation": 0.20738379805340704,
  "Updated": "2018-04-23T00:03:56.7597189Z"
}
