{
    "Live":  0.00000004478495,
    "Minute":  0.00000004478495,
    "Minute_Fluctuation":  0.085534335635920417,
    "Minute_5":  0.0000000448787330937132,
    "Minute_5_Fluctuation":  0.084722004218307376,
    "Minute_10":  0.0000000218792299785906,
    "Minute_10_Fluctuation":  2187922997859.06,
    "Hour":  0.0000000036465383297651,
    "Hour_Fluctuation":  364653832976.50995,
    "Day":  0.000000000151939097073546,
    "Day_Fluctuation":  15193909707.354582,
    "Week":  0.0000000000217055852962208,
    "Week_Fluctuation":  2170558529.6220832,
    "Updated":  "\/Date(1530628746700)\/"
}
