{
  "Live": 0.0000000000002587,
  "Minute": 0.0000000000002587,
  "Minute_Fluctuation": 0.0,
  "Minute_5": 0.0000000000002587,
  "Minute_5_Fluctuation": 0.0,
  "Minute_10": 0.0000000000002587,
  "Minute_10_Fluctuation": 0.0,
  "Hour": 0.000000000000324245455062669,
  "Hour_Fluctuation": 0.090105537893215654,
  "Day": 0.000000000000356291509567195,
  "Day_Fluctuation": 0.012162566895917118,
  "Week": 0.000000000000358269594656466,
  "Week_Fluctuation": 0.2092289132779088,
  "Updated": "2018-04-23T00:14:53.3829193Z"
}
