{
  "Live": 0.0000000000205965,
  "Minute": 0.0000000000205965,
  "Minute_Fluctuation": 0.21265377855887496,
  "Minute_5": 0.0000000000205965,
  "Minute_5_Fluctuation": 0.21265377855887496,
  "Minute_10": 0.0000000000205965,
  "Minute_10_Fluctuation": 0.21265377855887496,
  "Hour": 0.0000000000166361229439203,
  "Hour_Fluctuation": 0.081586768042882063,
  "Day": 0.0000000000155059386831677,
  "Day_Fluctuation": 0.024595965031774192,
  "Week": 0.0000000000153729263143844,
  "Week_Fluctuation": 0.2134785086612048,
  "Updated": "2018-04-23T00:14:49.5767288Z"
}
