{
  "Live": 0.0000000000097112,
  "Minute": 0.00000000000926389230365109,
  "Minute_Fluctuation": 0.079269463304105323,
  "Minute_5": 0.00000000000902569098488354,
  "Minute_5_Fluctuation": 0.0772312173834794,
  "Minute_10": 0.00000000000924055397739471,
  "Minute_10_Fluctuation": 0.05227969894871521,
  "Hour": 0.00000000000926427897770682,
  "Hour_Fluctuation": 0.0842911714929367,
  "Day": 0.00000000000913533874164954,
  "Day_Fluctuation": 0.023817501497667766,
  "Week": 0.00000000000896617019404566,
  "Week_Fluctuation": 0.23107893266614662,
  "Updated": "2018-04-22T08:33:30.5710252Z"
}
