{
  "Live": 0.00000000000012038505,
  "Minute": 0.00000000000012038505,
  "Minute_Fluctuation": 0.19319213184840911,
  "Minute_5": 0.00000000000012038505,
  "Minute_5_Fluctuation": 0.24985237368792904,
  "Minute_10": 0.000000000000134264251462444,
  "Minute_10_Fluctuation": 0.54825936331852643,
  "Hour": 0.000000000000138706064947903,
  "Hour_Fluctuation": 0.34222356803600457,
  "Day": 0.000000000000162028197145922,
  "Day_Fluctuation": 0.48653792149388386,
  "Week": 0.000000000000163269643711178,
  "Week_Fluctuation": 0.49802250607302045,
  "Updated": "2018-04-28T01:28:11.0104073Z"
}
