{
  "Live": 0.0000000000202184,
  "Minute": 0.0000000000202184,
  "Minute_Fluctuation": 0.07003575360384752,
  "Minute_5": 0.0000000000202184,
  "Minute_5_Fluctuation": 0.0034248908837099419,
  "Minute_10": 0.0000000000202184,
  "Minute_10_Fluctuation": 0.012460759074145539,
  "Hour": 0.0000000000200705029591272,
  "Hour_Fluctuation": 0.025796479444044146,
  "Day": 0.0000000000199259361011055,
  "Day_Fluctuation": 0.036097425525449964,
  "Week": 0.0000000000197521648579174,
  "Week_Fluctuation": 0.2198039541977414,
  "Updated": "2018-04-23T00:03:56.4075689Z"
}
