{
  "Live": 0.0000000000240591,
  "Minute": 0.0000000000240591,
  "Minute_Fluctuation": 0.99905620175518139,
  "Minute_5": 0.0000000000240591,
  "Minute_5_Fluctuation": 0.99934749080658436,
  "Minute_10": 0.0000000000240591,
  "Minute_10_Fluctuation": 0.9993697348017474,
  "Hour": 0.0000000317365861948062,
  "Hour_Fluctuation": 0.21838725567696268,
  "Day": 0.00000003887288342183,
  "Day_Fluctuation": 0.038581989912828123,
  "Week": 0.0000000396732470441341,
  "Week_Fluctuation": 0.21466848223877472,
  "Updated": "2018-04-23T00:04:00.7920731Z"
}
