{
    "Live":  0.0000000000165568,
    "Minute":  0.0000000000165568,
    "Minute_Fluctuation":  0,
    "Minute_5":  0.0000000000165576498740491,
    "Minute_5_Fluctuation":  0.0048892265724012271,
    "Minute_10":  0.00000000000808864452409174,
    "Minute_10_Fluctuation":  808864452.40917337,
    "Hour":  0.00000000000134810742068196,
    "Hour_Fluctuation":  134810742.06819555,
    "Day":  0.0000000000000561711425284148,
    "Day_Fluctuation":  5617114.252841481,
    "Week":  0.0000000000000080244489326307,
    "Week_Fluctuation":  802444.89326306875,
    "Updated":  "\/Date(1530628746248)\/"
}
