{
  "Live": 0.00000000000125569995,
  "Minute": 0.00000000000122849701662359,
  "Minute_Fluctuation": 0.032687232349185844,
  "Minute_5": 0.0000000000012218689205405,
  "Minute_5_Fluctuation": 0.00797576854374829,
  "Minute_10": 0.00000000000122104040853012,
  "Minute_10_Fluctuation": 0.0040790430809962818,
  "Hour": 0.00000000000122034998185479,
  "Hour_Fluctuation": 0.00059446255590601493,
  "Day": 0.00000000000121997314532136,
  "Day_Fluctuation": 0.23398864051047361,
  "Week": 0.00000000000122021271845625,
  "Week_Fluctuation": 0.45567729233887294,
  "Updated": "2018-04-26T17:09:44.3168924Z"
}
