{
  "Live": 0.00000000015144895,
  "Minute": 0.000000000153555129905559,
  "Minute_Fluctuation": 0.066293931104191475,
  "Minute_5": 0.000000000154144705052287,
  "Minute_5_Fluctuation": 0.0178169103399322,
  "Minute_10": 0.000000000154485180468073,
  "Minute_10_Fluctuation": 0.010889276128537221,
  "Hour": 0.00000000015391155877998,
  "Hour_Fluctuation": 0.028959845543165649,
  "Day": 0.000000000154534102615987,
  "Day_Fluctuation": 0.022662796330564616,
  "Week": 0.000000000154292025726972,
  "Week_Fluctuation": 0.21043207126442057,
  "Updated": "2018-04-23T03:20:02.5656802Z"
}
