{
  "Live": 0.00000000000001185045,
  "Minute": 0.00000000000001185045,
  "Minute_Fluctuation": 0.53023597489444563,
  "Minute_5": 0.00000000000001185045,
  "Minute_5_Fluctuation": 0.49344678276496212,
  "Minute_10": 0.0000000000000156504817342488,
  "Minute_10_Fluctuation": 0.39666657087839224,
  "Hour": 0.0000000000000214710680666667,
  "Hour_Fluctuation": 0.24982908399120984,
  "Day": 0.0000000000000228386320647385,
  "Day_Fluctuation": 0.47855336889847166,
  "Week": 0.0000000000000229291809908524,
  "Week_Fluctuation": 0.49684459584032303,
  "Updated": "2018-04-28T01:28:09.7167636Z"
}
