{
  "Live": 0.000000000005771,
  "Minute": 0.00000000000526093271717287,
  "Minute_Fluctuation": 0.099921851781520785,
  "Minute_5": 0.00000000000513460192605144,
  "Minute_5_Fluctuation": 0.02223464406600437,
  "Minute_10": 0.00000000000511881057716126,
  "Minute_10_Fluctuation": 0.011243659073168762,
  "Hour": 0.00000000000510565111975278,
  "Hour_Fluctuation": 0.0058233000387656981,
  "Day": 0.00000000000509949950886901,
  "Day_Fluctuation": 0.236223093224884,
  "Week": 0.0000000000051030348942918,
  "Week_Fluctuation": 0.45602123414911089,
  "Updated": "2018-04-26T17:09:44.5989115Z"
}
