{
  "Live": 0.0000000000006567,
  "Minute": 0.0000000000006567,
  "Minute_Fluctuation": 0.37142857142857139,
  "Minute_5": 0.0000000000006567,
  "Minute_5_Fluctuation": 0.37142857142857139,
  "Minute_10": 0.0000000000006567,
  "Minute_10_Fluctuation": 0.37142857142857139,
  "Hour": 0.00000000000104236537714377,
  "Hour_Fluctuation": 0.091170866969582279,
  "Day": 0.00000000000114598757069714,
  "Day_Fluctuation": 0.026014222859007306,
  "Week": 0.00000000000114291257482379,
  "Week_Fluctuation": 0.2145754523297044,
  "Updated": "2018-04-23T00:14:52.2071827Z"
}
