{
    "Live":  0.00000000862665,
    "Minute":  0.00000000862665,
    "Minute_Fluctuation":  0.018801410105757838,
    "Minute_5":  0.00000000862345082326006,
    "Minute_5_Fluctuation":  0.018837022344214423,
    "Minute_10":  0.0000000042142345937002,
    "Minute_10_Fluctuation":  421423459370.01996,
    "Hour":  0.000000000702372432283366,
    "Hour_Fluctuation":  70237243228.336655,
    "Day":  0.0000000000292655180118069,
    "Day_Fluctuation":  2926551801.1806941,
    "Week":  0.00000000000418078828740099,
    "Week_Fluctuation":  418078828.74009919,
    "Updated":  "\/Date(1530628745874)\/"
}
