{
  "Live": 0.00000000000590035,
  "Minute": 0.00000000000494165274790649,
  "Minute_Fluctuation": 0.29683195447506383,
  "Minute_5": 0.00000000000439048934090315,
  "Minute_5_Fluctuation": 0.24474249079562707,
  "Minute_10": 0.00000000000405811842565698,
  "Minute_10_Fluctuation": 0.24074379016042857,
  "Hour": 0.0000000000040776374912735,
  "Hour_Fluctuation": 0.09130323459952501,
  "Day": 0.00000000000426272513749422,
  "Day_Fluctuation": 0.044127974704361,
  "Week": 0.0000000000042527668377891,
  "Week_Fluctuation": 0.237246104506405,
  "Updated": "2018-04-22T08:33:31.8017273Z"
}
