{
  "Live": 0.0000000000066267,
  "Minute": 0.0000000000066267,
  "Minute_Fluctuation": 0.37946197177535734,
  "Minute_5": 0.0000000000066267,
  "Minute_5_Fluctuation": 0.41173850582559335,
  "Minute_10": 0.00000000000820738758902167,
  "Minute_10_Fluctuation": 0.31166606677977216,
  "Hour": 0.0000000000116934033857912,
  "Hour_Fluctuation": 0.29048871952899019,
  "Day": 0.0000000000114397721633072,
  "Day_Fluctuation": 0.4796310547451646,
  "Week": 0.0000000000114081438518121,
  "Week_Fluctuation": 0.49699357978711284,
  "Updated": "2018-04-28T01:28:09.9908029Z"
}
