{
    "Live":  0.00000000001815875,
    "Minute":  0.00000000001815875,
    "Minute_Fluctuation":  1.7794034654286579E-16,
    "Minute_5":  0.0000000000181594826764622,
    "Minute_5_Fluctuation":  0.0038947684461131211,
    "Minute_10":  0.00000000000887284563367833,
    "Minute_10_Fluctuation":  887284563.36783326,
    "Hour":  0.00000000000147880760561306,
    "Hour_Fluctuation":  147880760.56130555,
    "Day":  0.0000000000000616169835672106,
    "Day_Fluctuation":  6161698.3567210641,
    "Week":  0.0000000000000088024262238872,
    "Week_Fluctuation":  880242.62238872342,
    "Updated":  "\/Date(1530628747627)\/"
}
