{
    "Live":  0.0000000000584065,
    "Minute":  0.0000000000584065,
    "Minute_Fluctuation":  0.11006051437216344,
    "Minute_5":  0.0000000000582714772150458,
    "Minute_5_Fluctuation":  0.2247945636619578,
    "Minute_10":  0.000000000028541784005322,
    "Minute_10_Fluctuation":  2854178400.5322003,
    "Hour":  0.000000000004756964000887,
    "Hour_Fluctuation":  475696400.08870006,
    "Day":  0.000000000000198206833370292,
    "Day_Fluctuation":  19820683.33702917,
    "Week":  0.0000000000000283152619100417,
    "Week_Fluctuation":  2831526.1910041668,
    "Updated":  "\/Date(1530628748327)\/"
}
