{
    "Live":  0.00000000000000470635,
    "Minute":  0.00000000000000470635,
    "Minute_Fluctuation":  0.020703933747412039,
    "Minute_5":  0.000000000000004709189886796,
    "Minute_5_Fluctuation":  273.52548857900854,
    "Minute_10":  0.0000000000000022998118371705,
    "Minute_10_Fluctuation":  229981.18371704666,
    "Hour":  0.0000000000000003833019728617,
    "Hour_Fluctuation":  38330.197286174443,
    "Day":  0.0000000000000000159709155359,
    "Day_Fluctuation":  1597.0915535906017,
    "Week":  0.0000000000000000022815593623,
    "Week_Fluctuation":  228.15593622722881,
    "Updated":  "\/Date(1530628748256)\/"
}
