{
  "Live": 0.0000000000010052684,
  "Minute": 0.00000000000117465553604569,
  "Minute_Fluctuation": 0.054037183015059137,
  "Minute_5": 0.00000000000121105310314796,
  "Minute_5_Fluctuation": 0.011457629437396626,
  "Minute_10": 0.00000000000121380052931654,
  "Minute_10_Fluctuation": 0.0087681971323972131,
  "Hour": 0.00000000000121766814592116,
  "Hour_Fluctuation": 0.00877166217539452,
  "Day": 0.00000000000121963892658341,
  "Day_Fluctuation": 0.14983331982506537,
  "Week": 0.00000000000122014798133634,
  "Week_Fluctuation": 0.43022441419675006,
  "Updated": "2018-04-27T02:43:36.1092099Z"
}
