{
  "Live": 0.0000000000005572,
  "Minute": 0.0000000000005572,
  "Minute_Fluctuation": 0.050847457627118675,
  "Minute_5": 0.0000000000005572,
  "Minute_5_Fluctuation": 0.050847457627118675,
  "Minute_10": 0.0000000000005572,
  "Minute_10_Fluctuation": 0.050847457627118675,
  "Hour": 0.000000000000560831853259092,
  "Hour_Fluctuation": 0.014912210715182658,
  "Day": 0.000000000000555880690462848,
  "Day_Fluctuation": 0.01527026118425517,
  "Week": 0.000000000000554231765954781,
  "Week_Fluctuation": 0.21568998378814694,
  "Updated": "2018-04-23T00:14:49.1082112Z"
}
