{
  "Live": 0.0000000000168955455582283,
  "Minute": 0.0000000000172087135709774,
  "Minute_Fluctuation": 0.065611152955613219,
  "Minute_5": 0.0000000000172203239445895,
  "Minute_5_Fluctuation": 0.029897982276208969,
  "Minute_10": 0.0000000000170870990679403,
  "Minute_10_Fluctuation": 0.01714009385542006,
  "Hour": 0.0000000000169318860554962,
  "Hour_Fluctuation": 0.00394289240308896,
  "Day": 0.0000000000168968848372767,
  "Day_Fluctuation": 0.00015981385525113919,
  "Week": 0.0000000000168955455582283,
  "Week_Fluctuation": 0.38297928924182523,
  "Updated": "2018-04-24T23:41:52.9136697Z"
}
