{
    "Live":  0.0000000000000068456,
    "Minute":  0.0000000000000068456,
    "Minute_Fluctuation":  0.27171903881700576,
    "Minute_5":  0.0000000000000068124164943675,
    "Minute_5_Fluctuation":  0.27201525820871458,
    "Minute_10":  0.0000000000000033458083673995,
    "Minute_10_Fluctuation":  334580.83673994674,
    "Hour":  0.0000000000000005576347278999,
    "Hour_Fluctuation":  55763.472789991123,
    "Day":  0.0000000000000000232347803292,
    "Day_Fluctuation":  2323.4780329162968,
    "Week":  0.0000000000000000033192543327,
    "Week_Fluctuation":  331.92543327375665,
    "Updated":  "\/Date(1530628749965)\/"
}
