{
    "Live":  0.0000000000350041,
    "Minute":  0.0000000000350041,
    "Minute_Fluctuation":  0.1279127416955872,
    "Minute_5":  0.000000000035122116507345,
    "Minute_5_Fluctuation":  0.1295080420722626,
    "Minute_10":  0.0000000000171063795687975,
    "Minute_10_Fluctuation":  1710637956.8797472,
    "Hour":  0.00000000000285106326146625,
    "Hour_Fluctuation":  285106326.14662451,
    "Day":  0.000000000000118794302561094,
    "Day_Fluctuation":  11879430.256109355,
    "Week":  0.0000000000000169706146515848,
    "Week_Fluctuation":  1697061.4651584793,
    "Updated":  "\/Date(1530628748605)\/"
}
