{
  "Live": 0.0000000000010989377,
  "Minute": 0.0000000000010989377,
  "Minute_Fluctuation": 0.11943999298396671,
  "Minute_5": 0.0000000000010989377,
  "Minute_5_Fluctuation": 0.11943999298396671,
  "Minute_10": 0.0000000000010989377,
  "Minute_10_Fluctuation": 0.11943999298396671,
  "Hour": 0.00000000000127376109311524,
  "Hour_Fluctuation": 0.042196925788544767,
  "Day": 0.00000000000132290210764153,
  "Day_Fluctuation": 0.015676289258030003,
  "Week": 0.00000000000132304552157081,
  "Week_Fluctuation": 0.21101304833049825,
  "Updated": "2018-04-23T00:14:51.9885787Z"
}
