{
    "Live":  0.0000000000269844,
    "Minute":  0.0000000000269844,
    "Minute_Fluctuation":  0,
    "Minute_5":  0.000000000026988221361062,
    "Minute_5_Fluctuation":  0.011715608602575754,
    "Minute_10":  0.0000000000131822424661072,
    "Minute_10_Fluctuation":  1318224246.61072,
    "Hour":  0.00000000000219704041101787,
    "Hour_Fluctuation":  219704041.10178664,
    "Day":  0.0000000000000915433504590778,
    "Day_Fluctuation":  9154335.0459077768,
    "Week":  0.000000000000013077621494154,
    "Week_Fluctuation":  1307762.1494153969,
    "Updated":  "\/Date(1530628746108)\/"
}
