{
    "Live":  0.0000000000018706,
    "Minute":  0.0000000000018706,
    "Minute_Fluctuation":  0,
    "Minute_5":  0.00000000000187036052562667,
    "Minute_5_Fluctuation":  0.014733938632464506,
    "Minute_10":  0.000000000000914037116766134,
    "Minute_10_Fluctuation":  91403711.676613361,
    "Hour":  0.000000000000152339519461022,
    "Hour_Fluctuation":  15233951.946102224,
    "Day":  0.0000000000000063474799775426,
    "Day_Fluctuation":  634747.99775425927,
    "Week":  0.0000000000000009067828539347,
    "Week_Fluctuation":  90678.285393465616,
    "Updated":  "\/Date(1530628747662)\/"
}
