{
  "Live": 0.0000000000079202,
  "Minute": 0.0000000000119482886899563,
  "Minute_Fluctuation": 0.46044809913831181,
  "Minute_5": 0.0000000000201055270300825,
  "Minute_5_Fluctuation": 0.092089619827662353,
  "Minute_10": 0.0000000000211251818225983,
  "Minute_10_Fluctuation": 0.046044809913831176,
  "Hour": 0.0000000000219748941496948,
  "Hour_Fluctuation": 0.06091704632570092,
  "Day": 0.0000000000218660868652622,
  "Day_Fluctuation": 0.029576929045873723,
  "Week": 0.0000000000221438250528199,
  "Week_Fluctuation": 0.23098477125448472,
  "Updated": "2018-04-22T11:01:12.9086342Z"
}
