{
  "Live": 0.0000000000001725728,
  "Minute": 0.000000000000171750917546608,
  "Minute_Fluctuation": 0.0018003581764933553,
  "Minute_5": 0.00000000000017152917081209,
  "Minute_5_Fluctuation": 0.00036996625396550856,
  "Minute_10": 0.00000000000017150197861992,
  "Minute_10_Fluctuation": 0.00024411895936939245,
  "Hour": 0.00000000000017168747651596,
  "Hour_Fluctuation": 0.0040651588661206953,
  "Day": 0.000000000000171907366415237,
  "Day_Fluctuation": 0.005705119402749541,
  "Week": 0.000000000000171473761626815,
  "Week_Fluctuation": 0.20347259800834117,
  "Updated": "2018-04-23T03:20:02.0274467Z"
}
