{
  "Live": 0.0000000000002388,
  "Minute": 0.000000000000328127050626361,
  "Minute_Fluctuation": 0.1492999542663187,
  "Minute_5": 0.000000000000351940206253095,
  "Minute_5_Fluctuation": 0.033113552630284149,
  "Minute_10": 0.000000000000354816686332739,
  "Minute_10_Fluctuation": 0.021229100306970297,
  "Hour": 0.00000000000035487025881576,
  "Hour_Fluctuation": 0.023449904183475118,
  "Day": 0.000000000000354316043717296,
  "Day_Fluctuation": 0.017662106073712602,
  "Week": 0.000000000000357890542139488,
  "Week_Fluctuation": 0.20449070930143781,
  "Updated": "2018-04-23T04:56:45.3134819Z"
}
