{
  "Live": 0.0000000000270441,
  "Minute": 0.0000000000183059170687401,
  "Minute_Fluctuation": 0.25759485285158767,
  "Minute_5": 0.0000000000159629107976315,
  "Minute_5_Fluctuation": 0.056427239794789183,
  "Minute_10": 0.0000000000156998767802887,
  "Minute_10_Fluctuation": 0.03154296648890989,
  "Hour": 0.000000000015510074356245,
  "Hour_Fluctuation": 0.035246561004365747,
  "Day": 0.0000000000155194070930602,
  "Day_Fluctuation": 0.025805994439683112,
  "Week": 0.0000000000153774497812273,
  "Week_Fluctuation": 0.21012248335772604,
  "Updated": "2018-04-23T03:20:01.9323849Z"
}
