{
    "Live":  0.00000000000007367975,
    "Minute":  0.00000000000007367975,
    "Minute_Fluctuation":  1.7130588097185711E-16,
    "Minute_5":  0.00000000000007367975,
    "Minute_5_Fluctuation":  8.1927263635715923E-05,
    "Minute_10":  0.0000000000000359935983313097,
    "Minute_10_Fluctuation":  3599359.8331309673,
    "Hour":  0.0000000000000059989330552183,
    "Hour_Fluctuation":  599893.30552182789,
    "Day":  0.0000000000000002499555439674,
    "Day_Fluctuation":  24995.554396742828,
    "Week":  0.0000000000000000357079348525,
    "Week_Fluctuation":  3570.7934852489757,
    "Updated":  "\/Date(1530628746170)\/"
}
