{
  "Live": 0.0000000000174921,
  "Minute": 0.0000000000208129447495253,
  "Minute_Fluctuation": 0.12943734581141325,
  "Minute_5": 0.0000000000218540508919157,
  "Minute_5_Fluctuation": 0.028955202496240937,
  "Minute_10": 0.0000000000219344820402979,
  "Minute_10_Fluctuation": 0.020666143363605668,
  "Hour": 0.0000000000217037037063547,
  "Hour_Fluctuation": 0.059854318180604153,
  "Day": 0.0000000000218331837645439,
  "Day_Fluctuation": 0.028951695504917514,
  "Week": 0.0000000000221141983220889,
  "Week_Fluctuation": 0.21073274229502351,
  "Updated": "2018-04-23T03:20:04.2526169Z"
}
