{
  "Live": 0.0000000000000233331627285204,
  "Minute": 0.0000000000000238730939898021,
  "Minute_Fluctuation": 0.081920640231974665,
  "Minute_5": 0.0000000000000238993304824143,
  "Minute_5_Fluctuation": 0.039012498106812794,
  "Minute_10": 0.0000000000000236672088621482,
  "Minute_10_Fluctuation": 0.022634630279909453,
  "Hour": 0.0000000000000233965511219502,
  "Hour_Fluctuation": 0.0028346273314274455,
  "Day": 0.0000000000000233354989117441,
  "Day_Fluctuation": 0.00011964194087863714,
  "Week": 0.0000000000000233331627285204,
  "Week_Fluctuation": 0.38297604311210703,
  "Updated": "2018-04-24T23:41:52.846961Z"
}
