{
  "Live": 0.00000000000036815,
  "Minute": 0.00000000000036815,
  "Minute_Fluctuation": 0.91569993005429862,
  "Minute_5": 0.00000000000036815,
  "Minute_5_Fluctuation": 0.87942953303161664,
  "Minute_10": 0.00000000000120513829884525,
  "Minute_10_Fluctuation": 0.69327771645150338,
  "Hour": 0.00000000000253993834419681,
  "Hour_Fluctuation": 0.54136564177622137,
  "Day": 0.000000000002707928614233,
  "Day_Fluctuation": 0.498131303701179,
  "Week": 0.00000000000272356797835957,
  "Week_Fluctuation": 0.49968602130468803,
  "Updated": "2018-04-28T01:28:13.4764712Z"
}
