{
  "Live": 0.000000012736,
  "Minute": 0.0000000114159827567644,
  "Minute_Fluctuation": 0.086685196732699227,
  "Minute_5": 0.0000000110521187173073,
  "Minute_5_Fluctuation": 0.021056296993057833,
  "Minute_10": 0.000000011009174101643,
  "Minute_10_Fluctuation": 0.014318949480260582,
  "Hour": 0.0000000109686998314912,
  "Hour_Fluctuation": 0.022452921642891047,
  "Day": 0.0000000108402481193239,
  "Day_Fluctuation": 0.02063389061939102,
  "Week": 0.0000000109611978294717,
  "Week_Fluctuation": 0.20531254090268236,
  "Updated": "2018-04-23T04:56:45.7516614Z"
}
