{
    "Live":  0.0000000000001750603,
    "Minute":  0.0000000000001750603,
    "Minute_Fluctuation":  0.23009158917709596,
    "Minute_5":  0.000000000000174307077468544,
    "Minute_5_Fluctuation":  0.22721055095901083,
    "Minute_10":  0.0000000000000855238634957831,
    "Minute_10_Fluctuation":  8552386.3495783079,
    "Hour":  0.0000000000000142539772492972,
    "Hour_Fluctuation":  1425397.7249297181,
    "Day":  0.0000000000000005939157187207,
    "Day_Fluctuation":  59391.571872071589,
    "Week":  0.0000000000000000848451026744,
    "Week_Fluctuation":  8484.5102674387981,
    "Updated":  "\/Date(1530628746591)\/"
}
