{
  "Live": 0.00000000000044775,
  "Minute": 0.00000000000044775,
  "Minute_Fluctuation": 0.56310679611650483,
  "Minute_5": 0.00000000000044775,
  "Minute_5_Fluctuation": 0.56310679611650483,
  "Minute_10": 0.00000000000044775,
  "Minute_10_Fluctuation": 0.56310679611650483,
  "Hour": 0.00000000000182906792490288,
  "Hour_Fluctuation": 0.24098930344735975,
  "Day": 0.00000000000238345622405534,
  "Day_Fluctuation": 0.05846929588259224,
  "Week": 0.00000000000238446892127008,
  "Week_Fluctuation": 0.22488918050547396,
  "Updated": "2018-04-23T00:14:53.0086148Z"
}
