{
  "Live": 0.00000000026770475,
  "Minute": 0.000000000231917580430759,
  "Minute_Fluctuation": 0.50322843618362778,
  "Minute_5": 0.000000000169807248553346,
  "Minute_5_Fluctuation": 0.10064568723672555,
  "Minute_10": 0.00000000016204345706867,
  "Minute_10_Fluctuation": 0.050322843618362777,
  "Hour": 0.000000000155573630831439,
  "Hour_Fluctuation": 0.099765944478776958,
  "Day": 0.00000000015481893301967,
  "Day_Fluctuation": 0.03017163738114105,
  "Week": 0.000000000154287367758085,
  "Week_Fluctuation": 0.23101340078208432,
  "Updated": "2018-04-22T11:01:10.740089Z"
}
