{
  "Live": 0.00000000009724135,
  "Minute": 0.00000000009724135,
  "Minute_Fluctuation": 0.34115548236585697,
  "Minute_5": 0.00000000009724135,
  "Minute_5_Fluctuation": 0.34115548236585697,
  "Minute_10": 0.00000000009724135,
  "Minute_10_Fluctuation": 0.34115548236585697,
  "Hour": 0.0000000000709391194703742,
  "Hour_Fluctuation": 0.11293787403764038,
  "Day": 0.0000000000645046287733297,
  "Day_Fluctuation": 0.027416142455034136,
  "Week": 0.0000000000636521453260428,
  "Week_Fluctuation": 0.21243857088363746,
  "Updated": "2018-04-23T00:14:50.5225797Z"
}
