{
  "Live": 0.0000000000001592,
  "Minute": 0.000000000000165768697666346,
  "Minute_Fluctuation": 0.014871968517187235,
  "Minute_5": 0.000000000000167619123456144,
  "Minute_5_Fluctuation": 0.0030371958526445647,
  "Minute_10": 0.000000000000167788073680942,
  "Minute_10_Fluctuation": 0.00442750482146532,
  "Hour": 0.000000000000167255226766945,
  "Hour_Fluctuation": 0.02448544280850911,
  "Day": 0.000000000000166128660054078,
  "Day_Fluctuation": 0.030603817427093141,
  "Week": 0.00000000000016808150043611,
  "Week_Fluctuation": 0.20903316253855936,
  "Updated": "2018-04-23T03:20:02.6661133Z"
}
