{
    "Live":  0.000000000076814,
    "Minute":  0.000000000076814,
    "Minute_Fluctuation":  0,
    "Minute_5":  0.000000000076814,
    "Minute_5_Fluctuation":  0.00042958709665232752,
    "Minute_10":  0.0000000000375407778420987,
    "Minute_10_Fluctuation":  3754077784.2098665,
    "Hour":  0.00000000000625679630701644,
    "Hour_Fluctuation":  625679630.70164442,
    "Day":  0.000000000000260699846125685,
    "Day_Fluctuation":  26069984.612568516,
    "Week":  0.0000000000000372428351608122,
    "Week_Fluctuation":  3724283.5160812167,
    "Updated":  "\/Date(1530628749510)\/"
}
