{
  "Live": 0.00000000000944255,
  "Minute": 0.0000000000062140057514137,
  "Minute_Fluctuation": 0.25881709520239687,
  "Minute_5": 0.00000000000525455137389493,
  "Minute_5_Fluctuation": 0.052822044396777353,
  "Minute_10": 0.00000000000513136472679696,
  "Minute_10_Fluctuation": 0.029237563194114902,
  "Hour": 0.0000000000049702474513625,
  "Hour_Fluctuation": 0.058722958952333495,
  "Day": 0.0000000000049172767497297,
  "Day_Fluctuation": 0.062670140475689015,
  "Week": 0.00000000000501480675947277,
  "Week_Fluctuation": 0.21774394508986311,
  "Updated": "2018-04-23T03:20:03.4504125Z"
}
