{
    "Live":  0.00000000012016615,
    "Minute":  0.00000000012016615,
    "Minute_Fluctuation":  0.6990714687675863,
    "Minute_5":  0.000000000119030291828116,
    "Minute_5_Fluctuation":  0.6834696670423448,
    "Minute_10":  0.0000000000587027410151096,
    "Minute_10_Fluctuation":  5870274101.5109558,
    "Hour":  0.00000000000978379016918492,
    "Hour_Fluctuation":  978379016.91849244,
    "Day":  0.000000000000407657923716038,
    "Day_Fluctuation":  40765792.371603854,
    "Week":  0.0000000000000582368462451484,
    "Week_Fluctuation":  5823684.6245148359,
    "Updated":  "\/Date(1530628746310)\/"
}
