{
  "Live": 0.00000000001175095,
  "Minute": 0.0000000000104418802744971,
  "Minute_Fluctuation": 0.06214762865015775,
  "Minute_5": 0.0000000000101842873491351,
  "Minute_5_Fluctuation": 0.01340731407122835,
  "Minute_10": 0.0000000000101241713482785,
  "Minute_10_Fluctuation": 0.018048766268968112,
  "Hour": 0.0000000000102201740553202,
  "Hour_Fluctuation": 0.025912245583940747,
  "Day": 0.0000000000101274074100542,
  "Day_Fluctuation": 0.15106120979731788,
  "Week": 0.0000000000101199210613617,
  "Week_Fluctuation": 0.43042172815695029,
  "Updated": "2018-04-27T02:43:35.0134054Z"
}
