{
  "Live": 0.00000001829805,
  "Minute": 0.00000001829805,
  "Minute_Fluctuation": 0.19546933857199417,
  "Minute_5": 0.00000001829805,
  "Minute_5_Fluctuation": 0.2813708886508548,
  "Minute_10": 0.0000000169266966480891,
  "Minute_10_Fluctuation": 0.27296662199586186,
  "Hour": 0.0000000156219008651847,
  "Hour_Fluctuation": 0.21165936713353639,
  "Day": 0.0000000141253321926062,
  "Day_Fluctuation": 0.47761841504136426,
  "Week": 0.0000000140264960537684,
  "Week_Fluctuation": 0.49672307764512552,
  "Updated": "2018-04-28T01:28:14.7517527Z"
}
