{
  "Live": 0.0000000001447924,
  "Minute": 0.000000000145950397792791,
  "Minute_Fluctuation": 0.011417318875192754,
  "Minute_5": 0.000000000146282341256682,
  "Minute_5_Fluctuation": 0.00275422253919757,
  "Minute_10": 0.000000000146237685494332,
  "Minute_10_Fluctuation": 0.00515926857259849,
  "Hour": 0.000000000146227589339606,
  "Hour_Fluctuation": 0.023565050927743043,
  "Day": 0.000000000147780827436481,
  "Day_Fluctuation": 0.035151510739765642,
  "Week": 0.00000000014636528595903,
  "Week_Fluctuation": 0.21226899384109407,
  "Updated": "2018-04-23T03:20:02.9124666Z"
}
