{
  "Live": 0.0000000000327548507575103,
  "Minute": 0.0000000000308961957027668,
  "Minute_Fluctuation": 0.22373221378840566,
  "Minute_5": 0.0000000000309754960039738,
  "Minute_5_Fluctuation": 0.070006971704164075,
  "Minute_10": 0.0000000000317086714564761,
  "Minute_10_Fluctuation": 0.036482512041012556,
  "Hour": 0.0000000000325567957449929,
  "Hour_Fluctuation": 0.0083255575878084277,
  "Day": 0.0000000000327475543486361,
  "Day_Fluctuation": 0.00033661230332039888,
  "Week": 0.0000000000327548507575103,
  "Week_Fluctuation": 0.38302705267610138,
  "Updated": "2018-04-24T23:41:53.3239428Z"
}
