{
  "Live": 0.0000000001603343,
  "Minute": 0.000000000156850437631473,
  "Minute_Fluctuation": 0.15678209370631102,
  "Minute_5": 0.000000000154793615943719,
  "Minute_5_Fluctuation": 0.22617354243353854,
  "Minute_10": 0.000000000144573802589355,
  "Minute_10_Fluctuation": 0.20859030631909403,
  "Hour": 0.000000000137816547287593,
  "Hour_Fluctuation": 0.13285553731666555,
  "Day": 0.000000000154819910945817,
  "Day_Fluctuation": 0.032808492956076352,
  "Week": 0.000000000154279665583993,
  "Week_Fluctuation": 0.2343922115652631,
  "Updated": "2018-04-22T08:33:32.2351729Z"
}
