{
    "Live":  0.00000000001843735,
    "Minute":  0.00000000001843735,
    "Minute_Fluctuation":  0.066028225806451735,
    "Minute_5":  0.0000000000184686350056185,
    "Minute_5_Fluctuation":  1047486.3899354384,
    "Minute_10":  0.00000000000900688739761514,
    "Minute_10_Fluctuation":  900688739.76151335,
    "Hour":  0.00000000000150114789960252,
    "Hour_Fluctuation":  150114789.9602522,
    "Day":  0.0000000000000625478291501051,
    "Day_Fluctuation":  6254782.9150105091,
    "Week":  0.0000000000000089354041643007,
    "Week_Fluctuation":  893540.41643007274,
    "Updated":  "\/Date(1530628746076)\/"
}
