{
  "Live": 0.0000000000074625,
  "Minute": 0.0000000000074625,
  "Minute_Fluctuation": 0.18512876810739057,
  "Minute_5": 0.0000000000074625,
  "Minute_5_Fluctuation": 0.21925262967189768,
  "Minute_10": 0.000000000008177797203022,
  "Minute_10_Fluctuation": 0.20195364390388298,
  "Hour": 0.000000000009121808650661,
  "Hour_Fluctuation": 0.15997254636718222,
  "Day": 0.00000000000962878577945674,
  "Day_Fluctuation": 0.47283484235898432,
  "Week": 0.00000000000965671285052881,
  "Week_Fluctuation": 0.49601726861415241,
  "Updated": "2018-04-28T01:28:12.0822111Z"
}
