{
  "Live": 0.00000000000058705,
  "Minute": 0.000000000000561208947058511,
  "Minute_Fluctuation": 0.043989718924508384,
  "Minute_5": 0.000000000000555230636419506,
  "Minute_5_Fluctuation": 0.01033058649415799,
  "Minute_10": 0.000000000000554417158326062,
  "Minute_10_Fluctuation": 0.0075518285557625254,
  "Hour": 0.000000000000552467501233569,
  "Hour_Fluctuation": 0.012512240256226366,
  "Day": 0.000000000000552578044003055,
  "Day_Fluctuation": 0.018993196626060652,
  "Week": 0.000000000000553736800117721,
  "Week_Fluctuation": 0.21073209279819327,
  "Updated": "2018-04-23T04:56:43.5413081Z"
}
