{
  "Live": 0.0000000000000271237,
  "Minute": 0.0000000000000271237,
  "Minute_Fluctuation": 0.0047298474225007832,
  "Minute_5": 0.0000000000000271237,
  "Minute_5_Fluctuation": 0.053614029723399577,
  "Minute_10": 0.0000000000000271237,
  "Minute_10_Fluctuation": 0.060068451212450878,
  "Hour": 0.0000000000000257244890278273,
  "Hour_Fluctuation": 0.017494048582545423,
  "Day": 0.000000000000025602292498392,
  "Day_Fluctuation": 0.020796819118681351,
  "Week": 0.0000000000000254323012286504,
  "Week_Fluctuation": 0.21203530951904398,
  "Updated": "2018-04-23T00:03:59.550709Z"
}
