{
  "Live": 0.00000000000034825,
  "Minute": 0.000000000000363816037302045,
  "Minute_Fluctuation": 0.054751593831491939,
  "Minute_5": 0.00000000000036782668635209,
  "Minute_5_Fluctuation": 0.013153553193453179,
  "Minute_10": 0.000000000000368269082848393,
  "Minute_10_Fluctuation": 0.0089158341486146077,
  "Hour": 0.000000000000369051570800201,
  "Hour_Fluctuation": 0.018925735860197076,
  "Day": 0.000000000000372195530936406,
  "Day_Fluctuation": 0.039441753364881,
  "Week": 0.000000000000368828851262288,
  "Week_Fluctuation": 0.21145281218763268,
  "Updated": "2018-04-23T04:56:44.8733416Z"
}
