{
    "Live":  0.0000000000843362,
    "Minute":  0.0000000000843362,
    "Minute_Fluctuation":  0.088900308324768876,
    "Minute_5":  0.0000000000841794853765904,
    "Minute_5_Fluctuation":  0.087323697103620465,
    "Minute_10":  0.0000000000412083361647256,
    "Minute_10_Fluctuation":  4120833616.4725604,
    "Hour":  0.00000000000686805602745427,
    "Hour_Fluctuation":  686805602.74542665,
    "Day":  0.000000000000286169001143928,
    "Day_Fluctuation":  28616900.11439278,
    "Week":  0.000000000000040881285877704,
    "Week_Fluctuation":  4088128.5877703973,
    "Updated":  "\/Date(1530628747248)\/"
}
