{
    "Live":  0.00000000003232755,
    "Minute":  0.00000000003232755,
    "Minute_Fluctuation":  0.044358727097396244,
    "Minute_5":  0.0000000000322982644857504,
    "Minute_5_Fluctuation":  0.043619687695228754,
    "Minute_10":  0.0000000000157924323555594,
    "Minute_10_Fluctuation":  1579243235.55594,
    "Hour":  0.0000000000026320720592599,
    "Hour_Fluctuation":  263207205.92598993,
    "Day":  0.000000000000109669669135829,
    "Day_Fluctuation":  10966966.913582915,
    "Week":  0.0000000000000156670955908327,
    "Week_Fluctuation":  1566709.5590832734,
    "Updated":  "\/Date(1530628745764)\/"
}
