{
  "Live": 0.00000000001628815,
  "Minute": 0.00000000001628815,
  "Minute_Fluctuation": 0.19653631775989039,
  "Minute_5": 0.00000000001628815,
  "Minute_5_Fluctuation": 0.22908437496037076,
  "Minute_10": 0.0000000000179264603155918,
  "Minute_10_Fluctuation": 0.17006220531767757,
  "Hour": 0.0000000000203625550727122,
  "Hour_Fluctuation": 0.20106429644648724,
  "Day": 0.0000000000212589469332819,
  "Day_Fluctuation": 0.47697012111364651,
  "Week": 0.0000000000213388330871193,
  "Week_Fluctuation": 0.49662336029731,
  "Updated": "2018-04-28T01:28:14.356581Z"
}
