{
    "Live":  0.0000000000001402154,
    "Minute":  0.0000000000001402154,
    "Minute_Fluctuation":  0.061409351272146029,
    "Minute_5":  0.0000000000001404121563413,
    "Minute_5_Fluctuation":  0.061797449172800764,
    "Minute_10":  0.0000000000000685262742546685,
    "Minute_10_Fluctuation":  6852627.4254668541,
    "Hour":  0.0000000000000114210457091114,
    "Hour_Fluctuation":  1142104.5709111423,
    "Day":  0.0000000000000004758769045463,
    "Day_Fluctuation":  47587.690454630931,
    "Week":  0.0000000000000000679824149352,
    "Week_Fluctuation":  6798.2414935187044,
    "Updated":  "\/Date(1530628749618)\/"
}
