{
    "Live":  0.0000000000568543,
    "Minute":  0.0000000000568543,
    "Minute_Fluctuation":  1.1366507960823595E-16,
    "Minute_5":  0.0000000000568543,
    "Minute_5_Fluctuation":  2446454.5728348116,
    "Minute_10":  0.0000000000277887589150551,
    "Minute_10_Fluctuation":  2778875891.505507,
    "Hour":  0.00000000000463145981917584,
    "Hour_Fluctuation":  463145981.91758448,
    "Day":  0.00000000000019297749246566,
    "Day_Fluctuation":  19297749.24656602,
    "Week":  0.00000000000002756821320938,
    "Week_Fluctuation":  2756821.3209380028,
    "Updated":  "\/Date(1530628750038)\/"
}
