{
  "Live": 0.00000000000028855,
  "Minute": 0.000000000000327058175838935,
  "Minute_Fluctuation": 0.17708315835674193,
  "Minute_5": 0.000000000000352225253385095,
  "Minute_5_Fluctuation": 0.1652711241897728,
  "Minute_10": 0.000000000000338767354996572,
  "Minute_10_Fluctuation": 0.11848407948920187,
  "Hour": 0.000000000000345335620258973,
  "Hour_Fluctuation": 0.050094945340995352,
  "Day": 0.000000000000357325476138335,
  "Day_Fluctuation": 0.013252844428612,
  "Week": 0.000000000000358513901854281,
  "Week_Fluctuation": 0.22947026826340097,
  "Updated": "2018-04-22T08:33:33.9119124Z"
}
