{
  "Live": 0.0000000000001456282,
  "Minute": 0.000000000000144335056687553,
  "Minute_Fluctuation": 0.014964627830609371,
  "Minute_5": 0.000000000000144027176402277,
  "Minute_5_Fluctuation": 0.0037671312851991004,
  "Minute_10": 0.000000000000143997094388197,
  "Minute_10_Fluctuation": 0.0032264764211719079,
  "Hour": 0.000000000000144694794345813,
  "Hour_Fluctuation": 0.02822384069296591,
  "Day": 0.000000000000145464007597282,
  "Day_Fluctuation": 0.047377643764811454,
  "Week": 0.000000000000143950244510557,
  "Week_Fluctuation": 0.213740070992419,
  "Updated": "2018-04-23T04:56:43.8901194Z"
}
