{
  "Live": 0.000000000000159211549857315,
  "Minute": 0.000000000000166763331668165,
  "Minute_Fluctuation": 0.15359973195181378,
  "Minute_5": 0.000000000000166855155163057,
  "Minute_5_Fluctuation": 0.06141237947939341,
  "Minute_10": 0.00000000000016371554846483,
  "Minute_10_Fluctuation": 0.033341170011391481,
  "Hour": 0.000000000000160065489034488,
  "Hour_Fluctuation": 0.0059423537064847388,
  "Day": 0.000000000000159243017261649,
  "Day_Fluctuation": 0.00042593128947461317,
  "Week": 0.000000000000159211549857315,
  "Week_Fluctuation": 0.38302390357486715,
  "Updated": "2018-04-24T23:41:53.0286833Z"
}
