{
  "Live": 0.0000000000108853,
  "Minute": 0.00000000000840199956226429,
  "Minute_Fluctuation": 0.1443692117480927,
  "Minute_5": 0.00000000000784292041077213,
  "Minute_5_Fluctuation": 0.032048935425930083,
  "Minute_10": 0.00000000000777303551683561,
  "Minute_10_Fluctuation": 0.016232728054063384,
  "Hour": 0.00000000000771479810522184,
  "Hour_Fluctuation": 0.0099935570706924173,
  "Day": 0.00000000000771160971048378,
  "Day_Fluctuation": 0.23475240675339687,
  "Week": 0.00000000000770321995315101,
  "Week_Fluctuation": 0.45577344094215577,
  "Updated": "2018-04-26T17:09:43.0873055Z"
}
