{
  "Live": 0.00000000001825825,
  "Minute": 0.00000000001825825,
  "Minute_Fluctuation": 0.0,
  "Minute_5": 0.00000000001825825,
  "Minute_5_Fluctuation": 0.0,
  "Minute_10": 0.00000000001825825,
  "Minute_10_Fluctuation": 0.0,
  "Hour": 0.0000000000179845029378789,
  "Hour_Fluctuation": 0.0076329554411373839,
  "Day": 0.0000000000179079175754792,
  "Day_Fluctuation": 0.0089707854631718136,
  "Week": 0.0000000000178382166060922,
  "Week_Fluctuation": 0.20842977302601406,
  "Updated": "2018-04-23T00:14:53.5734444Z"
}
