{
    "Live":  0.000000000047561,
    "Minute":  0.000000000047561,
    "Minute_Fluctuation":  0.00020924879681952815,
    "Minute_5":  0.0000000000475607763197812,
    "Minute_5_Fluctuation":  0.00062874774965216069,
    "Minute_10":  0.000000000023245904277068,
    "Minute_10_Fluctuation":  2324590427.7068005,
    "Hour":  0.00000000000387431737951133,
    "Hour_Fluctuation":  387431737.95113337,
    "Day":  0.000000000000161429890812972,
    "Day_Fluctuation":  16142989.081297224,
    "Week":  0.0000000000000230614129732817,
    "Week_Fluctuation":  2306141.297328175,
    "Updated":  "\/Date(1530628750140)\/"
}
