{
  "Live": 0.00000000019721895,
  "Minute": 0.00000000019721895,
  "Minute_Fluctuation": 0.22366958883812793,
  "Minute_5": 0.00000000019721895,
  "Minute_5_Fluctuation": 0.22366958883812793,
  "Minute_10": 0.00000000019721895,
  "Minute_10_Fluctuation": 0.22366958883812793,
  "Hour": 0.000000000157866075762561,
  "Hour_Fluctuation": 0.0820654962619463,
  "Day": 0.000000000147873281942977,
  "Day_Fluctuation": 0.032245460326963446,
  "Week": 0.000000000146350191893036,
  "Week_Fluctuation": 0.21527775380505049,
  "Updated": "2018-04-23T00:14:51.5858407Z"
}
