{
  "Live": 0.00000000018211485,
  "Minute": 0.000000000161709315296763,
  "Minute_Fluctuation": 0.27368675946281723,
  "Minute_5": 0.000000000149355011152091,
  "Minute_5_Fluctuation": 0.29100045595253832,
  "Minute_10": 0.000000000168049259404856,
  "Minute_10_Fluctuation": 0.35251766156081843,
  "Hour": 0.000000000161926430705662,
  "Hour_Fluctuation": 0.14804714829394403,
  "Day": 0.000000000148579643485898,
  "Day_Fluctuation": 0.047281617198095406,
  "Week": 0.000000000146267967147687,
  "Week_Fluctuation": 0.2362071390653111,
  "Updated": "2018-04-22T08:33:32.6499206Z"
}
