{
  "Live": 0.0000000000122584,
  "Minute": 0.00000000000910092108140661,
  "Minute_Fluctuation": 0.21831115745496549,
  "Minute_5": 0.00000000000824802189353091,
  "Minute_5_Fluctuation": 0.051710323550622862,
  "Minute_10": 0.00000000000814507068071566,
  "Minute_10_Fluctuation": 0.033399221912966577,
  "Hour": 0.00000000000818122219063017,
  "Hour_Fluctuation": 0.050981113884583845,
  "Day": 0.00000000000841611354174684,
  "Day_Fluctuation": 0.092734287259635909,
  "Week": 0.00000000000803490286283032,
  "Week_Fluctuation": 0.22850600390758402,
  "Updated": "2018-04-23T04:56:45.4856206Z"
}
