{
  "Live": 0.00000000000019805475,
  "Minute": 0.000000000000216334826262877,
  "Minute_Fluctuation": 0.0738437031015509,
  "Minute_5": 0.000000000000221611132347954,
  "Minute_5_Fluctuation": 0.017896400874239271,
  "Minute_10": 0.000000000000222448120355603,
  "Minute_10_Fluctuation": 0.0090030669254918261,
  "Hour": 0.000000000000229235572818059,
  "Hour_Fluctuation": 0.11398309464952552,
  "Day": 0.000000000000225873464198285,
  "Day_Fluctuation": 0.042485797249724525,
  "Week": 0.000000000000222929554565393,
  "Week_Fluctuation": 0.21415992200994102,
  "Updated": "2018-04-23T03:20:03.0176072Z"
}
