{
    "Live":  0.0000000000733514,
    "Minute":  0.0000000000733514,
    "Minute_Fluctuation":  0.19651226158038157,
    "Minute_5":  0.000000000073760933442855,
    "Minute_5_Fluctuation":  0.19805594278209465,
    "Minute_10":  0.0000000000358515814705032,
    "Minute_10_Fluctuation":  3585158147.05032,
    "Hour":  0.0000000000059752635784172,
    "Hour_Fluctuation":  597526357.84172,
    "Day":  0.000000000000248969315767383,
    "Day_Fluctuation":  24896931.576738335,
    "Week":  0.0000000000000355670451096262,
    "Week_Fluctuation":  3556704.510962619,
    "Updated":  "\/Date(1530628750175)\/"
}
