{
  "Live": 0.00000000000180095,
  "Minute": 0.00000000000140177689456769,
  "Minute_Fluctuation": 0.11703608964835605,
  "Minute_5": 0.00000000000131554280123414,
  "Minute_5_Fluctuation": 0.025152533723973872,
  "Minute_10": 0.00000000000130791171767684,
  "Minute_10_Fluctuation": 0.015204467830052828,
  "Hour": 0.00000000000130485754605571,
  "Hour_Fluctuation": 0.022677563035264182,
  "Day": 0.00000000000129611427089647,
  "Day_Fluctuation": 0.15146206625046138,
  "Week": 0.00000000000129399497161272,
  "Week_Fluctuation": 0.43046299943301469,
  "Updated": "2018-04-27T02:43:36.1786281Z"
}
