{
  "Live": 0.0000000001388423,
  "Minute": 0.0000000001388423,
  "Minute_Fluctuation": 0.12110828059948389,
  "Minute_5": 0.0000000001388423,
  "Minute_5_Fluctuation": 0.14409327620162327,
  "Minute_10": 0.000000000146818337276646,
  "Minute_10_Fluctuation": 0.19764916153770626,
  "Hour": 0.000000000151612713070138,
  "Hour_Fluctuation": 0.18131287636050369,
  "Day": 0.000000000162565184766259,
  "Day_Fluctuation": 0.47459254900552111,
  "Week": 0.000000000163260528912107,
  "Week_Fluctuation": 0.49627496478224831,
  "Updated": "2018-04-28T01:28:11.7586293Z"
}
