{
  "Live": 0.0000000000000220492,
  "Minute": 0.0000000000000295648030328748,
  "Minute_Fluctuation": 0.074871867600824815,
  "Minute_5": 0.0000000000000312796151100687,
  "Minute_5_Fluctuation": 0.015376908466045195,
  "Minute_10": 0.0000000000000314928329119397,
  "Minute_10_Fluctuation": 0.0086826204788800678,
  "Hour": 0.0000000000000315193317284123,
  "Hour_Fluctuation": 0.026351350713656713,
  "Day": 0.0000000000000309616496923862,
  "Day_Fluctuation": 0.047376301133616856,
  "Week": 0.00000000000003170810547906,
  "Week_Fluctuation": 0.21201617083082566,
  "Updated": "2018-04-23T04:56:43.3742757Z"
}
