{
    "Live":  0.0000000000196612,
    "Minute":  0.0000000000196612,
    "Minute_Fluctuation":  0.038906414300736179,
    "Minute_5":  0.0000000000196516626584162,
    "Minute_5_Fluctuation":  0.031804254065281146,
    "Minute_10":  0.00000000000960639261449227,
    "Minute_10_Fluctuation":  960639261.44922686,
    "Hour":  0.00000000000160106543574871,
    "Hour_Fluctuation":  160106543.57487112,
    "Day":  0.000000000000066711059822863,
    "Day_Fluctuation":  6671105.9822862968,
    "Week":  0.0000000000000095301514032661,
    "Week_Fluctuation":  953015.14032661379,
    "Updated":  "\/Date(1530628746969)\/"
}
