{
  "Live": 0.00000000000199,
  "Minute": 0.00000000000228269957731966,
  "Minute_Fluctuation": 0.0549784704148225,
  "Minute_5": 0.00000000000237126173780844,
  "Minute_5_Fluctuation": 0.011501136508609308,
  "Minute_10": 0.00000000000238121017413654,
  "Minute_10_Fluctuation": 0.01065277399104091,
  "Hour": 0.00000000000246614976088874,
  "Hour_Fluctuation": 0.14595664926389107,
  "Day": 0.00000000000244080447964822,
  "Day_Fluctuation": 0.085197584096587384,
  "Week": 0.00000000000239339129551986,
  "Week_Fluctuation": 0.2258060516596414,
  "Updated": "2018-04-23T03:20:03.7102492Z"
}
