{
  "Live": 0.00000000018215185946394,
  "Minute": 0.000000000183972080338144,
  "Minute_Fluctuation": 0.035186308755220524,
  "Minute_5": 0.000000000183983165614292,
  "Minute_5_Fluctuation": 0.025054711473304493,
  "Minute_10": 0.000000000183230715238929,
  "Minute_10_Fluctuation": 0.016101307034089664,
  "Hour": 0.000000000182356375164084,
  "Hour_Fluctuation": 0.003593857916237053,
  "Day": 0.00000000018215939561443,
  "Day_Fluctuation": 0.00047132984697126373,
  "Week": 0.00000000018215185946394,
  "Week_Fluctuation": 0.38302812995801105,
  "Updated": "2018-04-24T23:41:53.0610489Z"
}
