{
    "Live":  0.00000007791845,
    "Minute":  0.00000007791845,
    "Minute_Fluctuation":  0.36238691718858734,
    "Minute_5":  0.0000000774516155932596,
    "Minute_5_Fluctuation":  0.35603108206043255,
    "Minute_10":  0.0000000380830155110386,
    "Minute_10_Fluctuation":  3808301551103.8608,
    "Hour":  0.00000000634716925183977,
    "Hour_Fluctuation":  634716925183.97668,
    "Day":  0.000000000264465385493324,
    "Day_Fluctuation":  26446538549.332363,
    "Week":  0.0000000000377807693561891,
    "Week_Fluctuation":  3778076935.6189094,
    "Updated":  "\/Date(1530628750106)\/"
}
