{
    "Live":  0.00000000009785825,
    "Minute":  0.00000000009785825,
    "Minute_Fluctuation":  0,
    "Minute_5":  0.00000000009785825,
    "Minute_5_Fluctuation":  0.00013334407952324165,
    "Minute_10":  0.000000000047817434534051,
    "Minute_10_Fluctuation":  4781743453.4051008,
    "Hour":  0.00000000000796957242234184,
    "Hour_Fluctuation":  796957242.23418331,
    "Day":  0.000000000000332065517597576,
    "Day_Fluctuation":  33206551.759757638,
    "Week":  0.000000000000047437931085368,
    "Week_Fluctuation":  4743793.108536806,
    "Updated":  "\/Date(1530628747697)\/"
}
