{
    "Live":  0.00000000004964055,
    "Minute":  0.00000000004964055,
    "Minute_Fluctuation":  0.21623598244758654,
    "Minute_5":  0.000000000049443501265978,
    "Minute_5_Fluctuation":  0.21094052021445114,
    "Minute_10":  0.0000000000242568442337034,
    "Minute_10_Fluctuation":  2425684423.3703403,
    "Hour":  0.0000000000040428073722839,
    "Hour_Fluctuation":  404280737.22839,
    "Day":  0.000000000000168450307178496,
    "Day_Fluctuation":  16845030.717849582,
    "Week":  0.000000000000024064329596928,
    "Week_Fluctuation":  2406432.9596927976,
    "Updated":  "\/Date(1530628747906)\/"
}
