{
  "Live": 0.00000000000367155,
  "Minute": 0.00000000000426091914632428,
  "Minute_Fluctuation": 0.45917337224367483,
  "Minute_5": 0.00000000000463625661978013,
  "Minute_5_Fluctuation": 0.60907718510496978,
  "Minute_10": 0.00000000000754648421572248,
  "Minute_10_Fluctuation": 0.73121024904667187,
  "Hour": 0.00000000000703353998660364,
  "Hour_Fluctuation": 0.49023966829106647,
  "Day": 0.00000000000503690986281173,
  "Day_Fluctuation": 0.11058471295150486,
  "Week": 0.00000000000473004444331851,
  "Week_Fluctuation": 0.24997605560101144,
  "Updated": "2018-04-22T08:33:33.4845714Z"
}
