{
    "Live":  0.00000000007473445,
    "Minute":  0.00000000007473445,
    "Minute_Fluctuation":  0,
    "Minute_5":  0.0000000000747220152207958,
    "Minute_5_Fluctuation":  0.02099181344147771,
    "Minute_10":  0.0000000000365229589861299,
    "Minute_10_Fluctuation":  3652295898.6129937,
    "Hour":  0.00000000000608715983102166,
    "Hour_Fluctuation":  608715983.10216558,
    "Day":  0.000000000000253631659625902,
    "Day_Fluctuation":  25363165.962590229,
    "Week":  0.0000000000000362330942322718,
    "Week_Fluctuation":  3623309.4232271756,
    "Updated":  "\/Date(1530628748640)\/"
}
