{
  "Live": 0.0000000000245262747450941,
  "Minute": 0.0000000000255568481992958,
  "Minute_Fluctuation": 0.14112972584847347,
  "Minute_5": 0.0000000000255978782477434,
  "Minute_5_Fluctuation": 0.057725960910398319,
  "Minute_10": 0.0000000000251583601651233,
  "Minute_10_Fluctuation": 0.031568198485394182,
  "Hour": 0.0000000000246461975428478,
  "Hour_Fluctuation": 0.0055765119054936082,
  "Day": 0.0000000000245306943775208,
  "Day_Fluctuation": 0.00041581946435411462,
  "Week": 0.0000000000245262747450941,
  "Week_Fluctuation": 0.38300896052305633,
  "Updated": "2018-04-24T23:41:52.8964225Z"
}
