{
  "Live": 0.0000000000001840352,
  "Minute": 0.000000000000176650878820816,
  "Minute_Fluctuation": 0.071617854608197723,
  "Minute_5": 0.000000000000172493006470537,
  "Minute_5_Fluctuation": 0.0706243307285854,
  "Minute_10": 0.00000000000017624474305111,
  "Minute_10_Fluctuation": 0.057814705015328073,
  "Hour": 0.000000000000176039145419936,
  "Hour_Fluctuation": 0.034306710345699286,
  "Day": 0.000000000000172295722577198,
  "Day_Fluctuation": 0.0072797417325092609,
  "Week": 0.000000000000171454053992137,
  "Week_Fluctuation": 0.22790881035252503,
  "Updated": "2018-04-22T08:33:31.4675009Z"
}
