{
    "Live":  0.0000000000021094,
    "Minute":  0.0000000000021094,
    "Minute_Fluctuation":  0.50354609929078009,
    "Minute_5":  0.00000000000209328086629853,
    "Minute_5_Fluctuation":  0.49231709587363381,
    "Minute_10":  0.00000000000103063481447387,
    "Minute_10_Fluctuation":  103063481.44738667,
    "Hour":  0.000000000000171772469078978,
    "Hour_Fluctuation":  17177246.907897778,
    "Day":  0.0000000000000071571862116241,
    "Day_Fluctuation":  715718.62116240745,
    "Week":  0.0000000000000010224551730892,
    "Week_Fluctuation":  102245.51730891535,
    "Updated":  "\/Date(1530628746935)\/"
}
