{
    "Live":  0.0000000000175518,
    "Minute":  0.0000000000175518,
    "Minute_Fluctuation":  0.09119010819165381,
    "Minute_5":  0.0000000000175909196796906,
    "Minute_5_Fluctuation":  0.090534465738073208,
    "Minute_10":  0.0000000000085754547230184,
    "Minute_10_Fluctuation":  857545472.30184007,
    "Hour":  0.0000000000014292424538364,
    "Hour_Fluctuation":  142924245.38364,
    "Day":  0.00000000000005955176890985,
    "Day_Fluctuation":  5955176.890985,
    "Week":  0.00000000000000850739555855,
    "Week_Fluctuation":  850739.555855,
    "Updated":  "\/Date(1530628746897)\/"
}
