{
  "Live": 0.00000000000436805,
  "Minute": 0.00000000000465551330340942,
  "Minute_Fluctuation": 0.16318337647805597,
  "Minute_5": 0.00000000000473057553009463,
  "Minute_5_Fluctuation": 0.0370269299226884,
  "Minute_10": 0.00000000000473791600775775,
  "Minute_10_Fluctuation": 0.022802307750155817,
  "Hour": 0.00000000000477599554799937,
  "Hour_Fluctuation": 0.044288730501917693,
  "Day": 0.00000000000495793925856312,
  "Day_Fluctuation": 0.10039117588647199,
  "Week": 0.00000000000474933177845409,
  "Week_Fluctuation": 0.22617865279253155,
  "Updated": "2018-04-23T04:56:45.0454126Z"
}
