{
  "Live": 0.0000000000176513,
  "Minute": 0.0000000000172440482748815,
  "Minute_Fluctuation": 0.014515450666095803,
  "Minute_5": 0.0000000000171407920938562,
  "Minute_5_Fluctuation": 0.00326898189442938,
  "Minute_10": 0.0000000000171278850712281,
  "Minute_10_Fluctuation": 0.0016571363284531174,
  "Hour": 0.0000000000171171292190379,
  "Hour_Fluctuation": 0.0022764824682072375,
  "Day": 0.0000000000171196149195634,
  "Day_Fluctuation": 0.23352468356904948,
  "Week": 0.0000000000171149908531858,
  "Week_Fluctuation": 0.455590794661879,
  "Updated": "2018-04-26T17:09:44.976972Z"
}
