{
    "Live":  0.000000000056516,
    "Minute":  0.000000000056516,
    "Minute_Fluctuation":  1.1434546916927117E-16,
    "Minute_5":  0.000000000056516,
    "Minute_5_Fluctuation":  0.00018915408198075928,
    "Minute_10":  0.000000000027607319310608,
    "Minute_10_Fluctuation":  2760731931.0608006,
    "Hour":  0.00000000000460121988510133,
    "Hour_Fluctuation":  460121988.51013339,
    "Day":  0.000000000000191717495212556,
    "Day_Fluctuation":  19171749.521255556,
    "Week":  0.0000000000000273882136017936,
    "Week_Fluctuation":  2738821.3601793656,
    "Updated":  "\/Date(1530628745796)\/"
}
