{
  "Live": 0.00000000000001905425,
  "Minute": 0.000000000000026676755808831,
  "Minute_Fluctuation": 0.66149321955486862,
  "Minute_5": 0.0000000000000307738918752872,
  "Minute_5_Fluctuation": 0.8016304011755172,
  "Minute_10": 0.0000000000000265281332970027,
  "Minute_10_Fluctuation": 0.54798470732528848,
  "Hour": 0.0000000000000277820026946809,
  "Hour_Fluctuation": 0.22393003854730112,
  "Day": 0.000000000000030984613534525,
  "Day_Fluctuation": 0.047080372954785073,
  "Week": 0.0000000000000317976678145121,
  "Week_Fluctuation": 0.23670524308868826,
  "Updated": "2018-04-22T08:33:30.7207409Z"
}
