{
  "Live": 0.00000000000002595955,
  "Minute": 0.00000000000002595955,
  "Minute_Fluctuation": 0.042920029347028578,
  "Minute_5": 0.00000000000002595955,
  "Minute_5_Fluctuation": 0.042920029347028578,
  "Minute_10": 0.00000000000002595955,
  "Minute_10_Fluctuation": 0.042920029347028578,
  "Hour": 0.0000000000000257671689551341,
  "Hour_Fluctuation": 0.015976777754119077,
  "Day": 0.0000000000000256049952943335,
  "Day_Fluctuation": 0.020745051373788254,
  "Week": 0.0000000000000254328710640664,
  "Week_Fluctuation": 0.2118285537828527,
  "Updated": "2018-04-23T00:14:53.2012784Z"
}
