{
    "Live":  0.00000000001067635,
    "Minute":  0.00000000001067635,
    "Minute_Fluctuation":  0.40078328981723277,
    "Minute_5":  0.0000000000106070183319951,
    "Minute_5_Fluctuation":  0.39213630714646081,
    "Minute_10":  0.00000000000521701395803047,
    "Minute_10_Fluctuation":  521701395.80304676,
    "Hour":  0.000000000000869502326338411,
    "Hour_Fluctuation":  86950232.633841127,
    "Day":  0.0000000000000362292635974338,
    "Day_Fluctuation":  3622926.35974338,
    "Week":  0.0000000000000051756090853477,
    "Week_Fluctuation":  517560.90853476862,
    "Updated":  "\/Date(1530628748079)\/"
}
