{
  "Live": 0.00000000000036815,
  "Minute": 0.000000000000507618855002894,
  "Minute_Fluctuation": 0.13516247214084948,
  "Minute_5": 0.000000000000544518141605319,
  "Minute_5_Fluctuation": 0.030538231569787036,
  "Minute_10": 0.000000000000549972723311852,
  "Minute_10_Fluctuation": 0.017823785439236579,
  "Hour": 0.000000000000549551170153694,
  "Hour_Fluctuation": 0.042249545111718481,
  "Day": 0.000000000000552510254122275,
  "Day_Fluctuation": 0.019818270052993119,
  "Week": 0.000000000000553738387451535,
  "Week_Fluctuation": 0.21271530160018678,
  "Updated": "2018-04-23T03:20:01.7398094Z"
}
