{
  "Live": 0.0000000000060496,
  "Minute": 0.0000000000060496,
  "Minute_Fluctuation": 0.4577112809619639,
  "Minute_5": 0.0000000000060496,
  "Minute_5_Fluctuation": 0.42926040203781263,
  "Minute_10": 0.0000000000060496,
  "Minute_10_Fluctuation": 0.4268867217688333,
  "Hour": 0.00000000000458575782056618,
  "Hour_Fluctuation": 0.092467107617091066,
  "Day": 0.00000000000427433173717482,
  "Day_Fluctuation": 0.025796157929023782,
  "Week": 0.00000000000425521588004095,
  "Week_Fluctuation": 0.21655765695816051,
  "Updated": "2018-04-23T00:03:57.1238506Z"
}
