{
  "Live": 0.00000000000032835,
  "Minute": 0.000000000000337087310399052,
  "Minute_Fluctuation": 0.05976502262369187,
  "Minute_5": 0.000000000000354228583563235,
  "Minute_5_Fluctuation": 0.011953004524738374,
  "Minute_10": 0.000000000000356371242708758,
  "Minute_10_Fluctuation": 0.005976502262369187,
  "Hour": 0.000000000000358156791996694,
  "Hour_Fluctuation": 0.030174501999388453,
  "Day": 0.000000000000357431348738872,
  "Day_Fluctuation": 0.012279800233378498,
  "Week": 0.000000000000358511776200367,
  "Week_Fluctuation": 0.22611944757055469,
  "Updated": "2018-04-22T11:01:12.4760061Z"
}
