{
  "Live": 0.00000002209895,
  "Minute": 0.000000031583017156617,
  "Minute_Fluctuation": 0.20537944243355644,
  "Minute_5": 0.0000000381019368739378,
  "Minute_5_Fluctuation": 0.041503318611889904,
  "Minute_10": 0.0000000389097385767956,
  "Minute_10_Fluctuation": 0.055564044983482469,
  "Hour": 0.0000000387364429647622,
  "Hour_Fluctuation": 0.10413201305514874,
  "Day": 0.0000000387117238315476,
  "Day_Fluctuation": 0.036684421298697804,
  "Week": 0.0000000397308584054856,
  "Week_Fluctuation": 0.23436425207197573,
  "Updated": "2018-04-22T08:33:34.7514021Z"
}
