{
    "Live":  0.00000000012012635,
    "Minute":  0.00000000012012635,
    "Minute_Fluctuation":  0.1442517296938679,
    "Minute_5":  0.000000000119794390406188,
    "Minute_5_Fluctuation":  0.14097148645062077,
    "Minute_10":  0.0000000000587149314650471,
    "Minute_10_Fluctuation":  5871493146.5047131,
    "Hour":  0.00000000000978582191084119,
    "Hour_Fluctuation":  978582191.08411884,
    "Day":  0.000000000000407742579618383,
    "Day_Fluctuation":  40774257.961838283,
    "Week":  0.0000000000000582489399454833,
    "Week_Fluctuation":  5824893.9945483264,
    "Updated":  "\/Date(1530628750072)\/"
}
