{
  "Live": 0.0000000000126573108499817,
  "Minute": 0.0000000000133887988993869,
  "Minute_Fluctuation": 0.17678120016536306,
  "Minute_5": 0.0000000000133685798109949,
  "Minute_5_Fluctuation": 0.080121997508942777,
  "Minute_10": 0.0000000000130757791397551,
  "Minute_10_Fluctuation": 0.045594610394671636,
  "Hour": 0.0000000000127365680001062,
  "Hour_Fluctuation": 0.011697752038615393,
  "Day": 0.0000000000126602309352122,
  "Day_Fluctuation": 0.0004767610990323178,
  "Week": 0.0000000000126573108499817,
  "Week_Fluctuation": 0.38301406365713914,
  "Updated": "2018-04-24T23:41:53.2517977Z"
}
