{
  "Live": 0.00000000001069625,
  "Minute": 0.00000000001069625,
  "Minute_Fluctuation": 0.20118084115635831,
  "Minute_5": 0.00000000001069625,
  "Minute_5_Fluctuation": 0.22893969025737571,
  "Minute_10": 0.0000000000100183071481861,
  "Minute_10_Fluctuation": 0.20286503948988671,
  "Hour": 0.00000000000938101309576337,
  "Hour_Fluctuation": 0.1821150277604959,
  "Day": 0.00000000000870242554895887,
  "Day_Fluctuation": 0.47585057846047984,
  "Week": 0.00000000000865472727621495,
  "Week_Fluctuation": 0.49646669796878617,
  "Updated": "2018-04-28T01:28:09.5592071Z"
}
