{
  "Live": 0.00000000001666625,
  "Minute": 0.0000000000184878469124423,
  "Minute_Fluctuation": 0.17305958757019069,
  "Minute_5": 0.0000000000194951148463522,
  "Minute_5_Fluctuation": 0.18248834225648231,
  "Minute_10": 0.0000000000186079702422537,
  "Minute_10_Fluctuation": 0.18419590494886409,
  "Hour": 0.0000000000190377469787397,
  "Hour_Fluctuation": 0.11505548462276755,
  "Day": 0.0000000000200624478182448,
  "Day_Fluctuation": 0.059954058586704412,
  "Week": 0.0000000000197468069206117,
  "Week_Fluctuation": 0.24126388367586,
  "Updated": "2018-04-22T08:33:31.1748912Z"
}
