{
  "Live": 0.00000000000683565,
  "Minute": 0.00000000000841934237653047,
  "Minute_Fluctuation": 0.070177414397913335,
  "Minute_5": 0.0000000000087540128519069,
  "Minute_5_Fluctuation": 0.014873773613258675,
  "Minute_10": 0.00000000000878601226394062,
  "Minute_10_Fluctuation": 0.0096153867856751674,
  "Hour": 0.00000000000887880285585865,
  "Hour_Fluctuation": 0.015021274988061117,
  "Day": 0.00000000000884565298161326,
  "Day_Fluctuation": 0.15038317367046466,
  "Week": 0.00000000000883763896895595,
  "Week_Fluctuation": 0.43034415042618512,
  "Updated": "2018-04-27T02:43:35.8915187Z"
}
