{
  "Live": 0.00000000000001388025,
  "Minute": 0.00000000000001388025,
  "Minute_Fluctuation": 0.51802340613594444,
  "Minute_5": 0.00000000000001388025,
  "Minute_5_Fluctuation": 0.55505736717232712,
  "Minute_10": 0.00000000000001388025,
  "Minute_10_Fluctuation": 0.55938295017471229,
  "Hour": 0.000000000000028489602990626,
  "Hour_Fluctuation": 0.11007520147578478,
  "Day": 0.0000000000000312786408266352,
  "Day_Fluctuation": 0.037983225630665529,
  "Week": 0.0000000000000317756770189408,
  "Week_Fluctuation": 0.21605715389117452,
  "Updated": "2018-04-23T00:03:55.6134505Z"
}
