{
  "Live": 0.0000000000681174601456746,
  "Minute": 0.0000000000681414645102082,
  "Minute_Fluctuation": 0.0013135379754491792,
  "Minute_5": 0.0000000000681419787846972,
  "Minute_5_Fluctuation": 0.0023742167735074536,
  "Minute_10": 0.0000000000681319128612685,
  "Minute_10_Fluctuation": 0.0016766965941573597,
  "Hour": 0.0000000000681202009740673,
  "Hour_Fluctuation": 0.00061246415093240759,
  "Day": 0.0000000000681175611484908,
  "Day_Fluctuation": 1.499418497342571E-05,
  "Week": 0.0000000000681174601456746,
  "Week_Fluctuation": 0.38294915000001933,
  "Updated": "2018-04-24T23:41:52.979405Z"
}
