{
  "Live": 0.00000000034774255,
  "Minute": 0.00000000019583967919588,
  "Minute_Fluctuation": 0.29876422778216188,
  "Minute_5": 0.000000000164126969275075,
  "Minute_5_Fluctuation": 0.062143287852288676,
  "Minute_10": 0.000000000160623151291068,
  "Minute_10_Fluctuation": 0.035140116042485292,
  "Hour": 0.000000000157698183108538,
  "Hour_Fluctuation": 0.020540792612227882,
  "Day": 0.000000000156275717712114,
  "Day_Fluctuation": 0.15099734108571228,
  "Week": 0.000000000156202724422592,
  "Week_Fluctuation": 0.43041385769357121,
  "Updated": "2018-04-27T02:43:35.7389992Z"
}
