{
    "Live":  0.000000000103281,
    "Minute":  0.000000000103281,
    "Minute_Fluctuation":  0.0040299366724237161,
    "Minute_5":  0.000000000103291190779815,
    "Minute_5_Fluctuation":  0.0050241904604257665,
    "Minute_10":  0.000000000050472542129428,
    "Minute_10_Fluctuation":  5047254212.9428,
    "Hour":  0.00000000000841209035490466,
    "Hour_Fluctuation":  841209035.49046659,
    "Day":  0.000000000000350503764787694,
    "Day_Fluctuation":  35050376.478769444,
    "Week":  0.0000000000000500719663982421,
    "Week_Fluctuation":  5007196.639824206,
    "Updated":  "\/Date(1530628748571)\/"
}
