{
  "Live": 0.00000000002494465,
  "Minute": 0.0000000000234210773346557,
  "Minute_Fluctuation": 0.11962295784589287,
  "Minute_5": 0.0000000000223999834600269,
  "Minute_5_Fluctuation": 0.115055319940553,
  "Minute_10": 0.0000000000215194500803385,
  "Minute_10_Fluctuation": 0.15991583600331088,
  "Hour": 0.0000000000207030571947334,
  "Hour_Fluctuation": 0.093292480243042375,
  "Day": 0.000000000021842442574122,
  "Day_Fluctuation": 0.031024083450835262,
  "Week": 0.0000000000221448366151141,
  "Week_Fluctuation": 0.23436748277683458,
  "Updated": "2018-04-22T08:33:34.3306074Z"
}
