{
  "Live": 0.0000000000111838,
  "Minute": 0.0000000000111838,
  "Minute_Fluctuation": 0.27727272727272745,
  "Minute_5": 0.0000000000111838,
  "Minute_5_Fluctuation": 0.27727272727272745,
  "Minute_10": 0.0000000000111838,
  "Minute_10_Fluctuation": 0.27727272727272745,
  "Hour": 0.00000000000981041414553748,
  "Hour_Fluctuation": 0.053036705589584815,
  "Day": 0.00000000000961887530672357,
  "Day_Fluctuation": 0.017997967393293707,
  "Week": 0.00000000000963190579204142,
  "Week_Fluctuation": 0.21200804805933637,
  "Updated": "2018-04-23T00:14:51.3843278Z"
}
