{
  "Live": 0.0000000000034427,
  "Minute": 0.00000000000404876127613661,
  "Minute_Fluctuation": 0.08498129919702288,
  "Minute_5": 0.00000000000421502086728487,
  "Minute_5_Fluctuation": 0.019348700145113459,
  "Minute_10": 0.0000000000042381609500607,
  "Minute_10_Fluctuation": 0.0095330009217187636,
  "Hour": 0.00000000000426330776625186,
  "Hour_Fluctuation": 0.035123779722149459,
  "Day": 0.00000000000428035909243872,
  "Day_Fluctuation": 0.038478446745832208,
  "Week": 0.00000000000425656514756312,
  "Week_Fluctuation": 0.21479738149344613,
  "Updated": "2018-04-23T03:20:02.2676787Z"
}
