{
  "Live": 0.00000000001218875,
  "Minute": 0.0000000000195950016707993,
  "Minute_Fluctuation": 0.24220161888843539,
  "Minute_5": 0.0000000000216095040762575,
  "Minute_5_Fluctuation": 0.053041361873974867,
  "Minute_10": 0.0000000000218507063132697,
  "Minute_10_Fluctuation": 0.033303103567774467,
  "Hour": 0.0000000000219201705349034,
  "Hour_Fluctuation": 0.026209207789796955,
  "Day": 0.0000000000218425109878479,
  "Day_Fluctuation": 0.028480101899789771,
  "Week": 0.0000000000221128798633356,
  "Week_Fluctuation": 0.20880969010495778,
  "Updated": "2018-04-23T04:56:45.5748016Z"
}
