{
  "Live": 0.0000000000001592,
  "Minute": 0.0000000000001592,
  "Minute_Fluctuation": 0.066666666666666652,
  "Minute_5": 0.0000000000001592,
  "Minute_5_Fluctuation": 0.066666666666666652,
  "Minute_10": 0.0000000000001592,
  "Minute_10_Fluctuation": 0.066666666666666652,
  "Hour": 0.000000000000163648098650138,
  "Hour_Fluctuation": 0.026815016303310735,
  "Day": 0.000000000000166113473619915,
  "Day_Fluctuation": 0.02885572480746763,
  "Week": 0.000000000000168116281069182,
  "Week_Fluctuation": 0.21226848189100039,
  "Updated": "2018-04-23T00:14:51.1797226Z"
}
