{
    "Live":  0.0000000001027238,
    "Minute":  0.0000000001027238,
    "Minute_Fluctuation":  9.68523002421816E-05,
    "Minute_5":  0.000000000102722625134931,
    "Minute_5_Fluctuation":  0.0013182224259895917,
    "Minute_10":  0.0000000000501846977158211,
    "Minute_10_Fluctuation":  5018469771.5821066,
    "Hour":  0.00000000000836411628597018,
    "Hour_Fluctuation":  836411628.59701777,
    "Day":  0.000000000000348504845248757,
    "Day_Fluctuation":  34850484.524875738,
    "Week":  0.0000000000000497864064641082,
    "Week_Fluctuation":  4978640.64641082,
    "Updated":  "\/Date(1530628746420)\/"
}
