{
  "Live": 0.00000000000002494465,
  "Minute": 0.0000000000000225672734116102,
  "Minute_Fluctuation": 0.17015561024136477,
  "Minute_5": 0.0000000000000221023657233542,
  "Minute_5_Fluctuation": 0.0453753574388341,
  "Minute_10": 0.0000000000000223215772668687,
  "Minute_10_Fluctuation": 0.0417430575729919,
  "Hour": 0.0000000000000219466278763978,
  "Hour_Fluctuation": 0.02721813488853167,
  "Day": 0.000000000000021967063112482,
  "Day_Fluctuation": 0.15042710381659563,
  "Week": 0.0000000000000219861964535333,
  "Week_Fluctuation": 0.4302984086778639,
  "Updated": "2018-04-27T02:43:34.9363801Z"
}
