{
  "Live": 0.000000000000358195087494807,
  "Minute": 0.000000000000345374626051703,
  "Minute_Fluctuation": 0.13955045546350947,
  "Minute_5": 0.000000000000345437606474011,
  "Minute_5_Fluctuation": 0.070790110109045,
  "Minute_10": 0.000000000000350682470585361,
  "Minute_10_Fluctuation": 0.04317417872621631,
  "Hour": 0.000000000000356771326807451,
  "Hour_Fluctuation": 0.00673084657379369,
  "Day": 0.000000000000358142626068919,
  "Day_Fluctuation": 0.00024847591783944373,
  "Week": 0.000000000000358195087494807,
  "Week_Fluctuation": 0.383012638498685,
  "Updated": "2018-04-24T23:41:53.1268426Z"
}
