{
  "Live": 0.0000000000061889,
  "Minute": 0.0000000000074931178216264,
  "Minute_Fluctuation": 0.25559036208821545,
  "Minute_5": 0.00000000000955130578659856,
  "Minute_5_Fluctuation": 0.051118072417643094,
  "Minute_10": 0.00000000000980857928222008,
  "Minute_10_Fluctuation": 0.025559036208821547,
  "Hour": 0.0000000000100229738619047,
  "Hour_Fluctuation": 0.022905028323060184,
  "Day": 0.0000000000101020729565289,
  "Day_Fluctuation": 0.030316198396107094,
  "Week": 0.0000000000100655975461991,
  "Week_Fluctuation": 0.23050852739344538,
  "Updated": "2018-04-22T11:01:09.3544442Z"
}
