{
    "Live":  0.00000000000484565,
    "Minute":  0.00000000000484565,
    "Minute_Fluctuation":  0.018828451882845224,
    "Minute_5":  0.00000000000484379183416051,
    "Minute_5_Fluctuation":  0.018901088015923107,
    "Minute_10":  0.00000000000236759163880553,
    "Minute_10_Fluctuation":  236759163.88055339,
    "Hour":  0.000000000000394598606467589,
    "Hour_Fluctuation":  39459860.646758892,
    "Day":  0.0000000000000164416086028162,
    "Day_Fluctuation":  1644160.8602816206,
    "Week":  0.0000000000000023488012289737,
    "Week_Fluctuation":  234880.12289737436,
    "Updated":  "\/Date(1530628747003)\/"
}
