{
  "Live": 0.0000000000000186463,
  "Minute": 0.0000000000000212524362349055,
  "Minute_Fluctuation": 0.042462782566714596,
  "Minute_5": 0.0000000000000218419854473761,
  "Minute_5_Fluctuation": 0.0088766203777898324,
  "Minute_10": 0.000000000000021915679098935,
  "Minute_10_Fluctuation": 0.0044615613666017795,
  "Hour": 0.000000000000021977090475234,
  "Hour_Fluctuation": 0.0039064519110904574,
  "Day": 0.0000000000000219863114858752,
  "Day_Fluctuation": 0.23373274887460305,
  "Week": 0.0000000000000219892996417125,
  "Week_Fluctuation": 0.45564089165475369,
  "Updated": "2018-04-26T17:09:43.1647953Z"
}
