{
    "Live":  0.0000000000404567,
    "Minute":  0.0000000000404567,
    "Minute_Fluctuation":  0.13702460850111839,
    "Minute_5":  0.0000000000403441415876096,
    "Minute_5_Fluctuation":  0.14208878872489114,
    "Minute_10":  0.0000000000197719224193463,
    "Minute_10_Fluctuation":  1977192241.9346266,
    "Hour":  0.00000000000329532040322438,
    "Hour_Fluctuation":  329532040.32243776,
    "Day":  0.000000000000137305016801016,
    "Day_Fluctuation":  13730501.680101573,
    "Week":  0.0000000000000196150024001451,
    "Week_Fluctuation":  1961500.2400145102,
    "Updated":  "\/Date(1530628749055)\/"
}
