{
    "Live":  0.00000000004902365,
    "Minute":  0.00000000004902365,
    "Minute_Fluctuation":  0.31562082777036055,
    "Minute_5":  0.0000000000487560671778203,
    "Minute_5_Fluctuation":  1643860.8583850095,
    "Minute_10":  0.0000000000239549876490695,
    "Minute_10_Fluctuation":  2395498764.9069538,
    "Hour":  0.00000000000399249794151159,
    "Hour_Fluctuation":  399249794.15115893,
    "Day":  0.000000000000166354080896316,
    "Day_Fluctuation":  16635408.089631625,
    "Week":  0.0000000000000237648686994737,
    "Week_Fluctuation":  2376486.8699473748,
    "Updated":  "\/Date(1530628747839)\/"
}
