{
  "Live": 0.000000000000199,
  "Minute": 0.000000000000199,
  "Minute_Fluctuation": 0.0350256578608832,
  "Minute_5": 0.000000000000199,
  "Minute_5_Fluctuation": 0.0954706999656739,
  "Minute_10": 0.000000000000199,
  "Minute_10_Fluctuation": 0.10187304596899739,
  "Hour": 0.000000000000183764185192019,
  "Hour_Fluctuation": 0.029074635614884641,
  "Day": 0.000000000000179425553845483,
  "Day_Fluctuation": 0.015079772269827136,
  "Week": 0.000000000000179027308706445,
  "Week_Fluctuation": 0.21239372558560662,
  "Updated": "2018-04-23T00:03:57.4712161Z"
}
