{
  "Live": 0.00000000001698465,
  "Minute": 0.00000000001698465,
  "Minute_Fluctuation": 0.039313784898128958,
  "Minute_5": 0.00000000001698465,
  "Minute_5_Fluctuation": 0.091501202371068707,
  "Minute_10": 0.00000000001698465,
  "Minute_10_Fluctuation": 0.0978149292221873,
  "Hour": 0.0000000000157585924387435,
  "Hour_Fluctuation": 0.031639987584369748,
  "Day": 0.000000000015467172428004,
  "Day_Fluctuation": 0.022257827520231786,
  "Week": 0.0000000000153672804264572,
  "Week_Fluctuation": 0.2133414526419444,
  "Updated": "2018-04-23T00:03:56.5857862Z"
}
