{
  "Live": 0.00000000000046765,
  "Minute": 0.000000000000515526266014102,
  "Minute_Fluctuation": 0.030895910692927121,
  "Minute_5": 0.000000000000525005961284768,
  "Minute_5_Fluctuation": 0.0065292121991882678,
  "Minute_10": 0.000000000000526662562966569,
  "Minute_10_Fluctuation": 0.0055607321368665993,
  "Hour": 0.000000000000527561795727001,
  "Hour_Fluctuation": 0.0068425306710092554,
  "Day": 0.000000000000527427640106039,
  "Day_Fluctuation": 0.14950799795194525,
  "Week": 0.000000000000527374709544986,
  "Week_Fluctuation": 0.430180296622808,
  "Updated": "2018-04-27T02:43:35.089381Z"
}
