{
  "Live": 0.0000000000028855,
  "Minute": 0.0000000000028855,
  "Minute_Fluctuation": 0.52302631578947367,
  "Minute_5": 0.0000000000028855,
  "Minute_5_Fluctuation": 0.52302631578947367,
  "Minute_10": 0.0000000000028855,
  "Minute_10_Fluctuation": 0.52302631578947367,
  "Hour": 0.00000000000427727670903068,
  "Hour_Fluctuation": 0.14296000459774635,
  "Day": 0.00000000000426383263441039,
  "Day_Fluctuation": 0.028057462054432006,
  "Week": 0.00000000000425373665242851,
  "Week_Fluctuation": 0.21667141197567064,
  "Updated": "2018-04-23T00:14:50.2789122Z"
}
