{
    "Live":  0.0000000000024477,
    "Minute":  0.0000000000024477,
    "Minute_Fluctuation":  0.0040485829959514058,
    "Minute_5":  0.00000000000244792849637462,
    "Minute_5_Fluctuation":  0.0045563210098650058,
    "Minute_10":  0.0000000000011962761405876,
    "Minute_10_Fluctuation":  119627614.05876002,
    "Hour":  0.0000000000001993793567646,
    "Hour_Fluctuation":  19937935.67646,
    "Day":  0.000000000000008307473198525,
    "Day_Fluctuation":  830747.31985250011,
    "Week":  0.0000000000000011867818855036,
    "Week_Fluctuation":  118678.18855035715,
    "Updated":  "\/Date(1530628749548)\/"
}
