{
    "Live":  0.00000000005119275,
    "Minute":  0.00000000005119275,
    "Minute_Fluctuation":  0,
    "Minute_5":  0.00000000005123830668978,
    "Minute_5_Fluctuation":  0.052118390952359879,
    "Minute_10":  0.000000000025019763139637,
    "Minute_10_Fluctuation":  2501976313.9637,
    "Hour":  0.00000000000416996052327283,
    "Hour_Fluctuation":  416996052.32728332,
    "Day":  0.000000000000173748355136368,
    "Day_Fluctuation":  17374835.513636805,
    "Week":  0.0000000000000248211935909097,
    "Week_Fluctuation":  2482119.3590909722,
    "Updated":  "\/Date(1530628749300)\/"
}
