{
    "Live":  0.00000000004265565,
    "Minute":  0.00000000004265565,
    "Minute_Fluctuation":  0.12474479379338503,
    "Minute_5":  0.0000000000427945349216136,
    "Minute_5_Fluctuation":  0.12246122480835515,
    "Minute_10":  0.0000000000208389822080022,
    "Minute_10_Fluctuation":  2083898220.8002203,
    "Hour":  0.0000000000034731637013337,
    "Hour_Fluctuation":  347316370.13337,
    "Day":  0.000000000000144715154222238,
    "Day_Fluctuation":  14471515.422223751,
    "Week":  0.0000000000000206735934603196,
    "Week_Fluctuation":  2067359.3460319645,
    "Updated":  "\/Date(1530628746388)\/"
}
