{
  "Live": 0.00000000000940275,
  "Minute": 0.00000000000907719349934831,
  "Minute_Fluctuation": 0.019717294990137503,
  "Minute_5": 0.00000000000899274162130392,
  "Minute_5_Fluctuation": 0.0043721695609858814,
  "Minute_10": 0.00000000000898455989405796,
  "Minute_10_Fluctuation": 0.002980246188110948,
  "Hour": 0.00000000000902315088466606,
  "Hour_Fluctuation": 0.01803781362693534,
  "Day": 0.00000000000906722342609337,
  "Day_Fluctuation": 0.021049263179808556,
  "Week": 0.00000000000897163912449595,
  "Week_Fluctuation": 0.20677909420967469,
  "Updated": "2018-04-23T03:20:01.4417303Z"
}
