{
  "Live": 0.00000000000028855,
  "Minute": 0.00000000000028855,
  "Minute_Fluctuation": 0.19444444444444448,
  "Minute_5": 0.00000000000028855,
  "Minute_5_Fluctuation": 0.19444444444444448,
  "Minute_10": 0.00000000000028855,
  "Minute_10_Fluctuation": 0.19444444444444448,
  "Hour": 0.000000000000352638251833994,
  "Hour_Fluctuation": 0.047033776827661265,
  "Day": 0.000000000000369275428539085,
  "Day_Fluctuation": 0.029718038238686923,
  "Week": 0.000000000000368320417791208,
  "Week_Fluctuation": 0.21515160649890208,
  "Updated": "2018-04-23T00:14:52.405513Z"
}
