{
    "Live":  0.00000000002299445,
    "Minute":  0.00000000002299445,
    "Minute_Fluctuation":  0.008154506437768062,
    "Minute_5":  0.0000000000229987501305074,
    "Minute_5_Fluctuation":  0.00853112656606273,
    "Minute_10":  0.0000000000112383409422599,
    "Minute_10_Fluctuation":  1123834094.2259936,
    "Hour":  0.00000000000187305682370999,
    "Hour_Fluctuation":  187305682.37099895,
    "Day":  0.0000000000000780440343212495,
    "Day_Fluctuation":  7804403.4321249546,
    "Week":  0.0000000000000111491477601785,
    "Week_Fluctuation":  1114914.7760178507,
    "Updated":  "\/Date(1530628749443)\/"
}
