{
  "Live": 0.0000000000482072520437086,
  "Minute": 0.0000000000481074652190862,
  "Minute_Fluctuation": 0.0071830796214413656,
  "Minute_5": 0.0000000000481109848896993,
  "Minute_5_Fluctuation": 0.0042513019919467781,
  "Minute_10": 0.0000000000481506335448164,
  "Minute_10_Fluctuation": 0.0026257777541326111,
  "Hour": 0.0000000000481965311372594,
  "Hour_Fluctuation": 0.0012312872540349105,
  "Day": 0.0000000000482068570675825,
  "Day_Fluctuation": 3.5933770156961754E-05,
  "Week": 0.0000000000482072520437086,
  "Week_Fluctuation": 0.38296421350962861,
  "Updated": "2018-04-24T23:41:53.2910164Z"
}
