{
  "Live": 0.00000000000024875,
  "Minute": 0.000000000000195587351131389,
  "Minute_Fluctuation": 0.13565327825817955,
  "Minute_5": 0.000000000000182611799325919,
  "Minute_5_Fluctuation": 0.030473048672270683,
  "Minute_10": 0.00000000000018102885524829,
  "Minute_10_Fluctuation": 0.019679521391670465,
  "Hour": 0.000000000000180619730461875,
  "Hour_Fluctuation": 0.022603712665416314,
  "Day": 0.000000000000181426870629169,
  "Day_Fluctuation": 0.029301937400958641,
  "Week": 0.000000000000179369520445956,
  "Week_Fluctuation": 0.20884353788152182,
  "Updated": "2018-04-23T04:56:44.1917169Z"
}
