{
  "Live": 0.0000000000014129,
  "Minute": 0.00000000000195401125528277,
  "Minute_Fluctuation": 0.31117699617907274,
  "Minute_5": 0.00000000000230158767506493,
  "Minute_5_Fluctuation": 0.24869311143631356,
  "Minute_10": 0.00000000000258535489408476,
  "Minute_10_Fluctuation": 1.7541829983267192,
  "Hour": 0.00000000000222685206032952,
  "Hour_Fluctuation": 0.24957795935488514,
  "Day": 0.00000000000243812324069374,
  "Day_Fluctuation": 0.084069924632482168,
  "Week": 0.00000000000238843867777587,
  "Week_Fluctuation": 0.24555836153629326,
  "Updated": "2018-04-22T08:33:33.6256772Z"
}
