{
  "Live": 0.00000000000117419287773672,
  "Minute": 0.0000000000011869176725167,
  "Minute_Fluctuation": 0.037559300714602985,
  "Minute_5": 0.00000000000118688792580165,
  "Minute_5_Fluctuation": 0.013633105716340584,
  "Minute_10": 0.00000000000118166945928811,
  "Minute_10_Fluctuation": 0.007246987571521926,
  "Hour": 0.00000000000117560990213204,
  "Hour_Fluctuation": 0.0017321952447138277,
  "Day": 0.00000000000117424509153034,
  "Day_Fluctuation": 0.00037655847297579306,
  "Week": 0.00000000000117419287773672,
  "Week_Fluctuation": 0.38301130888162227,
  "Updated": "2018-04-24T23:41:53.1111202Z"
}
