{
    "Live":  0.0000000000197607,
    "Minute":  0.0000000000197607,
    "Minute_Fluctuation":  0,
    "Minute_5":  0.0000000000197609520537545,
    "Minute_5_Fluctuation":  935348.5701580951,
    "Minute_10":  0.0000000000096538684280316,
    "Minute_10_Fluctuation":  965386842.80316,
    "Hour":  0.0000000000016089780713386,
    "Hour_Fluctuation":  160897807.13386,
    "Day":  0.0000000000000670407529724417,
    "Day_Fluctuation":  6704075.297244166,
    "Week":  0.0000000000000095772504246345,
    "Week_Fluctuation":  957725.04246345232,
    "Updated":  "\/Date(1530628746451)\/"
}
