{
    "Live":  0.00000000006886395,
    "Minute":  0.00000000006886395,
    "Minute_Fluctuation":  0.10303265940902026,
    "Minute_5":  0.0000000000690455503322578,
    "Minute_5_Fluctuation":  0.1027388397363866,
    "Minute_10":  0.0000000000336492068358426,
    "Minute_10_Fluctuation":  3364920683.58426,
    "Hour":  0.0000000000056082011393071,
    "Hour_Fluctuation":  560820113.93071,
    "Day":  0.000000000000233675047471129,
    "Day_Fluctuation":  23367504.747112915,
    "Week":  0.0000000000000333821496387327,
    "Week_Fluctuation":  3338214.9638732732,
    "Updated":  "\/Date(1530628747771)\/"
}
