{
  "Live": 0.0000000000033034,
  "Minute": 0.00000000000360936632264607,
  "Minute_Fluctuation": 0.15128986367790517,
  "Minute_5": 0.0000000000041240867347605,
  "Minute_5_Fluctuation": 0.030257972735581035,
  "Minute_10": 0.0000000000041884267862748,
  "Minute_10_Fluctuation": 0.015128986367790517,
  "Hour": 0.00000000000424204349587005,
  "Hour_Fluctuation": 0.035379000557343006,
  "Day": 0.00000000000426126648819504,
  "Day_Fluctuation": 0.039984283696353741,
  "Week": 0.00000000000425270300837292,
  "Week_Fluctuation": 0.23379063613991349,
  "Updated": "2018-04-22T11:01:10.2904473Z"
}
