{
    "Live":  0.00000000000205965,
    "Minute":  0.00000000000205965,
    "Minute_Fluctuation":  0.037209302325581478,
    "Minute_5":  0.00000000000206120389290045,
    "Minute_5_Fluctuation":  0.040194076439039196,
    "Minute_10":  0.0000000000010061118129042,
    "Minute_10_Fluctuation":  100611181.29042,
    "Hour":  0.0000000000001676853021507,
    "Hour_Fluctuation":  16768530.215069998,
    "Day":  0.0000000000000069868875896125,
    "Day_Fluctuation":  698688.75896125,
    "Week":  0.0000000000000009981267985161,
    "Week_Fluctuation":  99812.679851607143,
    "Updated":  "\/Date(1530628745718)\/"
}
