{
  "Live": 0.0000000000042984,
  "Minute": 0.00000000000483900200052722,
  "Minute_Fluctuation": 0.10265867996359768,
  "Minute_5": 0.00000000000497917678701008,
  "Minute_5_Fluctuation": 0.023735273701327289,
  "Minute_10": 0.00000000000499532785315526,
  "Minute_10_Fluctuation": 0.016369450966105481,
  "Hour": 0.00000000000497172985876284,
  "Hour_Fluctuation": 0.0264269565558966,
  "Day": 0.00000000000491956743624084,
  "Day_Fluctuation": 0.060619500328661771,
  "Week": 0.00000000000501420310084478,
  "Week_Fluctuation": 0.2157834695598955,
  "Updated": "2018-04-23T04:56:44.9559835Z"
}
