{
    "Live":  0.0000000000071043,
    "Minute":  0.0000000000071043,
    "Minute_Fluctuation":  1.1370487830557777E-16,
    "Minute_5":  0.0000000000071043,
    "Minute_5_Fluctuation":  0.00046100092592306607,
    "Minute_10":  0.0000000000034707261115884,
    "Minute_10_Fluctuation":  347072611.15883994,
    "Hour":  0.0000000000005784543519314,
    "Hour_Fluctuation":  57845435.19314,
    "Day":  0.0000000000000241022646638083,
    "Day_Fluctuation":  2410226.4663808332,
    "Week":  0.0000000000000034431806662583,
    "Week_Fluctuation":  344318.06662583334,
    "Updated":  "\/Date(1530628746217)\/"
}
