{
  "Live": 0.0000000000134126,
  "Minute": 0.0000000000134126,
  "Minute_Fluctuation": 1.5433962264150944,
  "Minute_5": 0.0000000000134126,
  "Minute_5_Fluctuation": 1.5433962264150944,
  "Minute_10": 0.0000000000134126,
  "Minute_10_Fluctuation": 1.5433962264150944,
  "Hour": 0.0000000000064171093792784,
  "Hour_Fluctuation": 0.34856263870794291,
  "Day": 0.0000000000049415614013272,
  "Day_Fluctuation": 0.092480313673868428,
  "Week": 0.00000000000474070159478627,
  "Week_Fluctuation": 0.2295110216502729,
  "Updated": "2018-04-23T00:14:52.8197711Z"
}
