{
  "Live": 0.0000000000182388527732726,
  "Minute": 0.000000000018514828686389,
  "Minute_Fluctuation": 0.050426499031686112,
  "Minute_5": 0.0000000000185060344856884,
  "Minute_5_Fluctuation": 0.018664257715519737,
  "Minute_10": 0.0000000000183960172181762,
  "Minute_10_Fluctuation": 0.010012198059937274,
  "Hour": 0.0000000000182686156048338,
  "Hour_Fluctuation": 0.005003030516299552,
  "Day": 0.0000000000182399493062096,
  "Day_Fluctuation": 0.00018375574229666242,
  "Week": 0.0000000000182388527732726,
  "Week_Fluctuation": 0.38298128785116448,
  "Updated": "2018-04-24T23:41:53.2713227Z"
}
