{
  "Live": 0.0000000000709833,
  "Minute": 0.0000000000654150795019341,
  "Minute_Fluctuation": 0.039061644990063996,
  "Minute_5": 0.0000000000640650365344902,
  "Minute_5_Fluctuation": 0.0085344842941706654,
  "Minute_10": 0.0000000000638929703427988,
  "Minute_10_Fluctuation": 0.0052318248049168055,
  "Hour": 0.0000000000639087804499131,
  "Hour_Fluctuation": 0.0186981618124871,
  "Day": 0.0000000000648151438004893,
  "Day_Fluctuation": 0.032016131526586347,
  "Week": 0.0000000000637276932086718,
  "Week_Fluctuation": 0.20777507325645989,
  "Updated": "2018-04-23T04:56:44.1074219Z"
}
