{
  "Live": 0.0000000000026865,
  "Minute": 0.00000000000395624738109142,
  "Minute_Fluctuation": 0.10450451113978945,
  "Minute_5": 0.00000000000425379598581912,
  "Minute_5_Fluctuation": 0.021859221281057689,
  "Minute_10": 0.00000000000429098956141008,
  "Minute_10_Fluctuation": 0.01098973291977311,
  "Hour": 0.00000000000432198420773588,
  "Hour_Fluctuation": 0.0038149348948384081,
  "Day": 0.00000000000432819947799365,
  "Day_Fluctuation": 0.23418647442146037,
  "Week": 0.00000000000432814623861256,
  "Week_Fluctuation": 0.45569931847361422,
  "Updated": "2018-04-26T17:09:43.7345382Z"
}
