{
  "Live": 0.00000000000058705,
  "Minute": 0.00000000000058705,
  "Minute_Fluctuation": 0.021958827204421202,
  "Minute_5": 0.00000000000058705,
  "Minute_5_Fluctuation": 0.051607222840095224,
  "Minute_10": 0.00000000000058705,
  "Minute_10_Fluctuation": 0.055202435831001442,
  "Hour": 0.000000000000561636417585498,
  "Hour_Fluctuation": 0.016465826718897125,
  "Day": 0.000000000000555870645276548,
  "Day_Fluctuation": 0.015368319851396813,
  "Week": 0.000000000000554228558309874,
  "Week_Fluctuation": 0.21591727698546542,
  "Updated": "2018-04-23T00:03:56.2319841Z"
}
