{
    "Live":  0.0000000000163379,
    "Minute":  0.0000000000163379,
    "Minute_Fluctuation":  1.9777170063381855E-16,
    "Minute_5":  0.0000000000163378408355169,
    "Minute_5_Fluctuation":  0.000665337033665274,
    "Minute_10":  0.0000000000079827761658652,
    "Minute_10_Fluctuation":  798277616.58652031,
    "Hour":  0.00000000000133046269431087,
    "Hour_Fluctuation":  133046269.43108669,
    "Day":  0.0000000000000554359455962861,
    "Day_Fluctuation":  5543594.5596286124,
    "Week":  0.0000000000000079194207994694,
    "Week_Fluctuation":  791942.07994694461,
    "Updated":  "\/Date(1530628747349)\/"
}
