{
    "Live":  0.0000000000002786,
    "Minute":  0.0000000000002786,
    "Minute_Fluctuation":  0.27272727272727243,
    "Minute_5":  0.000000000000277409135045422,
    "Minute_5_Fluctuation":  0.24313423081678265,
    "Minute_10":  0.000000000000136165226603467,
    "Minute_10_Fluctuation":  13616522.660346664,
    "Hour":  0.0000000000000226942044339111,
    "Hour_Fluctuation":  2269420.4433911107,
    "Day":  0.000000000000000945591851413,
    "Day_Fluctuation":  94559.185141296271,
    "Week":  0.0000000000000001350845502019,
    "Week_Fluctuation":  13508.455020185183,
    "Updated":  "\/Date(1530628749229)\/"
}
