{
  "Live": 0.0000000000012537,
  "Minute": 0.0000000000011691336035428,
  "Minute_Fluctuation": 0.0567702344214035,
  "Minute_5": 0.0000000000011474944383087,
  "Minute_5_Fluctuation": 0.013783457321876681,
  "Minute_10": 0.0000000000011449677116239,
  "Minute_10_Fluctuation": 0.0096911791886016563,
  "Hour": 0.00000000000114687174105135,
  "Hour_Fluctuation": 0.016034154899874753,
  "Day": 0.00000000000114053085837444,
  "Day_Fluctuation": 0.027752287448409126,
  "Week": 0.00000000000114208733042841,
  "Week_Fluctuation": 0.2096440028477905,
  "Updated": "2018-04-23T04:56:44.7865387Z"
}
