{
    "Live":  0.00000000000601975,
    "Minute":  0.00000000000601975,
    "Minute_Fluctuation":  1.3419055059534301E-16,
    "Minute_5":  0.00000000000601770177634517,
    "Minute_5_Fluctuation":  0.078298022565938347,
    "Minute_10":  0.000000000002940724855563,
    "Minute_10_Fluctuation":  294072485.5563,
    "Hour":  0.0000000000004901208092605,
    "Hour_Fluctuation":  49012080.92605,
    "Day":  0.0000000000000204217003858542,
    "Day_Fluctuation":  2042170.0385854167,
    "Week":  0.0000000000000029173857694077,
    "Week_Fluctuation":  291738.57694077381,
    "Updated":  "\/Date(1530628746279)\/"
}
