{
  "Live": 0.0000000001912589,
  "Minute": 0.000000000164216469746903,
  "Minute_Fluctuation": 0.089143446515839914,
  "Minute_5": 0.000000000157789723499515,
  "Minute_5_Fluctuation": 0.019997214788492243,
  "Minute_10": 0.000000000156986380218592,
  "Minute_10_Fluctuation": 0.010138097279431131,
  "Hour": 0.000000000156316927484489,
  "Hour_Fluctuation": 0.0016641556466726768,
  "Day": 0.000000000156127143334218,
  "Day_Fluctuation": 0.23455300693158068,
  "Week": 0.000000000156183833905209,
  "Week_Fluctuation": 0.45575576698436859,
  "Updated": "2018-04-26T17:09:43.9554131Z"
}
