{
  "Live": 0.0000000000002620233,
  "Minute": 0.0000000000002620233,
  "Minute_Fluctuation": 0.25041820781688046,
  "Minute_5": 0.0000000000002620233,
  "Minute_5_Fluctuation": 0.18103907678416081,
  "Minute_10": 0.000000000000249161562759692,
  "Minute_10_Fluctuation": 0.13941849772345938,
  "Hour": 0.000000000000229415595274843,
  "Hour_Fluctuation": 0.23973396436502287,
  "Day": 0.000000000000225023117001732,
  "Day_Fluctuation": 0.48094001760816862,
  "Week": 0.000000000000224958735257562,
  "Week_Fluctuation": 0.49720876374318357,
  "Updated": "2018-04-28T01:28:12.4573676Z"
}
