{
  "Live": 0.00000000003194945,
  "Minute": 0.0000000281354656148903,
  "Minute_Fluctuation": 0.53351952850161544,
  "Minute_5": 0.0000000371846388089088,
  "Minute_5_Fluctuation": 0.10842658124758192,
  "Minute_10": 0.0000000380632169739018,
  "Minute_10_Fluctuation": 0.073450818276732138,
  "Hour": 0.0000000360754186081405,
  "Hour_Fluctuation": 0.37845318512108644,
  "Day": 0.0000000375124892575586,
  "Day_Fluctuation": 0.074600222252615464,
  "Week": 0.0000000394458099381185,
  "Week_Fluctuation": 0.21619591968678775,
  "Updated": "2018-04-23T03:20:04.6477397Z"
}
