{
    "Live":  0.00000000000000504465,
    "Minute":  0.00000000000000504465,
    "Minute_Fluctuation":  0,
    "Minute_5":  0.00000000000000504465,
    "Minute_5_Fluctuation":  0.00045075974931056559,
    "Minute_10":  0.0000000000000024650755607842,
    "Minute_10_Fluctuation":  246507.55607842,
    "Hour":  0.0000000000000004108459267974,
    "Hour_Fluctuation":  41084.59267973667,
    "Day":  0.0000000000000000171185802832,
    "Day_Fluctuation":  1711.858028322361,
    "Week":  0.000000000000000002445511469,
    "Week_Fluctuation":  244.55114690319442,
    "Updated":  "\/Date(1530628747595)\/"
}
