{
  "Live": 0.00000000000100495,
  "Minute": 0.00000000000244189557850552,
  "Minute_Fluctuation": 0.27109659736396918,
  "Minute_5": 0.00000000000279627957035255,
  "Minute_5_Fluctuation": 0.056796032490447068,
  "Minute_10": 0.00000000000284057756933343,
  "Minute_10_Fluctuation": 0.02853344887575246,
  "Hour": 0.00000000000287749256848416,
  "Hour_Fluctuation": 0.0052397210982628017,
  "Day": 0.00000000000288292423140845,
  "Day_Fluctuation": 0.23590257076345358,
  "Week": 0.00000000000288483162188675,
  "Week_Fluctuation": 0.45596174829751673,
  "Updated": "2018-04-26T17:09:44.5309462Z"
}
