{
  "Live": 0.00000000001873585,
  "Minute": 0.0000000000181309420774879,
  "Minute_Fluctuation": 0.012675499867450349,
  "Minute_5": 0.0000000000179782305716048,
  "Minute_5_Fluctuation": 0.0026365622111438323,
  "Minute_10": 0.0000000000179591416333694,
  "Minute_10_Fluctuation": 0.0013244880033966037,
  "Hour": 0.0000000000179432341848399,
  "Hour_Fluctuation": 0.00038610166538003283,
  "Day": 0.0000000000179406951439977,
  "Day_Fluctuation": 0.23324065295159543,
  "Week": 0.0000000000179400716325727,
  "Week_Fluctuation": 0.45554988841260563,
  "Updated": "2018-04-26T17:09:44.9030492Z"
}
