{
    "Live":  0.0000000000802567,
    "Minute":  0.0000000000802567,
    "Minute_Fluctuation":  0.12163780899488176,
    "Minute_5":  0.000000000080508480639691,
    "Minute_5_Fluctuation":  0.12004030575569928,
    "Minute_10":  0.0000000000392184895299129,
    "Minute_10_Fluctuation":  3921848952.9912944,
    "Hour":  0.00000000000653641492165216,
    "Hour_Fluctuation":  653641492.16521573,
    "Day":  0.000000000000272350621735506,
    "Day_Fluctuation":  27235062.173550654,
    "Week":  0.0000000000000389072316765009,
    "Week_Fluctuation":  3890723.1676500933,
    "Updated":  "\/Date(1530628748148)\/"
}
