{
  "Live": 0.0000000000002388,
  "Minute": 0.000000000000308764877815816,
  "Minute_Fluctuation": 0.1007066881691393,
  "Minute_5": 0.000000000000324398619281175,
  "Minute_5_Fluctuation": 0.021570371561949117,
  "Minute_10": 0.000000000000325463869312161,
  "Minute_10_Fluctuation": 0.014025796840600298,
  "Hour": 0.000000000000325069937711729,
  "Hour_Fluctuation": 0.020291096923194536,
  "Day": 0.000000000000328011268446509,
  "Day_Fluctuation": 0.15033220022980706,
  "Week": 0.000000000000328305115939496,
  "Week_Fluctuation": 0.4302770727410361,
  "Updated": "2018-04-27T02:43:36.6222608Z"
}
