{
  "Live": 0.00000001380065,
  "Minute": 0.0000000137043492171255,
  "Minute_Fluctuation": 0.0024688278424795074,
  "Minute_5": 0.0000000136796316046647,
  "Minute_5_Fluctuation": 0.00050449505176922529,
  "Minute_10": 0.0000000136765419031071,
  "Minute_10_Fluctuation": 0.00025290594587031056,
  "Hour": 0.0000000136739671518091,
  "Hour_Fluctuation": 0.0036233937907965714,
  "Day": 0.0000000136823515094693,
  "Day_Fluctuation": 0.23415088677671592,
  "Week": 0.0000000136734552667296,
  "Week_Fluctuation": 0.45568481748320466,
  "Updated": "2018-04-26T17:09:45.198474Z"
}
