{
  "Live": 0.000000000000225789705010225,
  "Minute": 0.00000000000022176346639642,
  "Minute_Fluctuation": 0.067005525393281293,
  "Minute_5": 0.000000000000221750578139415,
  "Minute_5_Fluctuation": 0.043051206912954922,
  "Minute_10": 0.000000000000223410424936567,
  "Minute_10_Fluctuation": 0.027459322653584018,
  "Hour": 0.000000000000225338701832853,
  "Hour_Fluctuation": 0.0034124791494829425,
  "Day": 0.000000000000225773086288213,
  "Day_Fluctuation": 0.00015064689221462618,
  "Week": 0.000000000000225789705010225,
  "Week_Fluctuation": 0.38301142303498331,
  "Updated": "2018-04-24T23:41:53.0783053Z"
}
