{
  "Live": 0.00000000000014925,
  "Minute": 0.00000000000014925,
  "Minute_Fluctuation": 0.0962810169438796,
  "Minute_5": 0.00000000000014925,
  "Minute_5_Fluctuation": 0.10920576042637112,
  "Minute_10": 0.00000000000014925,
  "Minute_10_Fluctuation": 0.11104491123371514,
  "Hour": 0.000000000000164634321897924,
  "Hour_Fluctuation": 0.025441823511181044,
  "Day": 0.000000000000166166149454087,
  "Day_Fluctuation": 0.0287561628692321,
  "Week": 0.000000000000168125923216013,
  "Week_Fluctuation": 0.21244061817944673,
  "Updated": "2018-04-23T00:03:57.85006Z"
}
