{
  "Live": 0.00000000000015453345,
  "Minute": 0.00000000000015453345,
  "Minute_Fluctuation": 0.30302021497904508,
  "Minute_5": 0.00000000000015453345,
  "Minute_5_Fluctuation": 0.30501462773095,
  "Minute_10": 0.00000000000015453345,
  "Minute_10_Fluctuation": 0.30542708702237137,
  "Hour": 0.000000000000210628263782691,
  "Hour_Fluctuation": 0.059374504306340621,
  "Day": 0.000000000000222745772943731,
  "Day_Fluctuation": 0.025762329718665006,
  "Week": 0.000000000000222442181772466,
  "Week_Fluctuation": 0.21536104503812534,
  "Updated": "2018-04-23T00:03:58.3628668Z"
}
