{
  "Live": 0.0000000000679784,
  "Minute": 0.000000000065444309874544,
  "Minute_Fluctuation": 0.0932539801561791,
  "Minute_5": 0.0000000000639735188853524,
  "Minute_5_Fluctuation": 0.10747907159842511,
  "Minute_10": 0.0000000000664071100459722,
  "Minute_10_Fluctuation": 0.082249090459650231,
  "Hour": 0.0000000000678241051776292,
  "Hour_Fluctuation": 0.096183572060709516,
  "Day": 0.0000000000648986624322011,
  "Day_Fluctuation": 0.029473797917360295,
  "Week": 0.0000000000636060035278101,
  "Week_Fluctuation": 0.23290054103829005,
  "Updated": "2018-04-22T08:33:31.9553123Z"
}
