{
    "Live":  0.00000000001318375,
    "Minute":  0.00000000001318375,
    "Minute_Fluctuation":  0.24647224835371592,
    "Minute_5":  0.0000000000131255490471008,
    "Minute_5_Fluctuation":  0.23978577539366819,
    "Minute_10":  0.000000000006441775211295,
    "Minute_10_Fluctuation":  644177521.1295,
    "Hour":  0.0000000000010736292018825,
    "Hour_Fluctuation":  107362920.18824999,
    "Day":  0.0000000000000447345500784375,
    "Day_Fluctuation":  4473455.00784375,
    "Week":  0.0000000000000063906500112054,
    "Week_Fluctuation":  639065.00112053566,
    "Updated":  "\/Date(1530628747214)\/"
}
