{
  "Live": 0.00000000000112028045,
  "Minute": 0.00000000000118219460372023,
  "Minute_Fluctuation": 0.10667025015434363,
  "Minute_5": 0.00000000000129512490219668,
  "Minute_5_Fluctuation": 0.021334050030868724,
  "Minute_10": 0.00000000000130924118950623,
  "Minute_10_Fluctuation": 0.010667025015434362,
  "Hour": 0.0000000000013210047622642,
  "Hour_Fluctuation": 0.0043625058298469056,
  "Day": 0.00000000000132664645350869,
  "Day_Fluctuation": 0.025166374549694726,
  "Week": 0.00000000000132334347256251,
  "Week_Fluctuation": 0.22847522113647342,
  "Updated": "2018-04-22T11:01:11.4581509Z"
}
