{
  "Live": 0.0000000000142086,
  "Minute": 0.0000000000160474626125404,
  "Minute_Fluctuation": 0.18733886055319246,
  "Minute_5": 0.0000000000190069380589974,
  "Minute_5_Fluctuation": 0.037467772110638488,
  "Minute_10": 0.0000000000193768724898046,
  "Minute_10_Fluctuation": 0.018733886055319244,
  "Hour": 0.0000000000196851511821438,
  "Hour_Fluctuation": 0.031620868712495608,
  "Day": 0.0000000000200278070424752,
  "Day_Fluctuation": 0.05557480718755662,
  "Week": 0.0000000000197464399221684,
  "Week_Fluctuation": 0.237753222733431,
  "Updated": "2018-04-22T11:01:09.6461142Z"
}
