{
  "Live": 0.0000000000035621,
  "Minute": 0.0000000000035621,
  "Minute_Fluctuation": 0.37231573624171227,
  "Minute_5": 0.0000000000035621,
  "Minute_5_Fluctuation": 0.38650584427504409,
  "Minute_10": 0.00000000000431773394934556,
  "Minute_10_Fluctuation": 0.58379094428871958,
  "Hour": 0.00000000000523210985891926,
  "Hour_Fluctuation": 0.28168466893955707,
  "Day": 0.00000000000581842674374777,
  "Day_Fluctuation": 0.4817306572978684,
  "Week": 0.00000000000583754478219124,
  "Week_Fluctuation": 0.49731927297354728,
  "Updated": "2018-04-28T01:28:11.1675335Z"
}
