{
  "Live": 0.00000001378075,
  "Minute": 0.000000013696540120609,
  "Minute_Fluctuation": 0.015132656370552486,
  "Minute_5": 0.0000000136772299385718,
  "Minute_5_Fluctuation": 0.0036841111546258181,
  "Minute_10": 0.0000000136925097728889,
  "Minute_10_Fluctuation": 0.0052453978778745879,
  "Hour": 0.0000000136809522777718,
  "Hour_Fluctuation": 0.0066998241778210227,
  "Day": 0.0000000136724461460402,
  "Day_Fluctuation": 0.14973859188198252,
  "Week": 0.0000000136724047876783,
  "Week_Fluctuation": 0.43018922095750628,
  "Updated": "2018-04-27T02:43:36.9728777Z"
}
