{
  "Live": 0.00000000000011111165,
  "Minute": 0.00000000000011111165,
  "Minute_Fluctuation": 0.060699350384599247,
  "Minute_5": 0.00000000000011111165,
  "Minute_5_Fluctuation": 0.19918223901226872,
  "Minute_10": 0.00000000000011111165,
  "Minute_10_Fluctuation": 0.21712395189682906,
  "Hour": 0.000000000000139098294886193,
  "Hour_Fluctuation": 0.0645492826909738,
  "Day": 0.000000000000144855702180107,
  "Day_Fluctuation": 0.036456041962563,
  "Week": 0.000000000000143824620606279,
  "Week_Fluctuation": 0.21734447036226068,
  "Updated": "2018-04-23T00:03:56.9471433Z"
}
