{
    "Live":  0.0000000000032039,
    "Minute":  0.0000000000032039,
    "Minute_Fluctuation":  0.11418685121107278,
    "Minute_5":  0.00000000000319689298414124,
    "Minute_5_Fluctuation":  0.11080574235798649,
    "Minute_10":  0.0000000000015658573872732,
    "Minute_10_Fluctuation":  156585738.72732002,
    "Hour":  0.0000000000002609762312122,
    "Hour_Fluctuation":  26097623.12122,
    "Day":  0.0000000000000108740096338417,
    "Day_Fluctuation":  1087400.9633841666,
    "Week":  0.0000000000000015534299476917,
    "Week_Fluctuation":  155342.99476916666,
    "Updated":  "\/Date(1530628749720)\/"
}
