{
  "Live": 0.00000000000098639325,
  "Minute": 0.00000000000098639325,
  "Minute_Fluctuation": 0.069148835168091435,
  "Minute_5": 0.00000000000098639325,
  "Minute_5_Fluctuation": 0.09841667176865937,
  "Minute_10": 0.00000000000102365976109759,
  "Minute_10_Fluctuation": 0.10637161901609321,
  "Hour": 0.0000000000010802954505445,
  "Hour_Fluctuation": 0.20187568399526851,
  "Day": 0.00000000000110223285521023,
  "Day_Fluctuation": 0.4782698688153722,
  "Week": 0.0000000000011025864570101,
  "Week_Fluctuation": 0.49681979660164893,
  "Updated": "2018-04-28T01:28:12.6290255Z"
}
