{
  "Live": 0.0000000000060496,
  "Minute": 0.00000000000877807982386159,
  "Minute_Fluctuation": 0.1367791486730589,
  "Minute_5": 0.00000000000945786645657511,
  "Minute_5_Fluctuation": 0.029772095246790878,
  "Minute_10": 0.00000000000954095174144547,
  "Minute_10_Fluctuation": 0.01837317720163615,
  "Hour": 0.00000000000960407239204595,
  "Hour_Fluctuation": 0.01107787352638152,
  "Day": 0.00000000000959604139966112,
  "Day_Fluctuation": 0.019278036666705984,
  "Week": 0.0000000000096277288158159,
  "Week_Fluctuation": 0.20680562735966251,
  "Updated": "2018-04-23T04:56:44.4480393Z"
}
