{
  "Live": 0.00000000001630805,
  "Minute": 0.0000000000105616996401425,
  "Minute_Fluctuation": 0.23819673223504256,
  "Minute_5": 0.00000000000918170926106247,
  "Minute_5_Fluctuation": 0.049243670152328944,
  "Minute_10": 0.00000000000900921046367747,
  "Minute_10_Fluctuation": 0.024714926313509168,
  "Hour": 0.00000000000886546146585664,
  "Hour_Fluctuation": 0.0069485913491164376,
  "Day": 0.00000000000884264345868555,
  "Day_Fluctuation": 0.23470878182666194,
  "Week": 0.00000000000883688279605178,
  "Week_Fluctuation": 0.45581463861536214,
  "Updated": "2018-04-26T17:09:44.1028341Z"
}
