{
    "Live":  0.00000000000199995,
    "Minute":  0.00000000000199995,
    "Minute_Fluctuation":  1.0721649484536084,
    "Minute_5":  0.00000000000197643545591147,
    "Minute_5_Fluctuation":  1.0482304777042013,
    "Minute_10":  0.0000000000009772518107606,
    "Minute_10_Fluctuation":  97725181.076060012,
    "Hour":  0.000000000000162875301793433,
    "Hour_Fluctuation":  16287530.179343335,
    "Day":  0.0000000000000067864709080597,
    "Day_Fluctuation":  678647.09080597234,
    "Week":  0.0000000000000009694958440085,
    "Week_Fluctuation":  96949.584400853186,
    "Updated":  "\/Date(1530628747805)\/"
}
