{
  "Live": 0.0000000004052635,
  "Minute": 0.000000000208185600266239,
  "Minute_Fluctuation": 0.59203426180586638,
  "Minute_5": 0.000000000158746831583534,
  "Minute_5_Fluctuation": 0.1386227407168544,
  "Minute_10": 0.000000000152698155584078,
  "Minute_10_Fluctuation": 0.083242985809529463,
  "Hour": 0.000000000149116460571626,
  "Hour_Fluctuation": 0.032256864217278747,
  "Day": 0.000000000147880218841002,
  "Day_Fluctuation": 0.0349673706716303,
  "Week": 0.000000000146393270212546,
  "Week_Fluctuation": 0.21046263049396655,
  "Updated": "2018-04-23T04:56:44.5352933Z"
}
