{
    "Live":  0.0000000000586254,
    "Minute":  0.0000000000586254,
    "Minute_Fluctuation":  0.40158439975624616,
    "Minute_5":  0.0000000000595248512221516,
    "Minute_5_Fluctuation":  0.39289107819123226,
    "Minute_10":  0.0000000000286423842896152,
    "Minute_10_Fluctuation":  2864238428.96152,
    "Hour":  0.00000000000477373071493587,
    "Hour_Fluctuation":  477373071.49358678,
    "Day":  0.000000000000198905446455661,
    "Day_Fluctuation":  19890544.645566113,
    "Week":  0.0000000000000284150637793802,
    "Week_Fluctuation":  2841506.3779380163,
    "Updated":  "\/Date(1530628746669)\/"
}
