{
  "Live": 0.00000000000104475,
  "Minute": 0.00000000000104475,
  "Minute_Fluctuation": 0.11795803624798128,
  "Minute_5": 0.00000000000104475,
  "Minute_5_Fluctuation": 0.092882033565092254,
  "Minute_10": 0.00000000000104475,
  "Minute_10_Fluctuation": 0.089859253091762056,
  "Hour": 0.00000000000112790102235422,
  "Hour_Fluctuation": 0.018735789014239335,
  "Day": 0.00000000000114971656034166,
  "Day_Fluctuation": 0.022944366224546965,
  "Week": 0.00000000000114343850408323,
  "Week_Fluctuation": 0.21434710390567277,
  "Updated": "2018-04-23T00:03:58.7104623Z"
}
