{
  "Live": 0.0000000001166737,
  "Minute": 0.00000000015343288780621,
  "Minute_Fluctuation": 0.081521896314555239,
  "Minute_5": 0.000000000162303348721006,
  "Minute_5_Fluctuation": 0.01693391185822592,
  "Minute_10": 0.000000000163412156335355,
  "Minute_10_Fluctuation": 0.0085048536077373948,
  "Hour": 0.000000000164336162680647,
  "Hour_Fluctuation": 0.0029244459461063724,
  "Day": 0.000000000164382800315885,
  "Day_Fluctuation": 0.2348109966690983,
  "Week": 0.000000000164519863942151,
  "Week_Fluctuation": 0.45579045426583448,
  "Updated": "2018-04-26T17:09:44.1754489Z"
}
