{
    "Live":  0.0000000000470436,
    "Minute":  0.0000000000470436,
    "Minute_Fluctuation":  0.013722126929674202,
    "Minute_5":  0.0000000000470306773230829,
    "Minute_5_Fluctuation":  0.013904063259238946,
    "Minute_10":  0.0000000000229907461887568,
    "Minute_10_Fluctuation":  2299074618.8756804,
    "Hour":  0.00000000000383179103145947,
    "Hour_Fluctuation":  383179103.14594674,
    "Day":  0.000000000000159657959644144,
    "Day_Fluctuation":  15965795.964414448,
    "Week":  0.0000000000000228082799491635,
    "Week_Fluctuation":  2280827.9949163496,
    "Updated":  "\/Date(1530628749581)\/"
}
