{
  "Live": 0.0000000000002189,
  "Minute": 0.000000000000302771416930697,
  "Minute_Fluctuation": 0.52029086867547136,
  "Minute_5": 0.000000000000355290002354415,
  "Minute_5_Fluctuation": 0.59195731714027333,
  "Minute_10": 0.000000000000315704016810911,
  "Minute_10_Fluctuation": 0.65621005621824269,
  "Hour": 0.000000000000431231300115655,
  "Hour_Fluctuation": 0.41366138340742964,
  "Day": 0.000000000000371738496586278,
  "Day_Fluctuation": 0.05206705990313068,
  "Week": 0.000000000000368413135988937,
  "Week_Fluctuation": 0.23634516608177802,
  "Updated": "2018-04-22T08:33:33.2055256Z"
}
