{
  "Live": 0.000000000016716,
  "Minute": 0.00000000000800774364098344,
  "Minute_Fluctuation": 0.76238228291845889,
  "Minute_5": 0.0000000000054008675907163,
  "Minute_5_Fluctuation": 0.15884509181435452,
  "Minute_10": 0.0000000000050853851351632,
  "Minute_10_Fluctuation": 0.082031107963148414,
  "Hour": 0.00000000000493888990692752,
  "Hour_Fluctuation": 0.11889404677114934,
  "Day": 0.00000000000497347928512614,
  "Day_Fluctuation": 0.10322269573279899,
  "Week": 0.00000000000474947185146924,
  "Week_Fluctuation": 0.22819001956085447,
  "Updated": "2018-04-23T03:20:03.5587732Z"
}
