{
  "Live": 0.00000000007081415,
  "Minute": 0.0000000000685075307308873,
  "Minute_Fluctuation": 0.077060763626410511,
  "Minute_5": 0.0000000000645863089684255,
  "Minute_5_Fluctuation": 0.015412152725282104,
  "Minute_10": 0.0000000000640961562481178,
  "Minute_10_Fluctuation": 0.0077060763626410518,
  "Hour": 0.0000000000636876956478614,
  "Hour_Fluctuation": 0.048861722423996043,
  "Day": 0.0000000000647707219473736,
  "Day_Fluctuation": 0.028520474696277293,
  "Week": 0.0000000000636064897904294,
  "Week_Fluctuation": 0.229501277975743,
  "Updated": "2018-04-22T11:01:10.4415618Z"
}
