{
    "Live":  0.00000000000735305,
    "Minute":  0.00000000000735305,
    "Minute_Fluctuation":  0.058598726114649627,
    "Minute_5":  0.00000000000736307784913133,
    "Minute_5_Fluctuation":  0.058272219633291912,
    "Minute_10":  0.00000000000359349525157007,
    "Minute_10_Fluctuation":  359349525.15700674,
    "Hour":  0.000000000000598915875261678,
    "Hour_Fluctuation":  59891587.52616778,
    "Day":  0.0000000000000249548281359032,
    "Day_Fluctuation":  2495482.8135903245,
    "Week":  0.0000000000000035649754479862,
    "Week_Fluctuation":  356497.54479861778,
    "Updated":  "\/Date(1530628748674)\/"
}
