{
  "Live": 0.00000000000446755,
  "Minute": 0.00000000000314708279071254,
  "Minute_Fluctuation": 0.35429629984408784,
  "Minute_5": 0.00000000000281853277430676,
  "Minute_5_Fluctuation": 0.094899197503157617,
  "Minute_10": 0.00000000000277746402225604,
  "Minute_10_Fluctuation": 0.04941336584444276,
  "Hour": 0.00000000000274324006221377,
  "Hour_Fluctuation": 0.011359021860700549,
  "Day": 0.00000000000273746414311679,
  "Day_Fluctuation": 0.23551190916677733,
  "Week": 0.00000000000273643601301489,
  "Week_Fluctuation": 0.45595562316946964,
  "Updated": "2018-04-26T17:09:44.6786926Z"
}
