{
  "Live": 0.00000000000198005,
  "Minute": 0.00000000000367767545646014,
  "Minute_Fluctuation": 1.4586739151050061,
  "Minute_5": 0.00000000000474957695001323,
  "Minute_5_Fluctuation": 1.9974570956532307,
  "Minute_10": 0.00000000000375370342749538,
  "Minute_10_Fluctuation": 1.606263606426918,
  "Hour": 0.00000000000460702352698242,
  "Hour_Fluctuation": 0.41617028617948909,
  "Day": 0.00000000000480602645138562,
  "Day_Fluctuation": 0.0838393028948464,
  "Week": 0.00000000000501741939910914,
  "Week_Fluctuation": 0.24227622901966042,
  "Updated": "2018-04-22T08:33:33.3424301Z"
}
