{
  "Live": 0.00000000001376085,
  "Minute": 0.000000000010709688361767,
  "Minute_Fluctuation": 0.17825278725525551,
  "Minute_5": 0.00000000000984390740960173,
  "Minute_5_Fluctuation": 0.040679082098305848,
  "Minute_10": 0.00000000000974794092757002,
  "Minute_10_Fluctuation": 0.020326093749124939,
  "Hour": 0.00000000000961167846228651,
  "Hour_Fluctuation": 0.023602190045612866,
  "Day": 0.00000000000959278232709528,
  "Day_Fluctuation": 0.019880370427991172,
  "Week": 0.00000000000962756953526977,
  "Week_Fluctuation": 0.20872865350804187,
  "Updated": "2018-04-23T03:20:02.7716098Z"
}
