{
  "Live": 0.0000000000018507,
  "Minute": 0.00000000000266119327648498,
  "Minute_Fluctuation": 0.20455417811941443,
  "Minute_5": 0.00000000000283832078924916,
  "Minute_5_Fluctuation": 0.042898742249932967,
  "Minute_10": 0.00000000000283414049341993,
  "Minute_10_Fluctuation": 0.040899507039604231,
  "Hour": 0.00000000000278920144955773,
  "Hour_Fluctuation": 0.07024102424567516,
  "Day": 0.00000000000286873458977044,
  "Day_Fluctuation": 0.15550049451627712,
  "Week": 0.00000000000288258070222285,
  "Week_Fluctuation": 0.43110518076058657,
  "Updated": "2018-04-27T02:43:36.3280109Z"
}
