{
  "Live": 0.00000000000431821746911211,
  "Minute": 0.00000000000424596290039822,
  "Minute_Fluctuation": 0.063921197855530063,
  "Minute_5": 0.00000000000424418212129767,
  "Minute_5_Fluctuation": 0.025512725576953575,
  "Minute_10": 0.0000000000042745719159575,
  "Minute_10_Fluctuation": 0.014193146893227503,
  "Hour": 0.00000000000430993988073262,
  "Hour_Fluctuation": 0.0021374355053675157,
  "Day": 0.0000000000043179124263558,
  "Day_Fluctuation": 0.00011098358612441378,
  "Week": 0.00000000000431821746911211,
  "Week_Fluctuation": 0.38296191587078104,
  "Updated": "2018-04-24T23:41:52.9622313Z"
}
