{
    "Live":  0.00000000007761995,
    "Minute":  0.00000000007761995,
    "Minute_Fluctuation":  0.1043318233295583,
    "Minute_5":  0.0000000000774519310056066,
    "Minute_5_Fluctuation":  0.10313250798552315,
    "Minute_10":  0.0000000000379235387155706,
    "Minute_10_Fluctuation":  3792353871.5570602,
    "Hour":  0.00000000000632058978592843,
    "Hour_Fluctuation":  632058978.59284329,
    "Day":  0.000000000000263357907747018,
    "Day_Fluctuation":  26335790.774701804,
    "Week":  0.000000000000037622558249574,
    "Week_Fluctuation":  3762255.8249574006,
    "Updated":  "\/Date(1530628747037)\/"
}
