{
  "Live": 0.0000000000001194,
  "Minute": 0.000000000000153817113094683,
  "Minute_Fluctuation": 0.22345606576912397,
  "Minute_5": 0.000000000000173960586643483,
  "Minute_5_Fluctuation": 0.15937336666161897,
  "Minute_10": 0.000000000000186351466339175,
  "Minute_10_Fluctuation": 0.20865010860608063,
  "Hour": 0.000000000000186403377583719,
  "Hour_Fluctuation": 0.092083635980216447,
  "Day": 0.000000000000179418233903662,
  "Day_Fluctuation": 0.027775390052240216,
  "Week": 0.000000000000178993957080094,
  "Week_Fluctuation": 0.23319968491452167,
  "Updated": "2018-04-22T08:33:32.0937224Z"
}
