{
    "Live":  0.00000000000315415,
    "Minute":  0.00000000000315415,
    "Minute_Fluctuation":  0,
    "Minute_5":  0.00000000000315450174646932,
    "Minute_5_Fluctuation":  0.0095375184997136351,
    "Minute_10":  0.0000000000015408426102702,
    "Minute_10_Fluctuation":  154084261.02701998,
    "Hour":  0.0000000000002568071017117,
    "Hour_Fluctuation":  25680710.17117,
    "Day":  0.0000000000000107002959046542,
    "Day_Fluctuation":  1070029.5904654167,
    "Week":  0.0000000000000015286137006649,
    "Week_Fluctuation":  152861.3700664881,
    "Updated":  "\/Date(1530628745967)\/"
}
