{
  "Live": 0.0000000000001238775,
  "Minute": 0.000000000000130377752436147,
  "Minute_Fluctuation": 0.093702398047802185,
  "Minute_5": 0.000000000000141161590353436,
  "Minute_5_Fluctuation": 0.018740479609560438,
  "Minute_10": 0.000000000000142509570093097,
  "Minute_10_Fluctuation": 0.0093702398047802189,
  "Hour": 0.000000000000143632886542814,
  "Hour_Fluctuation": 0.057852457301856862,
  "Day": 0.000000000000146286534858428,
  "Day_Fluctuation": 0.051495947307065269,
  "Week": 0.00000000000014385621255127,
  "Week_Fluctuation": 0.234913010331337,
  "Updated": "2018-04-22T11:01:10.0916175Z"
}
