{
  "Live": 0.00000001435785,
  "Minute": 0.0000000134171453039619,
  "Minute_Fluctuation": 0.2215137427419456,
  "Minute_5": 0.0000000114706541795826,
  "Minute_5_Fluctuation": 0.044302748548389122,
  "Minute_10": 0.0000000112273427890352,
  "Minute_10_Fluctuation": 0.022151374274194561,
  "Hour": 0.0000000110245832969124,
  "Hour_Fluctuation": 0.011933151819857941,
  "Day": 0.0000000109719365190385,
  "Day_Fluctuation": 0.013774525660500879,
  "Week": 0.0000000109842727788356,
  "Week_Fluctuation": 0.22653403886615572,
  "Updated": "2018-04-22T11:01:13.1977895Z"
}
