{
  "Live": 0.00000000000148255,
  "Minute": 0.00000000000123334212332782,
  "Minute_Fluctuation": 0.15024605619686646,
  "Minute_5": 0.00000000000116026199228833,
  "Minute_5_Fluctuation": 0.035673717565222855,
  "Minute_10": 0.00000000000115389132782896,
  "Minute_10_Fluctuation": 0.023334381909926025,
  "Hour": 0.00000000000113858273164309,
  "Hour_Fluctuation": 0.0491514879935199,
  "Day": 0.00000000000113980432741684,
  "Day_Fluctuation": 0.029034049848185379,
  "Week": 0.00000000000114200102204471,
  "Week_Fluctuation": 0.21159021569422451,
  "Updated": "2018-04-23T03:20:03.2483492Z"
}
