{
  "Live": 0.00000000000034825,
  "Minute": 0.000000000000355236782388913,
  "Minute_Fluctuation": 0.049923051512679277,
  "Minute_5": 0.000000000000357378142979032,
  "Minute_5_Fluctuation": 0.012084597493121494,
  "Minute_10": 0.000000000000357135346642467,
  "Minute_10_Fluctuation": 0.010296567177726776,
  "Hour": 0.000000000000351721075296513,
  "Hour_Fluctuation": 0.056800013258518425,
  "Day": 0.000000000000354230754763919,
  "Day_Fluctuation": 0.017753891282736557,
  "Week": 0.000000000000357913217580854,
  "Week_Fluctuation": 0.20639931389372376,
  "Updated": "2018-04-23T03:20:03.9089037Z"
}
