{
  "Live": 0.0000000000001592,
  "Minute": 0.000000000000151303733730949,
  "Minute_Fluctuation": 0.0241707850754853,
  "Minute_5": 0.00000000000014964422978693,
  "Minute_5_Fluctuation": 0.0052909034681278755,
  "Minute_10": 0.000000000000149542720711653,
  "Minute_10_Fluctuation": 0.0036651746155269014,
  "Hour": 0.00000000000014927626999889,
  "Hour_Fluctuation": 0.0051220645830534995,
  "Day": 0.000000000000149202718209434,
  "Day_Fluctuation": 0.15006196860355686,
  "Week": 0.000000000000149229559592585,
  "Week_Fluctuation": 0.43028130737697307,
  "Updated": "2018-04-27T02:43:35.8216088Z"
}
