{
    "Live":  0.00000000005576975,
    "Minute":  0.00000000005576975,
    "Minute_Fluctuation":  0.13392676512239543,
    "Minute_5":  0.0000000000556195658871544,
    "Minute_5_Fluctuation":  0.13121110573161571,
    "Minute_10":  0.000000000027249088026813,
    "Minute_10_Fluctuation":  2724908802.6813,
    "Hour":  0.0000000000045415146711355,
    "Hour_Fluctuation":  454151467.11355007,
    "Day":  0.000000000000189229777963979,
    "Day_Fluctuation":  18922977.796397921,
    "Week":  0.0000000000000270328254234256,
    "Week_Fluctuation":  2703282.54234256,
    "Updated":  "\/Date(1530628747143)\/"
}
