{
  "Live": 0.0000000114624,
  "Minute": 0.0000000111036358941847,
  "Minute_Fluctuation": 0.015265663297916501,
  "Minute_5": 0.0000000109892837687965,
  "Minute_5_Fluctuation": 0.0031961705130120477,
  "Minute_10": 0.0000000109748164410509,
  "Minute_10_Fluctuation": 0.0022206227269994587,
  "Hour": 0.0000000107263388394172,
  "Hour_Fluctuation": 0.083875153196053584,
  "Day": 0.0000000108282724901748,
  "Day_Fluctuation": 0.020925044532852335,
  "Week": 0.0000000109607099180206,
  "Week_Fluctuation": 0.20724796377233945,
  "Updated": "2018-04-23T03:20:04.5022317Z"
}
