{
  "Live": 0.00000000908435,
  "Minute": 0.00000000908435,
  "Minute_Fluctuation": 0.062998871399129783,
  "Minute_5": 0.00000000908435,
  "Minute_5_Fluctuation": 0.15305491417315328,
  "Minute_10": 0.00000000908435,
  "Minute_10_Fluctuation": 0.16229767791472402,
  "Hour": 0.0000000105872008644791,
  "Hour_Fluctuation": 0.0375128774445712,
  "Day": 0.0000000109595210415298,
  "Day_Fluctuation": 0.0091312878224524916,
  "Week": 0.0000000109816057851547,
  "Week_Fluctuation": 0.20940462601080767,
  "Updated": "2018-04-23T00:04:00.6154984Z"
}
