{
  "Live": 0.0000000000028656,
  "Minute": 0.00000000000276436709606652,
  "Minute_Fluctuation": 0.13537659315428782,
  "Minute_5": 0.00000000000274199210051249,
  "Minute_5_Fluctuation": 0.029133665815527364,
  "Minute_10": 0.00000000000271531998953091,
  "Minute_10_Fluctuation": 0.029565646298179381,
  "Hour": 0.00000000000272192178740465,
  "Hour_Fluctuation": 0.021560963266317984,
  "Day": 0.00000000000273680586074601,
  "Day_Fluctuation": 0.15246922608243818,
  "Week": 0.00000000000273640112630101,
  "Week_Fluctuation": 0.43073118120357851,
  "Updated": "2018-04-27T02:43:36.4776048Z"
}
