{
  "Live": 0.00000000002158155,
  "Minute": 0.00000000002158155,
  "Minute_Fluctuation": 0.06742125984251976,
  "Minute_5": 0.00000000002158155,
  "Minute_5_Fluctuation": 0.06742125984251976,
  "Minute_10": 0.00000000002158155,
  "Minute_10_Fluctuation": 0.06742125984251976,
  "Hour": 0.000000000020344547327203,
  "Hour_Fluctuation": 0.034772100695757896,
  "Day": 0.0000000000199384470634941,
  "Day_Fluctuation": 0.036452521697042287,
  "Week": 0.0000000000197541397290532,
  "Week_Fluctuation": 0.2196666523524618,
  "Updated": "2018-04-23T00:14:49.3056577Z"
}
