{
  "Live": 0.00000000000003029775,
  "Minute": 0.0000000000000313616791231133,
  "Minute_Fluctuation": 0.019448024071181794,
  "Minute_5": 0.000000000000031639495194818,
  "Minute_5_Fluctuation": 0.0043519556293796311,
  "Minute_10": 0.0000000000000316746286725006,
  "Minute_10_Fluctuation": 0.0024025563832982127,
  "Hour": 0.0000000000000310717773428688,
  "Hour_Fluctuation": 0.093662677644171161,
  "Day": 0.0000000000000309154651750369,
  "Day_Fluctuation": 0.048650501882918681,
  "Week": 0.0000000000000317089147613464,
  "Week_Fluctuation": 0.21401186008581435,
  "Updated": "2018-04-23T03:20:01.5437044Z"
}
