{
    "Live":  0.0000000000135917,
    "Minute":  0.0000000000135917,
    "Minute_Fluctuation":  0,
    "Minute_5":  0.0000000000135917,
    "Minute_5_Fluctuation":  0.00044234777851334569,
    "Minute_10":  0.00000000000664228356139293,
    "Minute_10_Fluctuation":  664228356.13929343,
    "Hour":  0.00000000000110704726023216,
    "Hour_Fluctuation":  110704726.02321558,
    "Day":  0.0000000000000461269691763398,
    "Day_Fluctuation":  4612696.9176339824,
    "Week":  0.0000000000000065895670251914,
    "Week_Fluctuation":  658956.70251914021,
    "Updated":  "\/Date(1530628748811)\/"
}
