{
  "Live": 0.0000000000001791,
  "Minute": 0.000000000000179295460545708,
  "Minute_Fluctuation": 0.0096496339422288847,
  "Minute_5": 0.000000000000179349797969197,
  "Minute_5_Fluctuation": 0.0024683598731266841,
  "Minute_10": 0.000000000000179344670921235,
  "Minute_10_Fluctuation": 0.0022774271006795479,
  "Hour": 0.000000000000181953804846236,
  "Hour_Fluctuation": 0.07170147333289989,
  "Day": 0.00000000000018152521724423,
  "Day_Fluctuation": 0.030157819992251114,
  "Week": 0.000000000000179363375586797,
  "Week_Fluctuation": 0.21080187436622141,
  "Updated": "2018-04-23T03:20:02.4657392Z"
}
