{
    "Live":  0.0000000000078008,
    "Minute":  0.0000000000078008,
    "Minute_Fluctuation":  0,
    "Minute_5":  0.00000000000783686454688142,
    "Minute_5_Fluctuation":  0.18522108244158783,
    "Minute_10":  0.00000000000381124820356373,
    "Minute_10_Fluctuation":  381124820.35637337,
    "Hour":  0.000000000000635208033927289,
    "Hour_Fluctuation":  63520803.392728887,
    "Day":  0.000000000000026467001413637,
    "Day_Fluctuation":  2646700.1413637036,
    "Week":  0.0000000000000037810002019481,
    "Week_Fluctuation":  378100.02019481477,
    "Updated":  "\/Date(1530628746860)\/"
}
