{
  "Live": 0.0000000116911660637492,
  "Minute": 0.0000000115486702645402,
  "Minute_Fluctuation": 0.042997779481485858,
  "Minute_5": 0.0000000115542076242995,
  "Minute_5_Fluctuation": 0.016043152705086342,
  "Minute_10": 0.0000000116106277541013,
  "Minute_10_Fluctuation": 0.00874340032254662,
  "Hour": 0.0000000116759174543658,
  "Hour_Fluctuation": 0.0017969916420654717,
  "Day": 0.0000000116906042895351,
  "Day_Fluctuation": 6.1433834856913344E-05,
  "Week": 0.0000000116911660637492,
  "Week_Fluctuation": 0.38295525618409521,
  "Updated": "2018-04-24T23:41:53.3084587Z"
}
