{
  "Live": 0.0000000000122584,
  "Minute": 0.0000000000122584,
  "Minute_Fluctuation": 0.28985222459751586,
  "Minute_5": 0.0000000000122584,
  "Minute_5_Fluctuation": 0.476116697777873,
  "Minute_10": 0.0000000000122584,
  "Minute_10_Fluctuation": 0.50092931095279125,
  "Hour": 0.00000000000885839988375436,
  "Hour_Fluctuation": 0.11174747532258343,
  "Day": 0.00000000000831663229802121,
  "Day_Fluctuation": 0.08467181690687256,
  "Week": 0.00000000000800932962902615,
  "Week_Fluctuation": 0.2320363768550901,
  "Updated": "2018-04-23T00:04:00.0946789Z"
}
