{
  "Live": 0.0000000000001406532,
  "Minute": 0.0000000000001406532,
  "Minute_Fluctuation": 0.26587266051759639,
  "Minute_5": 0.0000000000001406532,
  "Minute_5_Fluctuation": 0.26587266051759639,
  "Minute_10": 0.0000000000001406532,
  "Minute_10_Fluctuation": 0.26587266051759639,
  "Hour": 0.000000000000139380387057846,
  "Hour_Fluctuation": 0.054866704407222223,
  "Day": 0.000000000000144823934620899,
  "Day_Fluctuation": 0.0363997682672196,
  "Week": 0.000000000000143821195833963,
  "Week_Fluctuation": 0.21713357528089786,
  "Updated": "2018-04-23T00:14:50.0621205Z"
}
