{
  "Live": 0.0000000002041342,
  "Minute": 0.000000000172844383081421,
  "Minute_Fluctuation": 0.082360198650996891,
  "Minute_5": 0.000000000166200162307503,
  "Minute_5_Fluctuation": 0.018080843001771006,
  "Minute_10": 0.000000000165703806851914,
  "Minute_10_Fluctuation": 0.011425594499842404,
  "Hour": 0.000000000165375320423202,
  "Hour_Fluctuation": 0.014169812209874368,
  "Day": 0.000000000164564843401154,
  "Day_Fluctuation": 0.15108332719953632,
  "Week": 0.000000000164539931050131,
  "Week_Fluctuation": 0.43042106122501411,
  "Updated": "2018-04-27T02:43:35.956971Z"
}
