{
    "Live":  0.00000000000717395,
    "Minute":  0.00000000000717395,
    "Minute_Fluctuation":  0,
    "Minute_5":  0.00000000000717395,
    "Minute_5_Fluctuation":  0.0004460451863756063,
    "Minute_10":  0.0000000000035058361046226,
    "Minute_10_Fluctuation":  350583610.46226,
    "Hour":  0.0000000000005843060174371,
    "Hour_Fluctuation":  58430601.743710004,
    "Day":  0.0000000000000243460840598792,
    "Day_Fluctuation":  2434608.4059879165,
    "Week":  0.0000000000000034780120085542,
    "Week_Fluctuation":  347801.2008554166,
    "Updated":  "\/Date(1530628748429)\/"
}
