{
  "Live": 0.00000000000878585,
  "Minute": 0.00000000000954860197080151,
  "Minute_Fluctuation": 0.10222478494420008,
  "Minute_5": 0.0000000000099624436721579,
  "Minute_5_Fluctuation": 0.0886918625839403,
  "Minute_10": 0.0000000000103226476438327,
  "Minute_10_Fluctuation": 0.11401781373586505,
  "Hour": 0.0000000000103172398507665,
  "Hour_Fluctuation": 0.070713655504295758,
  "Day": 0.0000000000101081581831794,
  "Day_Fluctuation": 0.033079073513541828,
  "Week": 0.0000000000100658527778416,
  "Week_Fluctuation": 0.23390477339988505,
  "Updated": "2018-04-22T08:33:30.8704303Z"
}
