{
  "Live": 0.00000000000588977168568519,
  "Minute": 0.00000000000559567564140699,
  "Minute_Fluctuation": 0.20036267355430154,
  "Minute_5": 0.00000000000559935536505586,
  "Minute_5_Fluctuation": 0.067318630251477052,
  "Minute_10": 0.00000000000571880410370815,
  "Minute_10_Fluctuation": 0.035889064223877963,
  "Hour": 0.00000000000585737738996213,
  "Hour_Fluctuation": 0.011059292261094287,
  "Day": 0.00000000000588857809318205,
  "Day_Fluctuation": 0.0006299071734602663,
  "Week": 0.00000000000588977168568519,
  "Week_Fluctuation": 0.38303584969807736,
  "Updated": "2018-04-24T23:41:53.1606805Z"
}
