{
  "Live": 0.0000000112435,
  "Minute": 0.0000000111033733424848,
  "Minute_Fluctuation": 0.011393175863037792,
  "Minute_5": 0.0000000110078903147646,
  "Minute_5_Fluctuation": 0.0030594036059343995,
  "Minute_10": 0.0000000109995257242254,
  "Minute_10_Fluctuation": 0.022475104837185903,
  "Hour": 0.0000000108668840453344,
  "Hour_Fluctuation": 0.040483362456440943,
  "Day": 0.0000000109686878531855,
  "Day_Fluctuation": 0.015004186365729696,
  "Week": 0.0000000109840313984878,
  "Week_Fluctuation": 0.22987473676905126,
  "Updated": "2018-04-22T08:33:34.6066646Z"
}
