{
  "Live": 0.00000000002627795,
  "Minute": 0.0000000000277055094969197,
  "Minute_Fluctuation": 0.056494055272292426,
  "Minute_5": 0.0000000000280737340861489,
  "Minute_5_Fluctuation": 0.012954672222368955,
  "Minute_10": 0.0000000000281197621598025,
  "Minute_10_Fluctuation": 0.0065738443034883409,
  "Hour": 0.0000000000281581188878473,
  "Hour_Fluctuation": 0.0017021888335231334,
  "Day": 0.0000000000281571178065472,
  "Day_Fluctuation": 0.23395166173657461,
  "Week": 0.0000000000281657445706847,
  "Week_Fluctuation": 0.45565961263002003,
  "Updated": "2018-04-26T17:09:45.2800698Z"
}
