{
  "Live": 0.000000000000577094237718643,
  "Minute": 0.000000000000576220515813633,
  "Minute_Fluctuation": 0.00573936178984682,
  "Minute_5": 0.00000000000057618322339382,
  "Minute_5_Fluctuation": 0.0071305761344254,
  "Minute_10": 0.000000000000576556825875074,
  "Minute_10_Fluctuation": 0.00486558444824791,
  "Hour": 0.000000000000576992270729765,
  "Hour_Fluctuation": 0.0012263417588492158,
  "Day": 0.000000000000577090479791287,
  "Day_Fluctuation": 5.6295926663338534E-05,
  "Week": 0.000000000000577094237718643,
  "Week_Fluctuation": 0.38294847945805571,
  "Updated": "2018-04-24T23:41:52.8805702Z"
}
