{
    "Live":  0.00000000000213925,
    "Minute":  0.00000000000213925,
    "Minute_Fluctuation":  0,
    "Minute_5":  0.00000000000213924554045331,
    "Minute_5_Fluctuation":  0.00059425373385413641,
    "Minute_10":  0.00000000000104540110564567,
    "Minute_10_Fluctuation":  104540110.56456669,
    "Hour":  0.000000000000174233517607611,
    "Hour_Fluctuation":  17423351.760761116,
    "Day":  0.0000000000000072597299003171,
    "Day_Fluctuation":  725972.990031713,
    "Week":  0.0000000000000010371042714739,
    "Week_Fluctuation":  103710.42714738759,
    "Updated":  "\/Date(1530628748218)\/"
}
