{
  "Live": 0.00000000000002568095,
  "Minute": 0.00000000000002568095,
  "Minute_Fluctuation": 0.07337500548601128,
  "Minute_5": 0.00000000000002568095,
  "Minute_5_Fluctuation": 0.079009322997305,
  "Minute_10": 0.0000000000000264190487385353,
  "Minute_10_Fluctuation": 0.11644304921396792,
  "Hour": 0.000000000000029406552534277,
  "Hour_Fluctuation": 0.20334523441149574,
  "Day": 0.0000000000000280693184526839,
  "Day_Fluctuation": 0.47672672051880655,
  "Week": 0.0000000000000279249274937038,
  "Week_Fluctuation": 0.49659020730132747,
  "Updated": "2018-04-28T01:28:13.6459131Z"
}
