{
  "Live": 0.00000000000230838432784712,
  "Minute": 0.00000000000233472604198493,
  "Minute_Fluctuation": 0.039306876785551448,
  "Minute_5": 0.00000000000233429152159991,
  "Minute_5_Fluctuation": 0.031351226340773378,
  "Minute_10": 0.00000000000232363330337147,
  "Minute_10_Fluctuation": 0.020131806514730968,
  "Hour": 0.00000000000231127331632748,
  "Hour_Fluctuation": 0.0018234030747447884,
  "Day": 0.00000000000230849077274163,
  "Day_Fluctuation": 0.00011096284430396127,
  "Week": 0.00000000000230838432784712,
  "Week_Fluctuation": 0.38298834579163543,
  "Updated": "2018-04-24T23:41:53.1792545Z"
}
