{
  "Live": 0.000000000000199,
  "Minute": 0.000000000000160668149220726,
  "Minute_Fluctuation": 0.10844527952662483,
  "Minute_5": 0.000000000000151514947732764,
  "Minute_5_Fluctuation": 0.022951904585547248,
  "Minute_10": 0.000000000000150370797546769,
  "Minute_10_Fluctuation": 0.011550278210925049,
  "Hour": 0.00000000000014941733905844,
  "Hour_Fluctuation": 0.001852085038957221,
  "Day": 0.000000000000149170090539185,
  "Day_Fluctuation": 0.23474051040502528,
  "Week": 0.000000000000149227782430403,
  "Week_Fluctuation": 0.45578224311946308,
  "Updated": "2018-04-26T17:09:44.0255808Z"
}
