{
  "Live": 0.0000000000011899404,
  "Minute": 0.00000000000126533616331206,
  "Minute_Fluctuation": 0.097107447592718735,
  "Minute_5": 0.00000000000131175781943808,
  "Minute_5_Fluctuation": 0.094820976054632619,
  "Minute_10": 0.00000000000136305788720734,
  "Minute_10_Fluctuation": 0.0998064113068385,
  "Hour": 0.00000000000132784489316843,
  "Hour_Fluctuation": 0.065092766976999228,
  "Day": 0.00000000000132712755078843,
  "Day_Fluctuation": 0.02761204252671887,
  "Week": 0.00000000000132335747681579,
  "Week_Fluctuation": 0.23185628378915302,
  "Updated": "2018-04-22T08:33:32.9269449Z"
}
