{
  "Live": 0.0000000000542673,
  "Minute": 0.0000000000542673,
  "Minute_Fluctuation": 0.038005026163226721,
  "Minute_5": 0.0000000000542673,
  "Minute_5_Fluctuation": 0.11958384755074244,
  "Minute_10": 0.0000000000542673,
  "Minute_10_Fluctuation": 0.13068371323266748,
  "Hour": 0.0000000000487307216291553,
  "Hour_Fluctuation": 0.029529172149139079,
  "Day": 0.000000000047820027784525,
  "Day_Fluctuation": 0.021538481195159824,
  "Week": 0.0000000000475262074570552,
  "Week_Fluctuation": 0.2122719195294277,
  "Updated": "2018-04-23T00:04:00.4428357Z"
}
