{
  "Live": 0.0000000000651725,
  "Minute": 0.0000000000693911291013515,
  "Minute_Fluctuation": 0.0297230684869184,
  "Minute_5": 0.0000000000702614878204201,
  "Minute_5_Fluctuation": 0.0064839110259420855,
  "Minute_10": 0.0000000000703095617459147,
  "Minute_10_Fluctuation": 0.0041472874484978226,
  "Hour": 0.0000000000708317316618114,
  "Hour_Fluctuation": 0.014773876164829589,
  "Day": 0.000000000070557079491905,
  "Day_Fluctuation": 0.15001429716659512,
  "Week": 0.0000000000704789695687984,
  "Week_Fluctuation": 0.43023436196123294,
  "Updated": "2018-04-27T02:43:35.5856161Z"
}
