{
  "Live": 0.0000000000049949,
  "Minute": 0.0000000000049949,
  "Minute_Fluctuation": 0.14321620004892618,
  "Minute_5": 0.0000000000049949,
  "Minute_5_Fluctuation": 0.16570106822439742,
  "Minute_10": 0.00000000000533093221704859,
  "Minute_10_Fluctuation": 0.39309655008067712,
  "Hour": 0.00000000000565847391614426,
  "Hour_Fluctuation": 0.34594632566754924,
  "Day": 0.00000000000600130036038589,
  "Day_Fluctuation": 0.48790339646158426,
  "Week": 0.00000000000602551939303644,
  "Week_Fluctuation": 0.49821640118611593,
  "Updated": "2018-04-28T01:28:13.316189Z"
}
