{
  "Live": 0.00000000005240665,
  "Minute": 0.0000000000517366855875076,
  "Minute_Fluctuation": 0.0056752996255543635,
  "Minute_5": 0.000000000051583870100215,
  "Minute_5_Fluctuation": 0.001225694431134638,
  "Minute_10": 0.000000000051558080008194,
  "Minute_10_Fluctuation": 0.0052306616461598957,
  "Hour": 0.0000000000514918702589892,
  "Hour_Fluctuation": 0.01982415810279943,
  "Day": 0.000000000051558601676629,
  "Day_Fluctuation": 0.1523218058782585,
  "Week": 0.0000000000515456851787252,
  "Week_Fluctuation": 0.4306355668665785,
  "Updated": "2018-04-27T02:43:36.9022768Z"
}
