{
  "Live": 0.0000000000182682,
  "Minute": 0.0000000000179596080684064,
  "Minute_Fluctuation": 0.011009023052646972,
  "Minute_5": 0.0000000000178641768124662,
  "Minute_5_Fluctuation": 0.002474153497747056,
  "Minute_10": 0.0000000000178549167124575,
  "Minute_10_Fluctuation": 0.0016741467554324055,
  "Hour": 0.0000000000178786431416856,
  "Hour_Fluctuation": 0.006423232926824736,
  "Day": 0.0000000000179131511510742,
  "Day_Fluctuation": 0.0089001142948561315,
  "Week": 0.0000000000178403308327143,
  "Week_Fluctuation": 0.20475001228177772,
  "Updated": "2018-04-23T03:20:04.0425989Z"
}
