{
    "Live":  0.00000000004625755,
    "Minute":  0.00000000004625755,
    "Minute_Fluctuation":  0,
    "Minute_5":  0.00000000004625755,
    "Minute_5_Fluctuation":  0.00042977357911413235,
    "Minute_10":  0.0000000000226057464947327,
    "Minute_10_Fluctuation":  2260574649.4732733,
    "Hour":  0.00000000000376762441578879,
    "Hour_Fluctuation":  376762441.57887888,
    "Day":  0.000000000000156984350657866,
    "Day_Fluctuation":  15698435.065786619,
    "Week":  0.0000000000000224263358082666,
    "Week_Fluctuation":  2242633.58082666,
    "Updated":  "\/Date(1530628748743)\/"
}
