{
  "Live": 0.00000000022362625,
  "Minute": 0.00000000022362625,
  "Minute_Fluctuation": 0.35375842759178883,
  "Minute_5": 0.00000000022362625,
  "Minute_5_Fluctuation": 0.42923355137500591,
  "Minute_10": 0.00000000022362625,
  "Minute_10_Fluctuation": 0.439428365899424,
  "Hour": 0.000000000166591643003127,
  "Hour_Fluctuation": 0.0855304833403802,
  "Day": 0.000000000155057897781894,
  "Day_Fluctuation": 0.020579820471620127,
  "Week": 0.000000000154359273526001,
  "Week_Fluctuation": 0.21385831358123672,
  "Updated": "2018-04-23T00:03:57.6627691Z"
}
