{
    "Live":  0.00000000001666625,
    "Minute":  0.00000000001666625,
    "Minute_Fluctuation":  0.0339506172839506,
    "Minute_5":  0.0000000000166500999578094,
    "Minute_5_Fluctuation":  0.071670776903062644,
    "Minute_10":  0.00000000000814565393133833,
    "Minute_10_Fluctuation":  814565393.13383341,
    "Hour":  0.00000000000135760898855639,
    "Hour_Fluctuation":  135760898.85563889,
    "Day":  0.0000000000000565670411898495,
    "Day_Fluctuation":  5656704.1189849535,
    "Week":  0.0000000000000080810058842642,
    "Week_Fluctuation":  808100.588426422,
    "Updated":  "\/Date(1530628749933)\/"
}
