{
    "Live":  0.0000000000000050347,
    "Minute":  0.0000000000000050347,
    "Minute_Fluctuation":  1.5668478861124034E-16,
    "Minute_5":  0.0000000000000050352236433161,
    "Minute_5_Fluctuation":  273.17598973122278,
    "Minute_10":  0.0000000000000024606498194769,
    "Minute_10_Fluctuation":  246064.98194769342,
    "Hour":  0.0000000000000004101083032462,
    "Hour_Fluctuation":  41010.830324615563,
    "Day":  0.0000000000000000170878459686,
    "Day_Fluctuation":  1708.7845968589818,
    "Week":  0.0000000000000000024411208527,
    "Week_Fluctuation":  244.11208526556882,
    "Updated":  "\/Date(1530628749160)\/"
}
