{
  "Live": 0.00000000007777915,
  "Minute": 0.0000000000673342752708518,
  "Minute_Fluctuation": 0.07105619854994559,
  "Minute_5": 0.0000000000644488469601913,
  "Minute_5_Fluctuation": 0.01506697854201465,
  "Minute_10": 0.0000000000641143618424334,
  "Minute_10_Fluctuation": 0.0081367351651087626,
  "Hour": 0.00000000006501277615311,
  "Hour_Fluctuation": 0.067274208514363942,
  "Day": 0.0000000000648922132337092,
  "Day_Fluctuation": 0.032925539961622875,
  "Week": 0.0000000000637278476985368,
  "Week_Fluctuation": 0.20975807951379336,
  "Updated": "2018-04-23T03:20:02.3696802Z"
}
