{
    "Live":  0.000000000048556,
    "Minute":  0.000000000048556,
    "Minute_Fluctuation":  0.034237086879081585,
    "Minute_5":  0.0000000000485954157161138,
    "Minute_5_Fluctuation":  2268257.6344394819,
    "Minute_10":  0.000000000023730763586128,
    "Minute_10_Fluctuation":  2373076358.6128006,
    "Hour":  0.00000000000395512726435467,
    "Hour_Fluctuation":  395512726.43546671,
    "Day":  0.000000000000164796969348111,
    "Day_Fluctuation":  16479696.934811113,
    "Week":  0.0000000000000235424241925873,
    "Week_Fluctuation":  2354242.4192587305,
    "Updated":  "\/Date(1530628749124)\/"
}
