{
  "Live": 0.00000000000276211005,
  "Minute": 0.00000000000167054466504441,
  "Minute_Fluctuation": 0.395594180795295,
  "Minute_5": 0.00000000000139308212384512,
  "Minute_5_Fluctuation": 0.093298817161090009,
  "Minute_10": 0.00000000000135934793946361,
  "Minute_10_Fluctuation": 0.059045819023276741,
  "Hour": 0.0000000000013416293855336,
  "Hour_Fluctuation": 0.021846513050411454,
  "Day": 0.00000000000132735917342385,
  "Day_Fluctuation": 0.018306127147479742,
  "Week": 0.00000000000132375089610249,
  "Week_Fluctuation": 0.2060124694312597,
  "Updated": "2018-04-23T04:56:44.7028927Z"
}
