{
    "Live":  0.00000000000018931865,
    "Minute":  0.00000000000018931865,
    "Minute_Fluctuation":  0.12565816718925638,
    "Minute_5":  0.000000000000188802673991587,
    "Minute_5_Fluctuation":  0.1477388797027874,
    "Minute_10":  0.0000000000000924896300292295,
    "Minute_10_Fluctuation":  9248963.0029229522,
    "Hour":  0.0000000000000154149383382049,
    "Hour_Fluctuation":  1541493.8338204923,
    "Day":  0.0000000000000006422890974252,
    "Day_Fluctuation":  64228.909742520511,
    "Week":  0.0000000000000000917555853465,
    "Week_Fluctuation":  9175.5585346457865,
    "Updated":  "\/Date(1530628746357)\/"
}
