{
  "Live": 0.0000000000000264874819917653,
  "Minute": 0.0000000000000269974042678628,
  "Minute_Fluctuation": 0.064337787793823847,
  "Minute_5": 0.0000000000000269871562739122,
  "Minute_5_Fluctuation": 0.024377847310716773,
  "Minute_10": 0.0000000000000267815476291979,
  "Minute_10_Fluctuation": 0.013156254846496259,
  "Hour": 0.0000000000000265431885943043,
  "Hour_Fluctuation": 0.0029929105492207293,
  "Day": 0.0000000000000264895344692846,
  "Day_Fluctuation": 0.00014118022663860586,
  "Week": 0.0000000000000264874819917653,
  "Week_Fluctuation": 0.3829607587167857,
  "Updated": "2018-04-24T23:41:53.1969079Z"
}
