{
    "Live":  0.00000000002892465,
    "Minute":  0.00000000002892465,
    "Minute_Fluctuation":  0.041935483870967523,
    "Minute_5":  0.0000000000288971256077208,
    "Minute_5_Fluctuation":  0.043891439743453324,
    "Minute_10":  0.0000000000141293190140742,
    "Minute_10_Fluctuation":  1412931901.40742,
    "Hour":  0.0000000000023548865023457,
    "Hour_Fluctuation":  235488650.23456994,
    "Day":  0.0000000000000981202709310708,
    "Day_Fluctuation":  9812027.0931070819,
    "Week":  0.0000000000000140171815615815,
    "Week_Fluctuation":  1401718.1561581546,
    "Updated":  "\/Date(1530628745827)\/"
}
