{
    "Live":  0.0000000000033631,
    "Minute":  0.0000000000033631,
    "Minute_Fluctuation":  0,
    "Minute_5":  0.0000000000033631,
    "Minute_5_Fluctuation":  0.00045399638622544694,
    "Minute_10":  0.0000000000016433612865228,
    "Minute_10_Fluctuation":  164336128.65228,
    "Hour":  0.0000000000002738935477538,
    "Hour_Fluctuation":  27389354.775379997,
    "Day":  0.0000000000000114122311564083,
    "Day_Fluctuation":  1141223.1156408333,
    "Week":  0.0000000000000016303187366298,
    "Week_Fluctuation":  163031.87366297617,
    "Updated":  "\/Date(1530628747560)\/"
}
