{
    "Live":  0.0000000000054327,
    "Minute":  0.0000000000054327,
    "Minute_Fluctuation":  0.39999999999999997,
    "Minute_5":  0.00000000000539728370699828,
    "Minute_5_Fluctuation":  0.39575114119915711,
    "Minute_10":  0.0000000000026546333762676,
    "Minute_10_Fluctuation":  265463337.62676004,
    "Hour":  0.0000000000004424388960446,
    "Hour_Fluctuation":  44243889.60446,
    "Day":  0.0000000000000184349540018583,
    "Day_Fluctuation":  1843495.4001858332,
    "Week":  0.0000000000000026335648574083,
    "Week_Fluctuation":  263356.48574083333,
    "Updated":  "\/Date(1530628747526)\/"
}
