{
    "Live":  0.0000000000438397,
    "Minute":  0.0000000000438397,
    "Minute_Fluctuation":  0.099161725618482924,
    "Minute_5":  0.0000000000439616389263402,
    "Minute_5_Fluctuation":  0.11788227312613041,
    "Minute_10":  0.0000000000214255480884836,
    "Minute_10_Fluctuation":  2142554808.84836,
    "Hour":  0.00000000000357092468141393,
    "Hour_Fluctuation":  357092468.1413933,
    "Day":  0.000000000000148788528392247,
    "Day_Fluctuation":  14878852.839224722,
    "Week":  0.0000000000000212555040560353,
    "Week_Fluctuation":  2125550.4056035317,
    "Updated":  "\/Date(1530628749090)\/"
}
