{
  "Live": 0.00000000001234795,
  "Minute": 0.00000000000924265442878039,
  "Minute_Fluctuation": 0.23648261436790749,
  "Minute_5": 0.00000000000827540669747002,
  "Minute_5_Fluctuation": 0.055026357080679648,
  "Minute_10": 0.00000000000818156396189473,
  "Minute_10_Fluctuation": 0.037299739976525012,
  "Hour": 0.00000000000839694506498711,
  "Hour_Fluctuation": 0.11628969715241431,
  "Day": 0.00000000000843417089225773,
  "Day_Fluctuation": 0.095122993237449716,
  "Week": 0.00000000000803371471103768,
  "Week_Fluctuation": 0.23056136295707502,
  "Updated": "2018-04-23T03:20:04.1489578Z"
}
