{
    "Live":  0.0000000000014328,
    "Minute":  0.0000000000014328,
    "Minute_Fluctuation":  0.0069930069930071162,
    "Minute_5":  0.00000000000143239942546611,
    "Minute_5_Fluctuation":  0.021598184418514577,
    "Minute_10":  0.0000000000007002663682464,
    "Minute_10_Fluctuation":  70026636.824640021,
    "Hour":  0.0000000000001167110613744,
    "Hour_Fluctuation":  11671106.137440003,
    "Day":  0.0000000000000048629608906,
    "Day_Fluctuation":  486296.08906000009,
    "Week":  0.0000000000000006947086986571,
    "Week_Fluctuation":  69470.8698657143,
    "Updated":  "\/Date(1530628749863)\/"
}
