{
  "Live": 0.0000000000000309246,
  "Minute": 0.0000000000000312202544929688,
  "Minute_Fluctuation": 0.018158983385560188,
  "Minute_5": 0.0000000000000316821851502034,
  "Minute_5_Fluctuation": 0.0036317966771120379,
  "Minute_10": 0.0000000000000317399264823578,
  "Minute_10_Fluctuation": 0.001815898338556019,
  "Hour": 0.000000000000031788044259153,
  "Hour_Fluctuation": 0.11091354555621745,
  "Day": 0.0000000000000310668262098852,
  "Day_Fluctuation": 0.044929465921769558,
  "Week": 0.0000000000000317976105314445,
  "Week_Fluctuation": 0.233244475901952,
  "Updated": "2018-04-22T11:01:09.2047425Z"
}
