{
  "Live": 0.00000000002906395,
  "Minute": 0.0000000000213097557187543,
  "Minute_Fluctuation": 0.16615255995388345,
  "Minute_5": 0.0000000000193363268340197,
  "Minute_5_Fluctuation": 0.035361831832219637,
  "Minute_10": 0.0000000000190896482234279,
  "Minute_10_Fluctuation": 0.017817771374814995,
  "Hour": 0.0000000000188840827146014,
  "Hour_Fluctuation": 0.0037575856852932604,
  "Day": 0.0000000000188368917838778,
  "Day_Fluctuation": 0.2343429711899295,
  "Week": 0.0000000000188432143336799,
  "Week_Fluctuation": 0.455717496881061,
  "Updated": "2018-04-26T17:09:45.0465411Z"
}
