{
    "Live":  0.0000000000532524,
    "Minute":  0.0000000000532524,
    "Minute_Fluctuation":  0.14997851310700475,
    "Minute_5":  0.0000000000530903539503869,
    "Minute_5_Fluctuation":  0.15747270936983912,
    "Minute_10":  0.0000000000260215077084912,
    "Minute_10_Fluctuation":  2602150770.84912,
    "Hour":  0.0000000000043369179514152,
    "Hour_Fluctuation":  433691795.14151996,
    "Day":  0.0000000000001807049146423,
    "Day_Fluctuation":  18070491.464229997,
    "Week":  0.0000000000000258149878060429,
    "Week_Fluctuation":  2581498.7806042857,
    "Updated":  "\/Date(1530628748012)\/"
}
