{
    "Live":  0.00000000006528195,
    "Minute":  0.00000000006528195,
    "Minute_Fluctuation":  1.9798270534414273E-16,
    "Minute_5":  0.00000000006528195,
    "Minute_5_Fluctuation":  2.6953709860623435E-05,
    "Minute_10":  0.0000000000319051247804766,
    "Minute_10_Fluctuation":  3190512478.0476608,
    "Hour":  0.0000000000053175207967461,
    "Hour_Fluctuation":  531752079.67461008,
    "Day":  0.000000000000221563366531088,
    "Day_Fluctuation":  22156336.65310875,
    "Week":  0.0000000000000316519095044411,
    "Week_Fluctuation":  3165190.9504441074,
    "Updated":  "\/Date(1530628748951)\/"
}
