{
  "Live": 0.00000000000026865,
  "Minute": 0.00000000000026865,
  "Minute_Fluctuation": 0.22982040381873309,
  "Minute_5": 0.00000000000026865,
  "Minute_5_Fluctuation": 0.23005183861219428,
  "Minute_10": 0.000000000000295342176061976,
  "Minute_10_Fluctuation": 0.18532389409542893,
  "Hour": 0.000000000000387387002917825,
  "Hour_Fluctuation": 0.30086034151297181,
  "Day": 0.000000000000352602823652517,
  "Day_Fluctuation": 0.48409822598407554,
  "Week": 0.000000000000348892619402131,
  "Week_Fluctuation": 0.49766461515002541,
  "Updated": "2018-04-28T01:28:12.97802Z"
}
