{
  "Live": 0.0000000000001744633,
  "Minute": 0.0000000000001744633,
  "Minute_Fluctuation": 0.00045604834112405497,
  "Minute_5": 0.0000000000001744633,
  "Minute_5_Fluctuation": 0.00045604834112405497,
  "Minute_10": 0.0000000000001744633,
  "Minute_10_Fluctuation": 0.00045604834112405497,
  "Hour": 0.000000000000172473910460587,
  "Hour_Fluctuation": 0.0057370326560949782,
  "Day": 0.000000000000171881962377768,
  "Day_Fluctuation": 0.0057980286452742726,
  "Week": 0.000000000000171461991187543,
  "Week_Fluctuation": 0.20717878707049436,
  "Updated": "2018-04-23T00:14:49.8221424Z"
}
