{
  "Live": 0.00000000000042785,
  "Minute": 0.000000000000502826110423551,
  "Minute_Fluctuation": 0.18531912507167539,
  "Minute_5": 0.000000000000543899280508413,
  "Minute_5_Fluctuation": 0.1619700859802215,
  "Minute_10": 0.000000000000582736696356984,
  "Minute_10_Fluctuation": 0.13080701217589324,
  "Hour": 0.000000000000579059457848896,
  "Hour_Fluctuation": 0.066691235055026929,
  "Day": 0.000000000000556916802629453,
  "Day_Fluctuation": 0.027086475749441907,
  "Week": 0.00000000000055416247963056,
  "Week_Fluctuation": 0.23716954222416331,
  "Updated": "2018-04-22T08:33:31.0255332Z"
}
