{
  "Live": 0.0000000000050347,
  "Minute": 0.0000000000050347,
  "Minute_Fluctuation": 0.14564673469881506,
  "Minute_5": 0.0000000000050347,
  "Minute_5_Fluctuation": 0.029066819899194896,
  "Minute_10": 0.0000000000050347,
  "Minute_10_Fluctuation": 0.016152982402845847,
  "Hour": 0.00000000000499846061268324,
  "Hour_Fluctuation": 0.013505480219557655,
  "Day": 0.0000000000049187433054017,
  "Day_Fluctuation": 0.058757166215252551,
  "Week": 0.0000000000050169117188872,
  "Week_Fluctuation": 0.22056248554029043,
  "Updated": "2018-04-23T00:03:59.0477029Z"
}
