{
  "Live": 0.0000000000010149,
  "Minute": 0.00000000000105383420316824,
  "Minute_Fluctuation": 0.078429176425784564,
  "Minute_5": 0.00000000000112558243697039,
  "Minute_5_Fluctuation": 0.015685835285156911,
  "Minute_10": 0.00000000000113455096619566,
  "Minute_10_Fluctuation": 0.0078429176425784553,
  "Hour": 0.00000000000114202474055005,
  "Hour_Fluctuation": 0.04835562653469859,
  "Day": 0.00000000000115691266152445,
  "Day_Fluctuation": 0.033604018491967327,
  "Week": 0.00000000000114351059807051,
  "Week_Fluctuation": 0.23202323400100258,
  "Updated": "2018-04-22T11:01:11.6024516Z"
}
