{
  "Live": 0.0000000000000796,
  "Minute": 0.000000000000141066165719474,
  "Minute_Fluctuation": 0.15402776954794437,
  "Minute_5": 0.000000000000155606858504308,
  "Minute_5_Fluctuation": 0.032297287742461891,
  "Minute_10": 0.000000000000157424445102413,
  "Minute_10_Fluctuation": 0.016235527948468994,
  "Hour": 0.000000000000158939100600833,
  "Hour_Fluctuation": 0.00962807472580272,
  "Day": 0.000000000000159430378882005,
  "Day_Fluctuation": 0.235306550866598,
  "Week": 0.000000000000159240228539209,
  "Week_Fluctuation": 0.45587734175912181,
  "Updated": "2018-04-26T17:09:43.8795395Z"
}
