{
  "Live": 0.00000000000012935,
  "Minute": 0.000000000000145126424773261,
  "Minute_Fluctuation": 0.18921047871844218,
  "Minute_5": 0.000000000000172220450618727,
  "Minute_5_Fluctuation": 0.037842095743688436,
  "Minute_10": 0.000000000000175607203849411,
  "Minute_10_Fluctuation": 0.018921047871844218,
  "Hour": 0.000000000000178429498208313,
  "Hour_Fluctuation": 0.033561063968701121,
  "Day": 0.000000000000179351604930118,
  "Day_Fluctuation": 0.025322412722402664,
  "Week": 0.000000000000178990597205857,
  "Week_Fluctuation": 0.22980716876597271,
  "Updated": "2018-04-22T11:01:10.5898516Z"
}
