{
    "Live":  0.00000000020607445,
    "Minute":  0.00000000020607445,
    "Minute_Fluctuation":  0.21656075049175372,
    "Minute_5":  0.000000000207357394577732,
    "Minute_5_Fluctuation":  0.21250416575563011,
    "Minute_10":  0.000000000100704418538217,
    "Minute_10_Fluctuation":  10070441853.821661,
    "Hour":  0.0000000000167840697563694,
    "Hour_Fluctuation":  1678406975.6369431,
    "Day":  0.000000000000699336239848726,
    "Day_Fluctuation":  69933623.984872639,
    "Week":  0.0000000000000999051771212466,
    "Week_Fluctuation":  9990517.7121246625,
    "Updated":  "\/Date(1530628748361)\/"
}
