{
  "Live": 0.00000000004576005,
  "Minute": 0.0000000000449942680511941,
  "Minute_Fluctuation": 0.0043268116888447658,
  "Minute_5": 0.0000000000448417393445763,
  "Minute_5_Fluctuation": 0.00086819831548378594,
  "Minute_10": 0.0000000000448872587639228,
  "Minute_10_Fluctuation": 0.0079455793756287117,
  "Hour": 0.0000000000451659327409193,
  "Hour_Fluctuation": 0.034485949985541879,
  "Day": 0.0000000000449606195836645,
  "Day_Fluctuation": 0.15853849121899918,
  "Week": 0.000000000044803626082692,
  "Week_Fluctuation": 0.43181433944888142,
  "Updated": "2018-04-27T02:43:35.1618953Z"
}
