{
  "Live": 0.00000000000022885,
  "Minute": 0.000000000000312584160326378,
  "Minute_Fluctuation": 0.13126374704553456,
  "Minute_5": 0.000000000000333158153455876,
  "Minute_5_Fluctuation": 0.029805681231038737,
  "Minute_10": 0.000000000000335729902597063,
  "Minute_10_Fluctuation": 0.015136887108883296,
  "Hour": 0.000000000000337873026881386,
  "Hour_Fluctuation": 0.0021675754371472244,
  "Day": 0.000000000000338297603370707,
  "Day_Fluctuation": 0.23394813979427542,
  "Week": 0.000000000000338299100399816,
  "Week_Fluctuation": 0.45566922377398894,
  "Updated": "2018-04-26T17:09:44.4586833Z"
}
