{
    "Live":  0.00000000003746175,
    "Minute":  0.00000000003746175,
    "Minute_Fluctuation":  0,
    "Minute_5":  0.0000000000374541797867171,
    "Minute_5_Fluctuation":  0.026854009871811892,
    "Minute_10":  0.000000000018301567890359,
    "Minute_10_Fluctuation":  1830156789.0359,
    "Hour":  0.00000000000305026131505983,
    "Hour_Fluctuation":  305026131.50598335,
    "Day":  0.000000000000127094221460826,
    "Day_Fluctuation":  12709422.146082642,
    "Week":  0.0000000000000181563173515466,
    "Week_Fluctuation":  1815631.735154663,
    "Updated":  "\/Date(1530628746732)\/"
}
