{
  "Live": 0.0000000000003582,
  "Minute": 0.0000000000003582,
  "Minute_Fluctuation": 0.036392926343371074,
  "Minute_5": 0.0000000000003582,
  "Minute_5_Fluctuation": 0.029477109444889276,
  "Minute_10": 0.0000000000003582,
  "Minute_10_Fluctuation": 0.028364854710194218,
  "Hour": 0.000000000000366853011773249,
  "Hour_Fluctuation": 0.010123761974471309,
  "Day": 0.00000000000036989068708943,
  "Day_Fluctuation": 0.028268508028777013,
  "Week": 0.000000000000368406708331055,
  "Week_Fluctuation": 0.21514986408637812,
  "Updated": "2018-04-23T00:03:58.8784695Z"
}
