{
  "Live": 0.00000000001485535,
  "Minute": 0.00000000001485535,
  "Minute_Fluctuation": 0.033217993079584909,
  "Minute_5": 0.00000000001485535,
  "Minute_5_Fluctuation": 0.033217993079584909,
  "Minute_10": 0.00000000001485535,
  "Minute_10_Fluctuation": 0.033217993079584909,
  "Hour": 0.0000000000196542799979626,
  "Hour_Fluctuation": 0.10636636026063985,
  "Day": 0.00000000002188949210967,
  "Day_Fluctuation": 0.025823365993282516,
  "Week": 0.0000000000221271613953057,
  "Week_Fluctuation": 0.21382829899017433,
  "Updated": "2018-04-23T00:14:53.990972Z"
}
