{
  "Live": 0.00000000000018905,
  "Minute": 0.000000000000173041477395131,
  "Minute_Fluctuation": 0.038843403546139549,
  "Minute_5": 0.000000000000169081922109282,
  "Minute_5_Fluctuation": 0.0083269602919963069,
  "Minute_10": 0.000000000000168579538084941,
  "Minute_10_Fluctuation": 0.0051269693641253482,
  "Hour": 0.00000000000016834197106369,
  "Hour_Fluctuation": 0.010584423673363321,
  "Day": 0.000000000000166329607190887,
  "Day_Fluctuation": 0.029849997021436925,
  "Week": 0.0000000000001680925243041,
  "Week_Fluctuation": 0.20711433579595157,
  "Updated": "2018-04-23T04:56:44.3586064Z"
}
