{
    "Live":  0.00000000004263575,
    "Minute":  0.00000000004263575,
    "Minute_Fluctuation":  1.5157112365961731E-16,
    "Minute_5":  0.0000000000426824595917608,
    "Minute_5_Fluctuation":  0.061180205708619484,
    "Minute_10":  0.000000000020833523841221,
    "Minute_10_Fluctuation":  2083352384.1221004,
    "Hour":  0.00000000000347225397353683,
    "Hour_Fluctuation":  347225397.35368335,
    "Day":  0.000000000000144677248897368,
    "Day_Fluctuation":  14467724.889736805,
    "Week":  0.0000000000000206681784139097,
    "Week_Fluctuation":  2066817.8413909723,
    "Updated":  "\/Date(1530628747978)\/"
}
