{
  "Live": 0.0000000000001592,
  "Minute": 0.000000000000159249139862304,
  "Minute_Fluctuation": 0.00957689103619154,
  "Minute_5": 0.000000000000159259339589856,
  "Minute_5_Fluctuation": 0.0023308628672943314,
  "Minute_10": 0.000000000000159417380736553,
  "Minute_10_Fluctuation": 0.0070652849225843022,
  "Hour": 0.000000000000160650712758285,
  "Hour_Fluctuation": 0.016214593001604483,
  "Day": 0.000000000000159506827681261,
  "Day_Fluctuation": 0.15096028848327978,
  "Week": 0.000000000000159261888256897,
  "Week_Fluctuation": 0.430404696485706,
  "Updated": "2018-04-27T02:43:35.6621121Z"
}
