{
  "Live": 0.00000000007250565,
  "Minute": 0.00000000007250565,
  "Minute_Fluctuation": 0.13988731903702611,
  "Minute_5": 0.00000000007250565,
  "Minute_5_Fluctuation": 0.13990588384993036,
  "Minute_10": 0.00000000007250565,
  "Minute_10_Fluctuation": 0.14024531433828166,
  "Hour": 0.0000000000651085800908771,
  "Hour_Fluctuation": 0.028571135272723105,
  "Day": 0.0000000000642552379570032,
  "Day_Fluctuation": 0.023714180315694351,
  "Week": 0.0000000000636158274594515,
  "Week_Fluctuation": 0.21209675633618227,
  "Updated": "2018-04-23T00:03:57.2971707Z"
}
