{
  "Live": 0.0000000000470834,
  "Minute": 0.000000000047319764242306,
  "Minute_Fluctuation": 0.057813621239615413,
  "Minute_5": 0.0000000000474795008655159,
  "Minute_5_Fluctuation": 0.0906833160947486,
  "Minute_10": 0.0000000000460769823023428,
  "Minute_10_Fluctuation": 0.14495873275414456,
  "Hour": 0.0000000000481210562530052,
  "Hour_Fluctuation": 0.11341983494996968,
  "Day": 0.0000000000480834299240179,
  "Day_Fluctuation": 0.032986692790430948,
  "Week": 0.0000000000475194152127094,
  "Week_Fluctuation": 0.23310106029237346,
  "Updated": "2018-04-22T08:33:34.4685652Z"
}
