{
    "Live":  0.0000000001025248,
    "Minute":  0.0000000001025248,
    "Minute_Fluctuation":  0.1365845483492541,
    "Minute_5":  0.000000000102879687457071,
    "Minute_5_Fluctuation":  0.13618281598511159,
    "Minute_10":  0.0000000000501079490167424,
    "Minute_10_Fluctuation":  5010794901.67424,
    "Hour":  0.00000000000835132483612374,
    "Hour_Fluctuation":  835132483.61237335,
    "Day":  0.000000000000347971868171822,
    "Day_Fluctuation":  34797186.817182221,
    "Week":  0.0000000000000497102668816889,
    "Week_Fluctuation":  4971026.6881688889,
    "Updated":  "\/Date(1530628749333)\/"
}
