{
    "Live":  0.0000000000048755,
    "Minute":  0.0000000000048755,
    "Minute_Fluctuation":  1.6568425124527044E-16,
    "Minute_5":  0.0000000000048755,
    "Minute_5_Fluctuation":  0.00027219110512450141,
    "Minute_10":  0.000000000002382753326394,
    "Minute_10_Fluctuation":  238275332.63940004,
    "Hour":  0.000000000000397125554399,
    "Hour_Fluctuation":  39712555.439899996,
    "Day":  0.0000000000000165468980999583,
    "Day_Fluctuation":  1654689.8099958331,
    "Week":  0.0000000000000023638425857083,
    "Week_Fluctuation":  236384.25857083334,
    "Updated":  "\/Date(1530628749477)\/"
}
