{
  "Live": 0.00000000000948210407991281,
  "Minute": 0.00000000000944966194445116,
  "Minute_Fluctuation": 0.01297049034045414,
  "Minute_5": 0.00000000000944798375804631,
  "Minute_5_Fluctuation": 0.0052180947775099847,
  "Minute_10": 0.00000000000946197064875066,
  "Minute_10_Fluctuation": 0.0028888731698719196,
  "Hour": 0.00000000000947828332326202,
  "Hour_Fluctuation": 0.000652127084065339,
  "Day": 0.00000000000948196326416271,
  "Day_Fluctuation": 0.00012025932349459025,
  "Week": 0.00000000000948210407991281,
  "Week_Fluctuation": 0.38295917097525828,
  "Updated": "2018-04-24T23:41:52.8314023Z"
}
