{
  "Live": 0.00000000000002166115,
  "Minute": 0.0000000000000243921629767438,
  "Minute_Fluctuation": 0.057009403662626093,
  "Minute_5": 0.0000000000000252235383924613,
  "Minute_5_Fluctuation": 0.012309455174812464,
  "Minute_10": 0.0000000000000253056447934171,
  "Minute_10_Fluctuation": 0.010721699427035374,
  "Hour": 0.0000000000000253063759380535,
  "Hour_Fluctuation": 0.017107192273062396,
  "Day": 0.0000000000000255731563325393,
  "Day_Fluctuation": 0.024327433838372745,
  "Week": 0.0000000000000254312791492409,
  "Week_Fluctuation": 0.2088183943406805,
  "Updated": "2018-04-23T03:20:03.8060526Z"
}
