{
  "Live": 0.00000000001589015,
  "Minute": 0.00000000001589015,
  "Minute_Fluctuation": 0.17289192230365033,
  "Minute_5": 0.00000000001589015,
  "Minute_5_Fluctuation": 0.19985260372264962,
  "Minute_10": 0.0000000000172318004489584,
  "Minute_10_Fluctuation": 0.20879399415458311,
  "Hour": 0.0000000000182144513535274,
  "Hour_Fluctuation": 0.19958400021481643,
  "Day": 0.0000000000198942238380816,
  "Day_Fluctuation": 0.47664260592091695,
  "Week": 0.0000000000200180408373981,
  "Week_Fluctuation": 0.49657921301107755,
  "Updated": "2018-04-28T01:28:14.2091202Z"
}
