{
    "Live":  0.00000000000008651525,
    "Minute":  0.00000000000008651525,
    "Minute_Fluctuation":  0.010582612653618498,
    "Minute_5":  0.0000000000000865378131730058,
    "Minute_5_Fluctuation":  0.012236334213748173,
    "Minute_10":  0.000000000000042276523723767,
    "Minute_10_Fluctuation":  4227652.3723767,
    "Hour":  0.0000000000000070460872872945,
    "Hour_Fluctuation":  704608.72872945,
    "Day":  0.0000000000000002935869703039,
    "Day_Fluctuation":  29358.697030393749,
    "Week":  0.0000000000000000419409957577,
    "Week_Fluctuation":  4194.0995757705359,
    "Updated":  "\/Date(1530628747943)\/"
}
