{
  "Live": 0.0000000000111639,
  "Minute": 0.0000000000111639,
  "Minute_Fluctuation": 0.07447464597304726,
  "Minute_5": 0.0000000000111639,
  "Minute_5_Fluctuation": 0.10200743888423408,
  "Minute_10": 0.0000000000111639,
  "Minute_10_Fluctuation": 0.10485337794931733,
  "Hour": 0.0000000000102754775072282,
  "Hour_Fluctuation": 0.023094199293380357,
  "Day": 0.0000000000100923576761195,
  "Day_Fluctuation": 0.017885187882602353,
  "Week": 0.0000000000100668047488582,
  "Week_Fluctuation": 0.21298211936368544,
  "Updated": "2018-04-23T00:03:55.970685Z"
}
