{
    "Live":  0.0000000000002985,
    "Minute":  0.0000000000002985,
    "Minute_Fluctuation":  0.71153846153846156,
    "Minute_5":  0.000000000000315429269447234,
    "Minute_5_Fluctuation":  0.70041942891603137,
    "Minute_10":  0.000000000000145836887718,
    "Minute_10_Fluctuation":  14583688.7718,
    "Hour":  0.000000000000024306147953,
    "Hour_Fluctuation":  2430614.7953,
    "Day":  0.0000000000000010127561647083,
    "Day_Fluctuation":  101275.61647083334,
    "Week":  0.0000000000000001446794521012,
    "Week_Fluctuation":  14467.945210119049,
    "Updated":  "\/Date(1530628746638)\/"
}
