{
  "Live": 0.0000000000001286933,
  "Minute": 0.000000000000191664098859866,
  "Minute_Fluctuation": 0.090860321413070044,
  "Minute_5": 0.000000000000206927162945919,
  "Minute_5_Fluctuation": 0.018187953947820128,
  "Minute_10": 0.000000000000208835045956675,
  "Minute_10_Fluctuation": 0.0090949505613083341,
  "Hour": 0.000000000000210424948465639,
  "Hour_Fluctuation": 0.0032669906157633639,
  "Day": 0.000000000000210805248624859,
  "Day_Fluctuation": 0.23484779556410881,
  "Week": 0.00000000000021074103622635,
  "Week_Fluctuation": 0.45584903950730749,
  "Updated": "2018-04-26T17:09:44.2414295Z"
}
