{
    "Live":  0.0000000002254272,
    "Minute":  0.0000000002254272,
    "Minute_Fluctuation":  2.106966538672518,
    "Minute_5":  0.000000000221952359168357,
    "Minute_5_Fluctuation":  2.0595272321456424,
    "Minute_10":  0.000000000110151572081434,
    "Minute_10_Fluctuation":  11015157208.14336,
    "Hour":  0.0000000000183585953469056,
    "Hour_Fluctuation":  1835859534.6905599,
    "Day":  0.000000000000764941472787733,
    "Day_Fluctuation":  76494147.278773323,
    "Week":  0.00000000000010927735325539,
    "Week_Fluctuation":  10927735.325539047,
    "Updated":  "\/Date(1530628747491)\/"
}
