{
  "Live": 0.0000000000000244571,
  "Minute": 0.0000000000000257113474122777,
  "Minute_Fluctuation": 0.058062580090425239,
  "Minute_5": 0.0000000000000260249965958602,
  "Minute_5_Fluctuation": 0.014270265313563794,
  "Minute_10": 0.000000000000026064202743808,
  "Minute_10_Fluctuation": 0.0073074841050670743,
  "Hour": 0.0000000000000260968745337645,
  "Hour_Fluctuation": 0.0044465475028093249,
  "Day": 0.0000000000000261178069955555,
  "Day_Fluctuation": 0.23437834033992033,
  "Week": 0.0000000000000261033699967678,
  "Week_Fluctuation": 0.45572444657031969,
  "Updated": "2018-04-26T17:09:44.7537382Z"
}
