{
  "Live": 0.00000000000028855,
  "Minute": 0.000000000000347196736045081,
  "Minute_Fluctuation": 0.08162909163126629,
  "Minute_5": 0.00000000000036451156913743,
  "Minute_5_Fluctuation": 0.017831787140662622,
  "Minute_10": 0.000000000000366704273942382,
  "Minute_10_Fluctuation": 0.0081334532843252826,
  "Hour": 0.000000000000374179339272684,
  "Hour_Fluctuation": 0.074454035795395182,
  "Day": 0.000000000000372496879942732,
  "Day_Fluctuation": 0.041185347855654662,
  "Week": 0.000000000000368838130233794,
  "Week_Fluctuation": 0.21344231412674058,
  "Updated": "2018-04-23T03:20:03.350414Z"
}
