{
  "Live": 0.00000000015670255,
  "Minute": 0.000000000154866542156473,
  "Minute_Fluctuation": 0.075385556502577819,
  "Minute_5": 0.000000000154415379958457,
  "Minute_5_Fluctuation": 0.01819698934016448,
  "Minute_10": 0.000000000154321807413966,
  "Minute_10_Fluctuation": 0.012399418023856383,
  "Hour": 0.000000000154584939894243,
  "Hour_Fluctuation": 0.017187165502651414,
  "Day": 0.000000000154589132278008,
  "Day_Fluctuation": 0.022265033760828123,
  "Week": 0.000000000154302645356646,
  "Week_Fluctuation": 0.20856459175990133,
  "Updated": "2018-04-23T04:56:44.2753364Z"
}
