{
  "Live": 0.0000000000225467,
  "Minute": 0.0000000292812499202848,
  "Minute_Fluctuation": 0.50600168604377183,
  "Minute_5": 0.0000000374046994783703,
  "Minute_5_Fluctuation": 0.10442555506322117,
  "Minute_10": 0.0000000383845249476559,
  "Minute_10_Fluctuation": 0.067262229241090876,
  "Hour": 0.0000000380571425647661,
  "Hour_Fluctuation": 0.1274528074676391,
  "Day": 0.0000000375621730759239,
  "Day_Fluctuation": 0.0748896078906599,
  "Week": 0.0000000394345544956747,
  "Week_Fluctuation": 0.21441464129030238,
  "Updated": "2018-04-23T04:56:45.8449068Z"
}
