{
  "Live": 0.00000000000124799865,
  "Minute": 0.00000000000124799865,
  "Minute_Fluctuation": 0.002360933393179204,
  "Minute_5": 0.00000000000124799865,
  "Minute_5_Fluctuation": 0.046521486113905164,
  "Minute_10": 0.00000000000124799865,
  "Minute_10_Fluctuation": 0.052678232509232356,
  "Hour": 0.00000000000131253151362346,
  "Hour_Fluctuation": 0.015465479063083144,
  "Day": 0.00000000000132460888435115,
  "Day_Fluctuation": 0.01449742118400219,
  "Week": 0.00000000000132328791958561,
  "Week_Fluctuation": 0.21105790614550937,
  "Updated": "2018-04-23T00:03:58.5355996Z"
}
