{
    "Live":  0.0000000000534713,
    "Minute":  0.0000000000534713,
    "Minute_Fluctuation":  0.39915026833631478,
    "Minute_5":  0.0000000000542759934614047,
    "Minute_5_Fluctuation":  0.39266874672708513,
    "Minute_10":  0.0000000000261319476870844,
    "Minute_10_Fluctuation":  2613194768.7084403,
    "Hour":  0.00000000000435532461451407,
    "Hour_Fluctuation":  435532461.45140672,
    "Day":  0.000000000000181471858938086,
    "Day_Fluctuation":  18147185.893808614,
    "Week":  0.0000000000000259245512768694,
    "Week_Fluctuation":  2592455.1276869448,
    "Updated":  "\/Date(1530628748987)\/"
}
