{
    "Live":  0.00000000000160195,
    "Minute":  0.00000000000160195,
    "Minute_Fluctuation":  0.15000000000000002,
    "Minute_5":  0.00000000000159721422765016,
    "Minute_5_Fluctuation":  0.14833486860634784,
    "Minute_10":  0.0000000000007828886448866,
    "Minute_10_Fluctuation":  78288864.48866,
    "Hour":  0.000000000000130481440814433,
    "Hour_Fluctuation":  13048144.081443332,
    "Day":  0.0000000000000054367267006014,
    "Day_Fluctuation":  543672.6700601388,
    "Week":  0.0000000000000007766752429431,
    "Week_Fluctuation":  77667.524294305549,
    "Updated":  "\/Date(1530628748847)\/"
}
