{
  "Live": 0.00000000001825825,
  "Minute": 0.00000000001825825,
  "Minute_Fluctuation": 0.0067842226774673508,
  "Minute_5": 0.00000000001825825,
  "Minute_5_Fluctuation": 0.020192159326110144,
  "Minute_10": 0.00000000001825825,
  "Minute_10_Fluctuation": 0.021827453795316309,
  "Hour": 0.0000000000179237700781295,
  "Hour_Fluctuation": 0.0051862451407385613,
  "Day": 0.0000000000179052469010106,
  "Day_Fluctuation": 0.00888887905110657,
  "Week": 0.0000000000178377621438003,
  "Week_Fluctuation": 0.20862978206707533,
  "Updated": "2018-04-23T00:03:59.9070184Z"
}
