{
  "Live": 0.00000000737295,
  "Minute": 0.00000000737295,
  "Minute_Fluctuation": 0.18838992332968235,
  "Minute_5": 0.00000000737295,
  "Minute_5_Fluctuation": 0.18838992332968235,
  "Minute_10": 0.00000000737295,
  "Minute_10_Fluctuation": 0.18838992332968235,
  "Hour": 0.0000000100034927467772,
  "Hour_Fluctuation": 0.0858339122365975,
  "Day": 0.0000000109323826465102,
  "Day_Fluctuation": 0.011538433537796702,
  "Week": 0.0000000109777049990177,
  "Week_Fluctuation": 0.20953348042511788,
  "Updated": "2018-04-23T00:14:54.3756784Z"
}
