{
    "Live":  0.0000000000026069,
    "Minute":  0.0000000000026069,
    "Minute_Fluctuation":  0.5232558139534883,
    "Minute_5":  0.000000000002586640425308,
    "Minute_5_Fluctuation":  0.51185674730329533,
    "Minute_10":  0.00000000000127396106350387,
    "Minute_10_Fluctuation":  127396106.35038665,
    "Hour":  0.000000000000212326843917311,
    "Hour_Fluctuation":  21232684.391731109,
    "Day":  0.000000000000008846951829888,
    "Day_Fluctuation":  884695.18298879627,
    "Week":  0.0000000000000012638502614126,
    "Week_Fluctuation":  126385.0261412566,
    "Updated":  "\/Date(1530628748709)\/"
}
