{
  "Live": 0.0000000000142484,
  "Minute": 0.0000000000110060616453521,
  "Minute_Fluctuation": 0.13613082191898818,
  "Minute_5": 0.0000000000102609820748704,
  "Minute_5_Fluctuation": 0.0292658747907623,
  "Minute_10": 0.0000000000101661961230937,
  "Minute_10_Fluctuation": 0.017790398543335126,
  "Hour": 0.0000000000100791933255896,
  "Hour_Fluctuation": 0.012848285178467896,
  "Day": 0.0000000000101361795981501,
  "Day_Fluctuation": 0.023067143694294225,
  "Week": 0.0000000000100748045780301,
  "Week_Fluctuation": 0.20813813248881474,
  "Updated": "2018-04-23T04:56:43.4588899Z"
}
