{
  "Live": 0.0000000000086366,
  "Minute": 0.0000000000086366,
  "Minute_Fluctuation": 0.22638146167557938,
  "Minute_5": 0.0000000000086366,
  "Minute_5_Fluctuation": 0.22638146167557938,
  "Minute_10": 0.0000000000086366,
  "Minute_10_Fluctuation": 0.22638146167557938,
  "Hour": 0.00000000000997823010295034,
  "Hour_Fluctuation": 0.047833388721723234,
  "Day": 0.0000000000100813562389423,
  "Day_Fluctuation": 0.018840102150575345,
  "Week": 0.0000000000100652607018791,
  "Week_Fluctuation": 0.21290556422190768,
  "Updated": "2018-04-23T00:14:48.9118906Z"
}
