{
    "Live":  0.0000000000000924753,
    "Minute":  0.0000000000000924753,
    "Minute_Fluctuation":  0.028211085297046107,
    "Minute_5":  0.0000000000000924277533730611,
    "Minute_5_Fluctuation":  0.027383029416758058,
    "Minute_10":  0.0000000000000451754590994364,
    "Minute_10_Fluctuation":  4517545.90994364,
    "Hour":  0.0000000000000075292431832394,
    "Hour_Fluctuation":  752924.31832393992,
    "Day":  0.0000000000000003137184659683,
    "Day_Fluctuation":  31371.846596830834,
    "Week":  0.0000000000000000448169237098,
    "Week_Fluctuation":  4481.692370975833,
    "Updated":  "\/Date(1530628745905)\/"
}
