{
  "Live": 0.00000000000102485,
  "Minute": 0.00000000000102485,
  "Minute_Fluctuation": 0.49775193777394289,
  "Minute_5": 0.00000000000102485,
  "Minute_5_Fluctuation": 0.55797545268353721,
  "Minute_10": 0.00000000000102485,
  "Minute_10_Fluctuation": 0.56499555849145655,
  "Hour": 0.00000000000213549987347228,
  "Hour_Fluctuation": 0.11912338530687962,
  "Day": 0.00000000000239821166307259,
  "Day_Fluctuation": 0.052715409059935624,
  "Week": 0.00000000000238656425344004,
  "Week_Fluctuation": 0.22425356762007057,
  "Updated": "2018-04-23T00:03:59.3839088Z"
}
