{
  "Live": 0.000000000000188629242852957,
  "Minute": 0.000000000000187225675928204,
  "Minute_Fluctuation": 0.027993568507578136,
  "Minute_5": 0.00000000000018717808866154,
  "Minute_5_Fluctuation": 0.010921060702557795,
  "Minute_10": 0.000000000000187773456878267,
  "Minute_10_Fluctuation": 0.0059992372251793033,
  "Hour": 0.0000000000001884669007798,
  "Hour_Fluctuation": 0.0014902276234515456,
  "Day": 0.000000000000188623260040843,
  "Day_Fluctuation": 8.594420150773952E-05,
  "Week": 0.000000000000188629242852957,
  "Week_Fluctuation": 0.38295125063117363,
  "Updated": "2018-04-24T23:41:52.9294142Z"
}
