{
  "Live": 0.00000000005419765,
  "Minute": 0.00000000005419765,
  "Minute_Fluctuation": 0.1667415205949668,
  "Minute_5": 0.00000000005419765,
  "Minute_5_Fluctuation": 0.0766964834152477,
  "Minute_10": 0.0000000000530669077194241,
  "Minute_10_Fluctuation": 0.1153197641055782,
  "Hour": 0.0000000000528705951177838,
  "Hour_Fluctuation": 0.21823488866580221,
  "Day": 0.000000000051300718295781,
  "Day_Fluctuation": 0.47861611712704816,
  "Week": 0.0000000000513096134366831,
  "Week_Fluctuation": 0.49686428905169661,
  "Updated": "2018-04-28T01:28:10.407379Z"
}
