{
    "Live":  0.00000000000010607695,
    "Minute":  0.00000000000010607695,
    "Minute_Fluctuation":  0.0042032505137306357,
    "Minute_5":  0.000000000000106087221720771,
    "Minute_5_Fluctuation":  0.0045645361884793668,
    "Minute_10":  0.0000000000000518200880229699,
    "Minute_10_Fluctuation":  5182008.8022969933,
    "Hour":  0.0000000000000086366813371617,
    "Hour_Fluctuation":  863668.13371616555,
    "Day":  0.0000000000000003598617223817,
    "Day_Fluctuation":  35986.17223817356,
    "Week":  0.0000000000000000514088174831,
    "Week_Fluctuation":  5140.8817483105095,
    "Updated":  "\/Date(1530628745936)\/"
}
