{
  "Live": 0.00000000000978085,
  "Minute": 0.00000000000978085,
  "Minute_Fluctuation": 1.6517860246222282E-16,
  "Minute_5": 0.00000000000978085,
  "Minute_5_Fluctuation": 1.6517860246222282E-16,
  "Minute_10": 0.00000000000978085,
  "Minute_10_Fluctuation": 1.6517860246222282E-16,
  "Hour": 0.00000000000924943299263254,
  "Hour_Fluctuation": 0.029244346984748093,
  "Day": 0.00000000000905696505279324,
  "Day_Fluctuation": 0.020565842160346914,
  "Week": 0.00000000000896838263319296,
  "Week_Fluctuation": 0.21025174281465889,
  "Updated": "2018-04-23T00:14:48.5464149Z"
}
