{
    "Live":  0.0000000000030646,
    "Minute":  0.0000000000030646,
    "Minute_Fluctuation":  0.12408759124087587,
    "Minute_5":  0.00000000000305694343927361,
    "Minute_5_Fluctuation":  0.12366157692762343,
    "Minute_10":  0.0000000000014978532463048,
    "Minute_10_Fluctuation":  149785324.63048002,
    "Hour":  0.000000000000249642207717467,
    "Hour_Fluctuation":  24964220.771746665,
    "Day":  0.0000000000000104017586548944,
    "Day_Fluctuation":  1040175.8654894443,
    "Week":  0.0000000000000014859655221278,
    "Week_Fluctuation":  148596.55221277775,
    "Updated":  "\/Date(1530628750000)\/"
}
