{
  "Live": 0.0000000000141489,
  "Minute": 0.0000000000107918542976014,
  "Minute_Fluctuation": 0.5858260843740869,
  "Minute_5": 0.00000000000856036976045746,
  "Minute_5_Fluctuation": 0.46469195740325586,
  "Minute_10": 0.0000000000103231243151053,
  "Minute_10_Fluctuation": 0.28832803345185587,
  "Hour": 0.0000000000104869726464161,
  "Hour_Fluctuation": 0.35915741398522905,
  "Day": 0.00000000000860128833957348,
  "Day_Fluctuation": 0.10575257495475963,
  "Week": 0.00000000000800277534796427,
  "Week_Fluctuation": 0.25415029437794162,
  "Updated": "2018-04-22T08:33:34.193107Z"
}
