{
  "Live": 0.00000000004088455,
  "Minute": 0.00000000004088455,
  "Minute_Fluctuation": 0.23376647872019155,
  "Minute_5": 0.00000000004088455,
  "Minute_5_Fluctuation": 0.24089381337375645,
  "Minute_10": 0.0000000000382530664320205,
  "Minute_10_Fluctuation": 0.26281617816062164,
  "Hour": 0.0000000000358145010687904,
  "Hour_Fluctuation": 0.24493665909861664,
  "Day": 0.0000000000330839697266179,
  "Day_Fluctuation": 0.48008715910308308,
  "Week": 0.0000000000329054045725369,
  "Week_Fluctuation": 0.49708142901618929,
  "Updated": "2018-04-28T01:28:14.9386639Z"
}
