{
    "Live":  0.0000000000492923,
    "Minute":  0.0000000000492923,
    "Minute_Fluctuation":  0.00060520476094404413,
    "Minute_5":  0.00000000004929448542486,
    "Minute_5_Fluctuation":  0.0037462799646773961,
    "Minute_10":  0.0000000000240840430223657,
    "Minute_10_Fluctuation":  2408404302.2365732,
    "Hour":  0.00000000000401400717039429,
    "Hour_Fluctuation":  401400717.03942889,
    "Day":  0.000000000000167250298766429,
    "Day_Fluctuation":  16725029.87664287,
    "Week":  0.0000000000000238928998237755,
    "Week_Fluctuation":  2389289.9823775529,
    "Updated":  "\/Date(1530628747110)\/"
}
