{
  "Live": 0.00000000004579985,
  "Minute": 0.00000000004579985,
  "Minute_Fluctuation": 0.15603226989365612,
  "Minute_5": 0.00000000004579985,
  "Minute_5_Fluctuation": 0.15603226989365612,
  "Minute_10": 0.00000000004579985,
  "Minute_10_Fluctuation": 0.15603226989365612,
  "Hour": 0.0000000000481984979205729,
  "Hour_Fluctuation": 0.035088630423365012,
  "Day": 0.0000000000478047424210945,
  "Day_Fluctuation": 0.021695157151009167,
  "Week": 0.0000000000475243414260169,
  "Week_Fluctuation": 0.21208173662776236,
  "Updated": "2018-04-23T00:14:54.1751015Z"
}
