{
    "Live":  0.0000000000341484,
    "Minute":  0.0000000000341484,
    "Minute_Fluctuation":  0.044430919050517548,
    "Minute_5":  0.0000000000341177840739142,
    "Minute_5_Fluctuation":  0.043731587435189928,
    "Minute_10":  0.0000000000166893972065392,
    "Minute_10_Fluctuation":  1668939720.6539204,
    "Hour":  0.00000000000278156620108987,
    "Hour_Fluctuation":  278156620.10898674,
    "Day":  0.000000000000115898591712078,
    "Day_Fluctuation":  11589859.17120778,
    "Week":  0.000000000000016556941673154,
    "Week_Fluctuation":  1655694.1673153972,
    "Updated":  "\/Date(1530628749265)\/"
}
