{
  "Live": 0.00000000001801945,
  "Minute": 0.0000000000388228198970999,
  "Minute_Fluctuation": 0.23496475087138965,
  "Minute_5": 0.0000000000435913549316825,
  "Minute_5_Fluctuation": 0.049277239276021789,
  "Minute_10": 0.0000000000441874218110053,
  "Minute_10_Fluctuation": 0.02476109017223414,
  "Hour": 0.000000000044684144210441,
  "Hour_Fluctuation": 0.015600707519810379,
  "Day": 0.0000000000448526631089732,
  "Day_Fluctuation": 0.2398965859122488,
  "Week": 0.0000000000447828973541383,
  "Week_Fluctuation": 0.45665744854579343,
  "Updated": "2018-04-26T17:09:43.3899615Z"
}
