{
  "Live": 0.0000000000084177,
  "Minute": 0.00000000000911054427154872,
  "Minute_Fluctuation": 0.14175326762394649,
  "Minute_5": 0.00000000000952652317880276,
  "Minute_5_Fluctuation": 0.151250531279835,
  "Minute_10": 0.00000000000915526660799115,
  "Minute_10_Fluctuation": 0.15553801173361578,
  "Hour": 0.0000000000092921125921217,
  "Hour_Fluctuation": 0.10897700517848931,
  "Day": 0.00000000000958149578421062,
  "Day_Fluctuation": 0.02922314729615438,
  "Week": 0.00000000000963046632093034,
  "Week_Fluctuation": 0.23286014075283828,
  "Updated": "2018-04-22T08:33:32.5113652Z"
}
