{
  "Live": 0.00000000000008263475,
  "Minute": 0.000000000000118434733761235,
  "Minute_Fluctuation": 0.60996817434080519,
  "Minute_5": 0.000000000000138775004502456,
  "Minute_5_Fluctuation": 0.714725599933812,
  "Minute_10": 0.000000000000121161229630224,
  "Minute_10_Fluctuation": 0.61352639469005621,
  "Hour": 0.000000000000133998597946501,
  "Hour_Fluctuation": 0.16244614165267485,
  "Day": 0.000000000000146571672732806,
  "Day_Fluctuation": 0.055173247232814138,
  "Week": 0.000000000000143857549832758,
  "Week_Fluctuation": 0.23839093506200681,
  "Updated": "2018-04-22T08:33:31.6140928Z"
}
