{
    "Live":  0.00000000000611925,
    "Minute":  0.00000000000611925,
    "Minute_Fluctuation":  0.01990049751243789,
    "Minute_5":  0.00000000000611713641434372,
    "Minute_5_Fluctuation":  0.0195817545188407,
    "Minute_10":  0.000000000002990363991469,
    "Minute_10_Fluctuation":  299036399.14690006,
    "Hour":  0.000000000000498393998578167,
    "Hour_Fluctuation":  49839399.857816674,
    "Day":  0.0000000000000207664166074236,
    "Day_Fluctuation":  2076641.6607423613,
    "Week":  0.0000000000000029666309439177,
    "Week_Fluctuation":  296663.09439176589,
    "Updated":  "\/Date(1530628748502)\/"
}
