{
  "Live": 0.00000000000017270215,
  "Minute": 0.00000000000017270215,
  "Minute_Fluctuation": 0.11757130899491353,
  "Minute_5": 0.00000000000017270215,
  "Minute_5_Fluctuation": 0.11757130899491353,
  "Minute_10": 0.00000000000017270215,
  "Minute_10_Fluctuation": 0.11757130899491353,
  "Hour": 0.00000000000020374437641746,
  "Hour_Fluctuation": 0.081280204015020507,
  "Day": 0.000000000000222367301677132,
  "Day_Fluctuation": 0.027266611289474343,
  "Week": 0.000000000000222388442449742,
  "Week_Fluctuation": 0.21536995595632519,
  "Updated": "2018-04-23T00:14:51.7911262Z"
}
