{
  "Live": 0.0000000000058506,
  "Minute": 0.0000000000058506,
  "Minute_Fluctuation": 0.16205533596837948,
  "Minute_5": 0.0000000000058506,
  "Minute_5_Fluctuation": 0.16205533596837948,
  "Minute_10": 0.0000000000058506,
  "Minute_10_Fluctuation": 0.16205533596837948,
  "Hour": 0.00000000000515316502100499,
  "Hour_Fluctuation": 0.042003994616831707,
  "Day": 0.00000000000492579234479225,
  "Day_Fluctuation": 0.059745794670637793,
  "Week": 0.00000000000501781263937776,
  "Week_Fluctuation": 0.2205037126550258,
  "Updated": "2018-04-23T00:14:52.6213767Z"
}
