{
  "Live": 0.00000000000120395,
  "Minute": 0.00000000000120395,
  "Minute_Fluctuation": 0.52083465590092559,
  "Minute_5": 0.00000000000120395,
  "Minute_5_Fluctuation": 0.55246165139637482,
  "Minute_10": 0.00000000000170522532258271,
  "Minute_10_Fluctuation": 0.40008523904604953,
  "Hour": 0.00000000000251067849237116,
  "Hour_Fluctuation": 0.26730155244116882,
  "Day": 0.00000000000271770867617363,
  "Day_Fluctuation": 0.48017359543178062,
  "Week": 0.00000000000273351525598279,
  "Week_Fluctuation": 0.49707704387169832,
  "Updated": "2018-04-28T01:28:13.139167Z"
}
