{
    "Live":  0.000000010547,
    "Minute":  0.000000010547,
    "Minute_Fluctuation":  0.0495049504950495,
    "Minute_5":  0.0000000105356277072233,
    "Minute_5_Fluctuation":  0.050507325862559634,
    "Minute_10":  0.00000000515477370070267,
    "Minute_10_Fluctuation":  515477370070.26678,
    "Hour":  0.000000000859128950117111,
    "Hour_Fluctuation":  85912895011.7111,
    "Day":  0.000000000035797039588213,
    "Day_Fluctuation":  3579703958.8212967,
    "Week":  0.00000000000511386279831614,
    "Week_Fluctuation":  511386279.83161378,
    "Updated":  "\/Date(1530628749756)\/"
}
