{
  "Live": 0.0000000000001592,
  "Minute": 0.0000000000001592,
  "Minute_Fluctuation": 0.041011986568023788,
  "Minute_5": 0.0000000000001592,
  "Minute_5_Fluctuation": 0.061044306252771317,
  "Minute_10": 0.000000000000156024794657484,
  "Minute_10_Fluctuation": 0.045179083031574051,
  "Hour": 0.000000000000153850993764667,
  "Hour_Fluctuation": 0.14378455031938661,
  "Day": 0.000000000000149761521965925,
  "Day_Fluctuation": 0.47294066305817978,
  "Week": 0.000000000000149325937113006,
  "Week_Fluctuation": 0.49603627244316473,
  "Updated": "2018-04-28T01:28:11.9105774Z"
}
