{
    "Live":  0.0000000000511629,
    "Minute":  0.0000000000511629,
    "Minute_Fluctuation":  0.056859867938371188,
    "Minute_5":  0.0000000000512315470402654,
    "Minute_5_Fluctuation":  0.056321819972032082,
    "Minute_10":  0.0000000000249994611659652,
    "Minute_10_Fluctuation":  2499946116.59652,
    "Hour":  0.0000000000041665768609942,
    "Hour_Fluctuation":  416657686.09942,
    "Day":  0.000000000000173607369208092,
    "Day_Fluctuation":  17360736.920809165,
    "Week":  0.0000000000000248010527440131,
    "Week_Fluctuation":  2480105.2744013094,
    "Updated":  "\/Date(1530628747423)\/"
}
