{
    "Live":  0.0000000000375314,
    "Minute":  0.0000000000375314,
    "Minute_Fluctuation":  0,
    "Minute_5":  0.0000000000375302328377692,
    "Minute_5_Fluctuation":  0.003413974926917568,
    "Minute_10":  0.0000000000183355446679432,
    "Minute_10_Fluctuation":  1833554466.7943199,
    "Hour":  0.00000000000305592411132387,
    "Hour_Fluctuation":  305592411.13238662,
    "Day":  0.000000000000127330171305161,
    "Day_Fluctuation":  12733017.13051611,
    "Week":  0.0000000000000181900244721659,
    "Week_Fluctuation":  1819002.4472165871,
    "Updated":  "\/Date(1530628746763)\/"
}
