{
  "Live": 0.00000000001431805,
  "Minute": 0.0000000000149338126238411,
  "Minute_Fluctuation": 0.029079779053929826,
  "Minute_5": 0.0000000000152774388980388,
  "Minute_5_Fluctuation": 0.0073389961403874547,
  "Minute_10": 0.0000000000153300323382936,
  "Minute_10_Fluctuation": 0.011412622928856732,
  "Hour": 0.0000000000151263067747864,
  "Hour_Fluctuation": 0.036389922643566351,
  "Day": 0.0000000000155320719151624,
  "Day_Fluctuation": 0.034255418168837884,
  "Week": 0.000000000015363302854203,
  "Week_Fluctuation": 0.2341723929692695,
  "Updated": "2018-04-22T08:33:31.3235675Z"
}
