{
  "Live": 0.00000000000014925,
  "Minute": 0.000000000000160086020323274,
  "Minute_Fluctuation": 0.12056399491373784,
  "Minute_5": 0.000000000000166537738652936,
  "Minute_5_Fluctuation": 0.12542291347709136,
  "Minute_10": 0.000000000000161109273161945,
  "Minute_10_Fluctuation": 0.082729216134670047,
  "Hour": 0.000000000000157876274577878,
  "Hour_Fluctuation": 0.1030153502574938,
  "Day": 0.000000000000164119405241382,
  "Day_Fluctuation": 0.03630732942487544,
  "Week": 0.000000000000168149868171074,
  "Week_Fluctuation": 0.23328957667829747,
  "Updated": "2018-04-22T08:33:32.3746715Z"
}
