{
  "Live": 0.00000000002544215,
  "Minute": 0.000000000017661504659634,
  "Minute_Fluctuation": 0.16851035133739933,
  "Minute_5": 0.0000000000158356183756125,
  "Minute_5_Fluctuation": 0.034780314743119253,
  "Minute_10": 0.0000000000156062258270776,
  "Minute_10_Fluctuation": 0.018659553504733667,
  "Hour": 0.0000000000154907503385215,
  "Hour_Fluctuation": 0.022899101777208462,
  "Day": 0.0000000000155230324480136,
  "Day_Fluctuation": 0.02564433536839621,
  "Week": 0.0000000000153793732289975,
  "Week_Fluctuation": 0.20825423433705037,
  "Updated": "2018-04-23T04:56:43.7134419Z"
}
