{
  "Live": 0.000000000000152897055617632,
  "Minute": 0.00000000000014854268412208,
  "Minute_Fluctuation": 0.11297646485806656,
  "Minute_5": 0.000000000000148409768262222,
  "Minute_5_Fluctuation": 0.043183369641153456,
  "Minute_10": 0.000000000000150251085420618,
  "Minute_10_Fluctuation": 0.02383825632221432,
  "Hour": 0.000000000000152395155364496,
  "Hour_Fluctuation": 0.0044525264327244579,
  "Day": 0.000000000000152878559265768,
  "Day_Fluctuation": 0.00017962815526949462,
  "Week": 0.000000000000152897055617632,
  "Week_Fluctuation": 0.382989279590901,
  "Updated": "2018-04-24T23:41:52.9466716Z"
}
