{
  "Live": 0.0000000000000431432,
  "Minute": 0.0000000000000333558940397466,
  "Minute_Fluctuation": 0.33013364756033325,
  "Minute_5": 0.0000000000000270149300030716,
  "Minute_5_Fluctuation": 0.092729411031527723,
  "Minute_10": 0.0000000000000265132879441749,
  "Minute_10_Fluctuation": 0.074294579463123234,
  "Hour": 0.0000000000000254285099724351,
  "Hour_Fluctuation": 0.061866278889906604,
  "Day": 0.0000000000000257859813049336,
  "Day_Fluctuation": 0.029984229829333683,
  "Week": 0.0000000000000254304753237686,
  "Week_Fluctuation": 0.23288942266258894,
  "Updated": "2018-04-22T08:33:33.7686214Z"
}
