{
  "Live": 0.00000000008464465,
  "Minute": 0.00000000008464465,
  "Minute_Fluctuation": 0.045344292082076056,
  "Minute_5": 0.00000000008464465,
  "Minute_5_Fluctuation": 0.038679844376375123,
  "Minute_10": 0.0000000000836134367167414,
  "Minute_10_Fluctuation": 0.050688836074985935,
  "Hour": 0.0000000000802946305063602,
  "Hour_Fluctuation": 0.13866513755295104,
  "Day": 0.0000000000815339019285238,
  "Day_Fluctuation": 0.47218277447261997,
  "Week": 0.0000000000816243500006105,
  "Week_Fluctuation": 0.49592611422802907,
  "Updated": "2018-04-28T01:28:11.3846226Z"
}
