{
  "Live": 0.00000000000078605,
  "Minute": 0.000000000000987306635745563,
  "Minute_Fluctuation": 0.17833259940702967,
  "Minute_5": 0.00000000000111228932256193,
  "Minute_5_Fluctuation": 0.0949423339168318,
  "Minute_10": 0.0000000000011018379981755,
  "Minute_10_Fluctuation": 0.17417463243394693,
  "Hour": 0.00000000000121847839792506,
  "Hour_Fluctuation": 0.11163360464184953,
  "Day": 0.0000000000011584967409329,
  "Day_Fluctuation": 0.035895623492149781,
  "Week": 0.00000000000114351949542093,
  "Week_Fluctuation": 0.2354598123742119,
  "Updated": "2018-04-22T08:33:33.0674579Z"
}
