{
  "Live": 0.00000000000978078680289579,
  "Minute": 0.00000000000974000881095708,
  "Minute_Fluctuation": 0.015732270344687996,
  "Minute_5": 0.00000000000973814692339894,
  "Minute_5_Fluctuation": 0.0058089015094909329,
  "Minute_10": 0.00000000000975563106862491,
  "Minute_10_Fluctuation": 0.0031177461252138391,
  "Hour": 0.00000000000977601355254282,
  "Hour_Fluctuation": 0.0036017666718858969,
  "Day": 0.00000000000978061088619912,
  "Day_Fluctuation": 5.540773202574752E-05,
  "Week": 0.00000000000978078680289579,
  "Week_Fluctuation": 0.38298462717077875,
  "Updated": "2018-04-24T23:41:52.864114Z"
}
