{
  "Live": 0.0000000000008358,
  "Minute": 0.00000000000118643883469687,
  "Minute_Fluctuation": 0.092336638326226766,
  "Minute_5": 0.00000000000127226903553365,
  "Minute_5_Fluctuation": 0.018950192396279091,
  "Minute_10": 0.00000000000128299781063825,
  "Minute_10_Fluctuation": 0.0095050580425988171,
  "Hour": 0.00000000000129193845655875,
  "Hour_Fluctuation": 0.0035335213560596839,
  "Day": 0.00000000000129458061996341,
  "Day_Fluctuation": 0.23483528375351373,
  "Week": 0.00000000000129371594211675,
  "Week_Fluctuation": 0.45578911397379068,
  "Updated": "2018-04-26T17:09:44.3865619Z"
}
