{
  "Live": 0.000000000152626631232384,
  "Minute": 0.000000000152949346355318,
  "Minute_Fluctuation": 0.0077367560181816654,
  "Minute_5": 0.000000000152954380437732,
  "Minute_5_Fluctuation": 0.0094579915211724132,
  "Minute_10": 0.000000000152819783851411,
  "Minute_10_Fluctuation": 0.006434758983792619,
  "Hour": 0.000000000152663255550894,
  "Hour_Fluctuation": 0.0017485562111340407,
  "Day": 0.000000000152627980849028,
  "Day_Fluctuation": 0.00010737019264898518,
  "Week": 0.000000000152626631232384,
  "Week_Fluctuation": 0.38297903422078905,
  "Updated": "2018-04-24T23:41:53.0132927Z"
}
