{
  "Live": 0.00000000001577075,
  "Minute": 0.0000000000187477415976213,
  "Minute_Fluctuation": 0.085924838383630686,
  "Minute_5": 0.0000000000195405035912302,
  "Minute_5_Fluctuation": 0.018752024756147491,
  "Minute_10": 0.0000000000196176674935943,
  "Minute_10_Fluctuation": 0.012126149746227326,
  "Hour": 0.0000000000195298644505309,
  "Hour_Fluctuation": 0.035705293054755186,
  "Day": 0.0000000000198157197708,
  "Day_Fluctuation": 0.037663337475730474,
  "Week": 0.0000000000197385957808534,
  "Week_Fluctuation": 0.21644159922172432,
  "Updated": "2018-04-23T03:20:01.8369074Z"
}
