{
  "Live": 0.00000000000014283225,
  "Minute": 0.00000000000016059231438273,
  "Minute_Fluctuation": 0.048919723992715033,
  "Minute_5": 0.00000000000016469898511185,
  "Minute_5_Fluctuation": 0.010531806976515389,
  "Minute_10": 0.00000000000016521231895299,
  "Minute_10_Fluctuation": 0.0053106798496098933,
  "Hour": 0.00000000000016564009715394,
  "Hour_Fluctuation": 0.0039208101588495432,
  "Day": 0.000000000000165665474626869,
  "Day_Fluctuation": 0.2336345088217347,
  "Week": 0.000000000000165725143534367,
  "Week_Fluctuation": 0.45560777362394717,
  "Updated": "2018-04-26T17:09:43.5418822Z"
}
