{
  "Live": 0.00000000000003113355,
  "Minute": 0.0000000000000294693100958826,
  "Minute_Fluctuation": 0.15881868980793781,
  "Minute_5": 0.0000000000000262382422781914,
  "Minute_5_Fluctuation": 0.03176373796158756,
  "Minute_10": 0.00000000000002583435880098,
  "Minute_10_Fluctuation": 0.01588186898079378,
  "Hour": 0.0000000000000254977892366372,
  "Hour_Fluctuation": 0.0027060770546596035,
  "Day": 0.00000000000002575266417037,
  "Day_Fluctuation": 0.028422617907050206,
  "Week": 0.0000000000000254308760018214,
  "Week_Fluctuation": 0.22949841234322421,
  "Updated": "2018-04-22T11:01:12.331317Z"
}
