{
  "Live": 0.00000000001437775,
  "Minute": 0.00000000001437775,
  "Minute_Fluctuation": 0.27944937296399014,
  "Minute_5": 0.00000000001437775,
  "Minute_5_Fluctuation": 0.33759976891673216,
  "Minute_10": 0.00000000001437775,
  "Minute_10_Fluctuation": 0.34425748133665424,
  "Hour": 0.0000000000207190581691541,
  "Hour_Fluctuation": 0.067172898791769978,
  "Day": 0.0000000000219431193098553,
  "Day_Fluctuation": 0.023557688519762757,
  "Week": 0.0000000000221350298561886,
  "Week_Fluctuation": 0.21370381167791355,
  "Updated": "2018-04-23T00:04:00.2747048Z"
}
