{
  "Live": 0.0000000000122584,
  "Minute": 0.0000000000122584,
  "Minute_Fluctuation": 0.0,
  "Minute_5": 0.0000000000122584,
  "Minute_5_Fluctuation": 0.0,
  "Minute_10": 0.0000000000122584,
  "Minute_10_Fluctuation": 0.0,
  "Hour": 0.00000000000947576461667866,
  "Hour_Fluctuation": 0.16114918720459726,
  "Day": 0.00000000000834645470343029,
  "Day_Fluctuation": 0.087617086803136776,
  "Week": 0.00000000000801392211170309,
  "Week_Fluctuation": 0.232358978808292,
  "Updated": "2018-04-23T00:14:53.774962Z"
}
