{
  "Live": 0.0000000000183876,
  "Minute": 0.0000000000179779114522019,
  "Minute_Fluctuation": 0.013281090759659426,
  "Minute_5": 0.0000000000178679627170993,
  "Minute_5_Fluctuation": 0.0030386222194437114,
  "Minute_10": 0.0000000000178546888978098,
  "Minute_10_Fluctuation": 0.0019633204082484435,
  "Hour": 0.0000000000178581813173145,
  "Hour_Fluctuation": 0.0028301270815348717,
  "Day": 0.0000000000179094748378667,
  "Day_Fluctuation": 0.0086236891229953382,
  "Week": 0.0000000000178404891678394,
  "Week_Fluctuation": 0.20280290646712451,
  "Updated": "2018-04-23T04:56:45.3995055Z"
}
