{
  "Live": 0.00000000004126265,
  "Minute": 0.0000000000310983916314847,
  "Minute_Fluctuation": 0.14256952911360721,
  "Minute_5": 0.0000000000287559715401436,
  "Minute_5_Fluctuation": 0.030684609164137865,
  "Minute_10": 0.0000000000285232509275689,
  "Minute_10_Fluctuation": 0.017799812667246451,
  "Hour": 0.0000000000283926096840314,
  "Hour_Fluctuation": 0.018941855193373745,
  "Day": 0.0000000000281927006699885,
  "Day_Fluctuation": 0.15038580731173998,
  "Week": 0.0000000000281706569959903,
  "Week_Fluctuation": 0.43028894627984765,
  "Updated": "2018-04-27T02:43:37.0438113Z"
}
