{
    "Live":  0.00000000000271635,
    "Minute":  0.00000000000271635,
    "Minute_Fluctuation":  0.14225941422594138,
    "Minute_5":  0.00000000000270885247265779,
    "Minute_5_Fluctuation":  123645.4768229925,
    "Minute_10":  0.0000000000013273936513838,
    "Minute_10_Fluctuation":  132739365.13838,
    "Hour":  0.000000000000221232275230633,
    "Hour_Fluctuation":  22123227.523063332,
    "Day":  0.0000000000000092180114679431,
    "Day_Fluctuation":  921801.14679430553,
    "Week":  0.0000000000000013168587811347,
    "Week_Fluctuation":  131685.87811347222,
    "Updated":  "\/Date(1530628748182)\/"
}
