{
    "Live":  0.0000000000634412,
    "Minute":  0.0000000000634412,
    "Minute_Fluctuation":  0.056525599289730763,
    "Minute_5":  0.0000000000635224586674913,
    "Minute_5_Fluctuation":  0.057060300481602252,
    "Minute_10":  0.0000000000309935081043323,
    "Minute_10_Fluctuation":  3099350810.4332266,
    "Hour":  0.00000000000516558468405538,
    "Hour_Fluctuation":  516558468.40553778,
    "Day":  0.000000000000215232695168974,
    "Day_Fluctuation":  21523269.516897406,
    "Week":  0.000000000000030747527881282,
    "Week_Fluctuation":  3074752.7881282009,
    "Updated":  "\/Date(1530628746482)\/"
}
