{
  "Live": 0.00000000000992001706676313,
  "Minute": 0.0000000000099694836638319,
  "Minute_Fluctuation": 0.017790139010168383,
  "Minute_5": 0.0000000000099699474872645,
  "Minute_5_Fluctuation": 0.0097260865617118282,
  "Minute_10": 0.00000000000994943580647277,
  "Minute_10_Fluctuation": 0.00587384359057857,
  "Hour": 0.00000000000992559438984916,
  "Hour_Fluctuation": 0.0027841509754193911,
  "Day": 0.00000000000992022258733334,
  "Day_Fluctuation": 0.00012651669732727941,
  "Week": 0.00000000000992001706676313,
  "Week_Fluctuation": 0.38296562660719297,
  "Updated": "2018-04-24T23:41:53.0457792Z"
}
