{
    "Live":  0.0000000000033631,
    "Minute":  0.0000000000033631,
    "Minute_Fluctuation":  0,
    "Minute_5":  0.00000000000336288309295464,
    "Minute_5_Fluctuation":  0.0068427041961775159,
    "Minute_10":  0.0000000000016428299167228,
    "Minute_10_Fluctuation":  164282991.67228,
    "Hour":  0.000000000000273804986120467,
    "Hour_Fluctuation":  27380498.612046663,
    "Day":  0.0000000000000114085410883528,
    "Day_Fluctuation":  1140854.1088352776,
    "Week":  0.0000000000000016297915840504,
    "Week_Fluctuation":  162979.15840503969,
    "Updated":  "\/Date(1530628746030)\/"
}
