{
    "Live":  0.00000000000017317975,
    "Minute":  0.00000000000017317975,
    "Minute_Fluctuation":  0.52782654494382031,
    "Minute_5":  0.000000000000171816740408562,
    "Minute_5_Fluctuation":  0.536458388999342,
    "Minute_10":  0.000000000000084640700199643,
    "Minute_10_Fluctuation":  8464070.0199643,
    "Hour":  0.0000000000000141067833666072,
    "Hour_Fluctuation":  1410678.3366607164,
    "Day":  0.0000000000000005877826402753,
    "Day_Fluctuation":  58778.264027529862,
    "Week":  0.0000000000000000839689486108,
    "Week_Fluctuation":  8396.8948610756943,
    "Updated":  "\/Date(1530628749195)\/"
}
