{
    "Live":  0.000000000000005174,
    "Minute":  0.000000000000005174,
    "Minute_Fluctuation":  0,
    "Minute_5":  0.000000000000005174,
    "Minute_5_Fluctuation":  0.00045856254356419775,
    "Minute_10":  0.000000000000002527839387112,
    "Minute_10_Fluctuation":  252783.93871120003,
    "Hour":  0.0000000000000004213065645187,
    "Hour_Fluctuation":  42130.656451866671,
    "Day":  0.0000000000000000175544401883,
    "Day_Fluctuation":  1755.4440188277779,
    "Week":  0.0000000000000000025077771698,
    "Week_Fluctuation":  250.77771697539686,
    "Updated":  "\/Date(1530628746560)\/"
}
