{
  "Live": 0.0000000002381433,
  "Minute": 0.0000000002381433,
  "Minute_Fluctuation": 0.41836837784775804,
  "Minute_5": 0.0000000002381433,
  "Minute_5_Fluctuation": 0.36158049518442775,
  "Minute_10": 0.00000000021736487565451,
  "Minute_10_Fluctuation": 0.26317989726313529,
  "Hour": 0.00000000019071131881286,
  "Hour_Fluctuation": 0.19636818000779122,
  "Day": 0.000000000177401826370972,
  "Day_Fluctuation": 0.4756025351486351,
  "Week": 0.00000000017669257889688,
  "Week_Fluctuation": 0.49642307766783828,
  "Updated": "2018-04-28T01:28:12.2665878Z"
}
