{
  "Live": 0.0000000000000291137,
  "Minute": 0.000000000000026346689709317,
  "Minute_Fluctuation": 0.048003159450578037,
  "Minute_5": 0.0000000000000256141828891034,
  "Minute_5_Fluctuation": 0.010354137857914076,
  "Minute_10": 0.0000000000000255211614471978,
  "Minute_10_Fluctuation": 0.0062611064705088591,
  "Hour": 0.0000000000000254111046507462,
  "Hour_Fluctuation": 0.0073718473861413541,
  "Day": 0.0000000000000255630408404991,
  "Day_Fluctuation": 0.023369384955254514,
  "Week": 0.0000000000000254311470207093,
  "Week_Fluctuation": 0.20686682558515956,
  "Updated": "2018-04-23T04:56:45.2221941Z"
}
