{
    "Live":  0.000000000000087958,
    "Minute":  0.000000000000087958,
    "Minute_Fluctuation":  0.54060648309515524,
    "Minute_5":  0.0000000000000872734561948732,
    "Minute_5_Fluctuation":  0.52067002697628273,
    "Minute_10":  0.0000000000000429838831795707,
    "Minute_10_Fluctuation":  4298388.3179570679,
    "Hour":  0.0000000000000071639805299284,
    "Hour_Fluctuation":  716398.0529928446,
    "Day":  0.000000000000000298499188747,
    "Day_Fluctuation":  29849.918874701856,
    "Week":  0.0000000000000000426427412496,
    "Week_Fluctuation":  4264.2741249574083,
    "Updated":  "\/Date(1530628748536)\/"
}
