{
  "Live": 0.0000000000192035,
  "Minute": 0.0000000000175770111508332,
  "Minute_Fluctuation": 0.04638082803598266,
  "Minute_5": 0.000000000017209818004244,
  "Minute_5_Fluctuation": 0.010255991571391194,
  "Minute_10": 0.0000000000171917626333823,
  "Minute_10_Fluctuation": 0.0084632351502130672,
  "Hour": 0.0000000000172403397648908,
  "Hour_Fluctuation": 0.014952162136672116,
  "Day": 0.0000000000171382297860082,
  "Day_Fluctuation": 0.14970807617183995,
  "Week": 0.0000000000171180652524611,
  "Week_Fluctuation": 0.43015984870247864,
  "Updated": "2018-04-27T02:43:36.7611749Z"
}
