{
  "Live": 0.00000000000001760155,
  "Minute": 0.00000000000001760155,
  "Minute_Fluctuation": 0.26810035842293883,
  "Minute_5": 0.00000000000001760155,
  "Minute_5_Fluctuation": 0.26810035842293883,
  "Minute_10": 0.00000000000001760155,
  "Minute_10_Fluctuation": 0.26810035842293883,
  "Hour": 0.0000000000000265142749756155,
  "Hour_Fluctuation": 0.1594402309436406,
  "Day": 0.000000000000031175252504679,
  "Day_Fluctuation": 0.04100149844740595,
  "Week": 0.0000000000000317603705140054,
  "Week_Fluctuation": 0.21630554090264006,
  "Updated": "2018-04-23T00:14:48.7312173Z"
}
