{
    "Live":  0.0000000000581478,
    "Minute":  0.0000000000581478,
    "Minute_Fluctuation":  1.1113659563337786E-16,
    "Minute_5":  0.0000000000581478,
    "Minute_5_Fluctuation":  0.00043655862667399994,
    "Minute_10":  0.0000000000284125533606664,
    "Minute_10_Fluctuation":  2841255336.0666409,
    "Hour":  0.00000000000473542556011107,
    "Hour_Fluctuation":  473542556.01110673,
    "Day":  0.000000000000197309398337961,
    "Day_Fluctuation":  19730939.833796114,
    "Week":  0.000000000000028187056905423,
    "Week_Fluctuation":  2818705.6905423021,
    "Updated":  "\/Date(1530628747315)\/"
}
