{
  "Live": 0.0000000000150245,
  "Minute": 0.0000000000186746995424172,
  "Minute_Fluctuation": 0.11861253316970755,
  "Minute_5": 0.0000000000195253848701633,
  "Minute_5_Fluctuation": 0.028690622514681574,
  "Minute_10": 0.0000000000196372775397829,
  "Minute_10_Fluctuation": 0.01955910468831832,
  "Hour": 0.0000000000197096554120458,
  "Hour_Fluctuation": 0.018238148065294158,
  "Day": 0.0000000000198064533020589,
  "Day_Fluctuation": 0.036007409578591956,
  "Week": 0.0000000000197379507103677,
  "Week_Fluctuation": 0.21445832117081562,
  "Updated": "2018-04-23T04:56:43.6299046Z"
}
