{
  "Live": 0.0000000001611701,
  "Minute": 0.0000000001611701,
  "Minute_Fluctuation": 0.26653818983839239,
  "Minute_5": 0.0000000001611701,
  "Minute_5_Fluctuation": 0.13121219736081002,
  "Minute_10": 0.0000000001611701,
  "Minute_10_Fluctuation": 0.1163382595664664,
  "Hour": 0.000000000149139794403743,
  "Hour_Fluctuation": 0.028777879367019261,
  "Day": 0.000000000147497265382172,
  "Day_Fluctuation": 0.029922434440624025,
  "Week": 0.000000000146295176568964,
  "Week_Fluctuation": 0.21513411621789102,
  "Updated": "2018-04-23T00:03:58.1922338Z"
}
