{
  "Live": 0.0000000000002786,
  "Minute": 0.0000000000002786,
  "Minute_Fluctuation": 0.44615064407219862,
  "Minute_5": 0.0000000000002786,
  "Minute_5_Fluctuation": 0.35568432429635394,
  "Minute_10": 0.000000000000254732478760187,
  "Minute_10_Fluctuation": 0.40190901559784475,
  "Hour": 0.000000000000200004609080241,
  "Hour_Fluctuation": 0.28626283319130275,
  "Day": 0.000000000000207694725912666,
  "Day_Fluctuation": 0.48003865129664863,
  "Week": 0.000000000000208763582403066,
  "Week_Fluctuation": 0.49705782417237687,
  "Updated": "2018-04-28T01:28:11.5641412Z"
}
