{
  "Live": 0.00000000013140965,
  "Minute": 0.00000000013140965,
  "Minute_Fluctuation": 0.41236929922135718,
  "Minute_5": 0.00000000013140965,
  "Minute_5_Fluctuation": 0.41236929922135718,
  "Minute_10": 0.00000000013140965,
  "Minute_10_Fluctuation": 0.41236929922135718,
  "Hour": 0.000000000160206918218978,
  "Hour_Fluctuation": 0.10833426303648572,
  "Day": 0.000000000154879080508214,
  "Day_Fluctuation": 0.02157743430687915,
  "Week": 0.000000000154334482869514,
  "Week_Fluctuation": 0.21378790303126649,
  "Updated": "2018-04-23T00:14:50.9801983Z"
}
