{
    "Live":  0.00000000007686375,
    "Minute":  0.00000000007686375,
    "Minute_Fluctuation":  0.0093613747114645613,
    "Minute_5":  0.00000000007688340803547,
    "Minute_5_Fluctuation":  0.013155631120129501,
    "Minute_10":  0.000000000037560864311135,
    "Minute_10_Fluctuation":  3756086431.1135,
    "Hour":  0.00000000000626014405185583,
    "Hour_Fluctuation":  626014405.18558323,
    "Day":  0.000000000000260839335493993,
    "Day_Fluctuation":  26083933.549399305,
    "Week":  0.0000000000000372627622134276,
    "Week_Fluctuation":  3726276.2213427578,
    "Updated":  "\/Date(1530628748291)\/"
}
