{
    "Live":  0.000000000064476,
    "Minute":  0.000000000064476,
    "Minute_Fluctuation":  0,
    "Minute_5":  0.000000000064476,
    "Minute_5_Fluctuation":  0.00041618860992680444,
    "Minute_10":  0.000000000031504464371088,
    "Minute_10_Fluctuation":  3150446437.1088,
    "Hour":  0.000000000005250744061848,
    "Hour_Fluctuation":  525074406.18479997,
    "Day":  0.000000000000218781002577,
    "Day_Fluctuation":  21878100.257699996,
    "Week":  0.0000000000000312544289395714,
    "Week_Fluctuation":  3125442.8939571427,
    "Updated":  "\/Date(1530628747282)\/"
}
