{
  "Live": 0.00000000000113791185,
  "Minute": 0.00000000000127413153271362,
  "Minute_Fluctuation": 0.042548577031659721,
  "Minute_5": 0.00000000000131372966590101,
  "Minute_5_Fluctuation": 0.0088013525842753435,
  "Minute_10": 0.00000000000131847866062509,
  "Minute_10_Fluctuation": 0.0046963823466597554,
  "Hour": 0.00000000000132947933091942,
  "Hour_Fluctuation": 0.026866260306974556,
  "Day": 0.0000000000013266789355102,
  "Day_Fluctuation": 0.0185944214061088,
  "Week": 0.00000000000132362428871507,
  "Week_Fluctuation": 0.20788540098858219,
  "Updated": "2018-04-23T03:20:03.1200497Z"
}
