{
  "Live": 0.0000000000194423,
  "Minute": 0.0000000000180698400485074,
  "Minute_Fluctuation": 0.024140467187313833,
  "Minute_5": 0.0000000000177539553052502,
  "Minute_5_Fluctuation": 0.0049116279929565529,
  "Minute_10": 0.0000000000177144697123431,
  "Minute_10_Fluctuation": 0.0024609420852471308,
  "Hour": 0.0000000000176815650515871,
  "Hour_Fluctuation": 0.0016511224687108636,
  "Day": 0.000000000017684897359121,
  "Day_Fluctuation": 0.23497832062621782,
  "Week": 0.0000000000176750232916511,
  "Week_Fluctuation": 0.4558229479436795,
  "Updated": "2018-04-26T17:09:43.4583458Z"
}
