{
  "Live": 0.0000000000459491,
  "Minute": 0.0000000000501935600381739,
  "Minute_Fluctuation": 0.046682622149850306,
  "Minute_5": 0.0000000000512786692226261,
  "Minute_5_Fluctuation": 0.010488445140893768,
  "Minute_10": 0.0000000000514143078706826,
  "Minute_10_Fluctuation": 0.005316772811104889,
  "Hour": 0.0000000000515273400773964,
  "Hour_Fluctuation": 0.0010024721515700728,
  "Day": 0.0000000000516060045200159,
  "Day_Fluctuation": 0.2356706648452063,
  "Week": 0.0000000000515498119565883,
  "Week_Fluctuation": 0.455924460499166,
  "Updated": "2018-04-26T17:09:45.1246627Z"
}
