{
  "Live": 0.000000000000189054102833608,
  "Minute": 0.000000000000205790049186315,
  "Minute_Fluctuation": 0.26511079270891835,
  "Minute_5": 0.000000000000206093627086505,
  "Minute_5_Fluctuation": 0.11370170089911813,
  "Minute_10": 0.000000000000199096887662507,
  "Minute_10_Fluctuation": 0.062469743511942559,
  "Hour": 0.000000000000190958457920165,
  "Hour_Fluctuation": 0.013555447283252139,
  "Day": 0.000000000000189124279534668,
  "Day_Fluctuation": 0.00063374999211814791,
  "Week": 0.000000000000189054102833608,
  "Week_Fluctuation": 0.3830333313534332,
  "Updated": "2018-04-24T23:41:52.9955445Z"
}
