{
  "Live": 0.00000000000014925,
  "Minute": 0.00000000000014925,
  "Minute_Fluctuation": 0.25000000000000006,
  "Minute_5": 0.00000000000014925,
  "Minute_5_Fluctuation": 0.25000000000000006,
  "Minute_10": 0.00000000000014925,
  "Minute_10_Fluctuation": 0.25000000000000006,
  "Hour": 0.000000000000177501166829406,
  "Hour_Fluctuation": 0.057880512245751331,
  "Day": 0.000000000000179197398804803,
  "Day_Fluctuation": 0.016237341374420573,
  "Week": 0.00000000000017899514528647,
  "Week_Fluctuation": 0.21234396885637691,
  "Updated": "2018-04-23T00:14:50.7349678Z"
}
