{
    "Live":  0.00000000001411905,
    "Minute":  0.00000000001411905,
    "Minute_Fluctuation":  0,
    "Minute_5":  0.00000000001411905,
    "Minute_5_Fluctuation":  0.00044231806638509748,
    "Minute_10":  0.0000000000068999296782614,
    "Minute_10_Fluctuation":  689992967.82614,
    "Hour":  0.00000000000114998827971023,
    "Hour_Fluctuation":  114998827.97102332,
    "Day":  0.0000000000000479161783212597,
    "Day_Fluctuation":  4791617.832125972,
    "Week":  0.0000000000000068451683316085,
    "Week_Fluctuation":  684516.83316085313,
    "Updated":  "\/Date(1530628748464)\/"
}
