{
    "Live":  0.00000000002365115,
    "Minute":  0.00000000002365115,
    "Minute_Fluctuation":  1.3661806160737489E-16,
    "Minute_5":  0.0000000000236518717889756,
    "Minute_5_Fluctuation":  0.0031570559622053386,
    "Minute_10":  0.0000000000115561045502895,
    "Minute_10_Fluctuation":  1155610455.0289536,
    "Hour":  0.00000000000192601742504826,
    "Hour_Fluctuation":  192601742.50482559,
    "Day":  0.0000000000000802507260436773,
    "Day_Fluctuation":  8025072.604367733,
    "Week":  0.000000000000011464389434811,
    "Week_Fluctuation":  1146438.9434811047,
    "Updated":  "\/Date(1530628747178)\/"
}
