{
  "Live": 0.00000000000017383645,
  "Minute": 0.000000000000172013128856433,
  "Minute_Fluctuation": 0.0050160277427216439,
  "Minute_5": 0.000000000000171582373889699,
  "Minute_5_Fluctuation": 0.0011152506876989828,
  "Minute_10": 0.000000000000171529849558706,
  "Minute_10_Fluctuation": 0.00070349006472850487,
  "Hour": 0.000000000000171569034148012,
  "Hour_Fluctuation": 0.0017553135694021551,
  "Day": 0.000000000000171885684009566,
  "Day_Fluctuation": 0.0055268205349573787,
  "Week": 0.000000000000171474738565051,
  "Week_Fluctuation": 0.20153459205522872,
  "Updated": "2018-04-23T04:56:43.7969477Z"
}
