{
  "Live": 0.0000000000230641,
  "Minute": 0.0000000000187568977245145,
  "Minute_Fluctuation": 0.13230970831858985,
  "Minute_5": 0.0000000000178939915862474,
  "Minute_5_Fluctuation": 0.030625845686105282,
  "Minute_10": 0.0000000000179125165612182,
  "Minute_10_Fluctuation": 0.03040436153924176,
  "Hour": 0.0000000000178442762785449,
  "Hour_Fluctuation": 0.018715500347532135,
  "Day": 0.000000000017703416394886,
  "Day_Fluctuation": 0.15119210840468192,
  "Week": 0.0000000000176783720588902,
  "Week_Fluctuation": 0.43044808368440191,
  "Updated": "2018-04-27T02:43:35.2354307Z"
}
