{
  "Live": 0.0000000000081192,
  "Minute": 0.00000000000878344865775251,
  "Minute_Fluctuation": 0.036985733189731085,
  "Minute_5": 0.00000000000893394659760894,
  "Minute_5_Fluctuation": 0.0082422265049443173,
  "Minute_10": 0.00000000000895220894310522,
  "Minute_10_Fluctuation": 0.0053158868170179972,
  "Hour": 0.00000000000896826714792129,
  "Hour_Fluctuation": 0.0059737124304023795,
  "Day": 0.00000000000906038320417922,
  "Day_Fluctuation": 0.020456438698525176,
  "Week": 0.00000000000897155241963407,
  "Week_Fluctuation": 0.20482217944716791,
  "Updated": "2018-04-23T04:56:43.288809Z"
}
