{
  "Live": 0.0000000000001794582,
  "Minute": 0.00000000000015699934748801,
  "Minute_Fluctuation": 0.11194829380956724,
  "Minute_5": 0.000000000000152442974414036,
  "Minute_5_Fluctuation": 0.024158184172988355,
  "Minute_10": 0.00000000000015118799869104,
  "Minute_10_Fluctuation": 0.020020555027334838,
  "Hour": 0.000000000000151419773600741,
  "Hour_Fluctuation": 0.0191788208862293,
  "Day": 0.000000000000151215444908619,
  "Day_Fluctuation": 0.15128786710762138,
  "Week": 0.000000000000151304446171965,
  "Week_Fluctuation": 0.43050438715454004,
  "Updated": "2018-04-27T02:43:35.3883997Z"
}
