{
  "Live": 0.00000000000135659059555931,
  "Minute": 0.0000000000013770958719695,
  "Minute_Fluctuation": 0.052076088362713893,
  "Minute_5": 0.00000000000137711127274337,
  "Minute_5_Fluctuation": 0.022079939346355271,
  "Minute_10": 0.00000000000136867741325315,
  "Minute_10_Fluctuation": 0.012392617910632862,
  "Hour": 0.00000000000135888157360794,
  "Hour_Fluctuation": 0.0027941278859929682,
  "Day": 0.00000000000135667501349641,
  "Day_Fluctuation": 0.00019559347854951903,
  "Week": 0.00000000000135659059555931,
  "Week_Fluctuation": 0.38297067560391546,
  "Updated": "2018-04-24T23:41:53.093568Z"
}
