{
    "Live":  0.0000000000029452,
    "Minute":  0.0000000000029452,
    "Minute_Fluctuation":  0.17928286852589639,
    "Minute_5":  0.00000000000293440209830616,
    "Minute_5_Fluctuation":  0.21666786825188969,
    "Minute_10":  0.0000000000014391566296176,
    "Minute_10_Fluctuation":  143915662.96176,
    "Hour":  0.0000000000002398594382696,
    "Hour_Fluctuation":  23985943.826959997,
    "Day":  0.0000000000000099941432612333,
    "Day_Fluctuation":  999414.3261233333,
    "Week":  0.0000000000000014277347516048,
    "Week_Fluctuation":  142773.47516047617,
    "Updated":  "\/Date(1530628747872)\/"
}
