{
  "Live": 0.0000000000001425636,
  "Minute": 0.0000000000001425636,
  "Minute_Fluctuation": 0.085543500594494282,
  "Minute_5": 0.0000000000001425636,
  "Minute_5_Fluctuation": 0.095763823866375788,
  "Minute_10": 0.000000000000147689024231518,
  "Minute_10_Fluctuation": 0.093760370478626592,
  "Hour": 0.000000000000151704169727866,
  "Hour_Fluctuation": 0.14254380394808705,
  "Day": 0.000000000000157664861640702,
  "Day_Fluctuation": 0.47258291745386882,
  "Week": 0.000000000000158091953860512,
  "Week_Fluctuation": 0.49598566878227629,
  "Updated": "2018-04-28T01:28:10.802383Z"
}
