{
  "Live": 0.00000000000416905,
  "Minute": 0.00000000000423633734341818,
  "Minute_Fluctuation": 0.013252472538746281,
  "Minute_5": 0.00000000000425253209532704,
  "Minute_5_Fluctuation": 0.0031437173379933294,
  "Minute_10": 0.00000000000425437903712606,
  "Minute_10_Fluctuation": 0.0026013085437492809,
  "Hour": 0.00000000000425442711075705,
  "Hour_Fluctuation": 0.008833373609764588,
  "Day": 0.00000000000427888562263274,
  "Day_Fluctuation": 0.036552516099151229,
  "Week": 0.00000000000425657877502649,
  "Week_Fluctuation": 0.21278088178714821,
  "Updated": "2018-04-23T04:56:44.0180767Z"
}
