{
  "Live": 0.0000000000002587,
  "Minute": 0.0000000000002587,
  "Minute_Fluctuation": 0.20077630258109225,
  "Minute_5": 0.0000000000002587,
  "Minute_5_Fluctuation": 0.26406750847015842,
  "Minute_10": 0.0000000000002587,
  "Minute_10_Fluctuation": 0.27070439420257042,
  "Hour": 0.00000000000033878681912484,
  "Hour_Fluctuation": 0.057651439181530678,
  "Day": 0.000000000000357035458298378,
  "Day_Fluctuation": 0.01015571607549871,
  "Week": 0.000000000000358377323299215,
  "Week_Fluctuation": 0.20915436066776422,
  "Updated": "2018-04-23T00:03:59.7309052Z"
}
