{
  "Live": 0.00000000000052735,
  "Minute": 0.000000000000527364798206019,
  "Minute_Fluctuation": 0.01094704644254527,
  "Minute_5": 0.000000000000527368174320965,
  "Minute_5_Fluctuation": 0.0027180318483941354,
  "Minute_10": 0.000000000000527368596335334,
  "Minute_10_Fluctuation": 0.0013918425432141023,
  "Hour": 0.000000000000527368948013974,
  "Hour_Fluctuation": 0.0016372747289127077,
  "Day": 0.000000000000527401465816053,
  "Day_Fluctuation": 0.2339736808668206,
  "Week": 0.000000000000527369017931037,
  "Week_Fluctuation": 0.45567188564126837,
  "Updated": "2018-04-26T17:09:43.314015Z"
}
