{
  "Live": 0.00000000004430735,
  "Minute": 0.00000000004430735,
  "Minute_Fluctuation": 0.036409647661597162,
  "Minute_5": 0.00000000004430735,
  "Minute_5_Fluctuation": 0.05384974161334357,
  "Minute_10": 0.0000000000451768978819408,
  "Minute_10_Fluctuation": 0.058164522866655036,
  "Hour": 0.0000000000454525276673785,
  "Hour_Fluctuation": 0.15649603253197505,
  "Day": 0.0000000000469532278242489,
  "Day_Fluctuation": 0.47425277505617169,
  "Week": 0.0000000000470390553160733,
  "Week_Fluctuation": 0.49623173987350055,
  "Updated": "2018-04-28T01:28:14.5760147Z"
}
