{
    "Live":  0.0000000000000048556,
    "Minute":  0.0000000000000048556,
    "Minute_Fluctuation":  0.14823529411764694,
    "Minute_5":  0.0000000000000048428765296824,
    "Minute_5_Fluctuation":  0.13864054607911949,
    "Minute_10":  0.0000000000000023731006366128,
    "Minute_10_Fluctuation":  237310.06366128,
    "Hour":  0.0000000000000003955167727688,
    "Hour_Fluctuation":  39551.67727688,
    "Day":  0.000000000000000016479865532,
    "Day_Fluctuation":  1647.9865532033334,
    "Week":  0.0000000000000000023542665046,
    "Week_Fluctuation":  235.42665045761905,
    "Updated":  "\/Date(1530628749829)\/"
}
