{
  "Live": 0.0000000000002786,
  "Minute": 0.0000000000002786,
  "Minute_Fluctuation": 0.18227089056322751,
  "Minute_5": 0.0000000000002786,
  "Minute_5_Fluctuation": 0.214181299757157,
  "Minute_10": 0.000000000000304357010839003,
  "Minute_10_Fluctuation": 0.19860877081560363,
  "Hour": 0.000000000000333042015623557,
  "Hour_Fluctuation": 0.17566268449353162,
  "Day": 0.000000000000356412863338082,
  "Day_Fluctuation": 0.47439944233663578,
  "Week": 0.00000000000035793911727144,
  "Week_Fluctuation": 0.49624848135131988,
  "Updated": "2018-04-28T01:28:13.8368013Z"
}
