{
  "Live": 0.000000000011741,
  "Minute": 0.0000000000104770808570855,
  "Minute_Fluctuation": 0.074637126113992439,
  "Minute_5": 0.0000000000101901837105256,
  "Minute_5_Fluctuation": 0.016330905459448052,
  "Minute_10": 0.0000000000101543215672056,
  "Minute_10_Fluctuation": 0.0082472206092438112,
  "Hour": 0.0000000000101244364477723,
  "Hour_Fluctuation": 0.0047510760456353105,
  "Day": 0.0000000000101172208962436,
  "Day_Fluctuation": 0.23438178417767744,
  "Week": 0.0000000000101184950014087,
  "Week_Fluctuation": 0.45572842175136086,
  "Updated": "2018-04-26T17:09:43.2314773Z"
}
