{
    "Live":  0.00000000000245765,
    "Minute":  0.00000000000245765,
    "Minute_Fluctuation":  0,
    "Minute_5":  0.00000000000245725366854949,
    "Minute_5_Fluctuation":  0.020149975321635333,
    "Minute_10":  0.00000000000120104484181153,
    "Minute_10_Fluctuation":  120104484.18115334,
    "Hour":  0.000000000000200174140301922,
    "Hour_Fluctuation":  20017414.030192222,
    "Day":  0.0000000000000083405891792468,
    "Day_Fluctuation":  834058.917924676,
    "Week":  0.0000000000000011915127398924,
    "Week_Fluctuation":  119151.27398923943,
    "Updated":  "\/Date(1530628748776)\/"
}
