{
  "Live": 0.000000000000338301351675075,
  "Minute": 0.000000000000339330216876943,
  "Minute_Fluctuation": 0.010542216848669062,
  "Minute_5": 0.000000000000339307058613293,
  "Minute_5_Fluctuation": 0.00501657899890098,
  "Minute_10": 0.000000000000338893169617552,
  "Minute_10_Fluctuation": 0.0029370767131151757,
  "Hour": 0.000000000000338413456243733,
  "Hour_Fluctuation": 0.000562820271033193,
  "Day": 0.000000000000338305482059256,
  "Day_Fluctuation": 2.9063557946554287E-05,
  "Week": 0.000000000000338301351675075,
  "Week_Fluctuation": 0.38294932108490326,
  "Updated": "2018-04-24T23:41:53.2168132Z"
}
