{
  "Live": 0.0000000000001704634,
  "Minute": 0.000000000000199982155928155,
  "Minute_Fluctuation": 0.13509220305736552,
  "Minute_5": 0.000000000000218006731643753,
  "Minute_5_Fluctuation": 0.074748553381519534,
  "Minute_10": 0.000000000000224922626835206,
  "Minute_10_Fluctuation": 0.078428980869241924,
  "Hour": 0.000000000000229539753624988,
  "Hour_Fluctuation": 0.049001857754672154,
  "Day": 0.000000000000224115247043266,
  "Day_Fluctuation": 0.0433731334846324,
  "Week": 0.000000000000222510640382212,
  "Week_Fluctuation": 0.23624677575092862,
  "Updated": "2018-04-22T08:33:32.7890353Z"
}
