{
    "Live":  0.0000000000000047163,
    "Minute":  0.0000000000000047163,
    "Minute_Fluctuation":  1.672626646356279E-16,
    "Minute_5":  0.0000000000000047172624823883,
    "Minute_5_Fluctuation":  0.015617345581701615,
    "Minute_10":  0.0000000000000023045325296444,
    "Minute_10_Fluctuation":  230453.25296444003,
    "Hour":  0.0000000000000003840887549407,
    "Hour_Fluctuation":  38408.875494073334,
    "Day":  0.0000000000000000160036981225,
    "Day_Fluctuation":  1600.3698122530557,
    "Week":  0.0000000000000000022862425889,
    "Week_Fluctuation":  228.62425889329367,
    "Updated":  "\/Date(1530628747458)\/"
}
