{
  "Live": 0.0000000000276212,
  "Minute": 0.0000000000424613474100789,
  "Minute_Fluctuation": 0.1728092070786692,
  "Minute_5": 0.0000000000465246692676153,
  "Minute_5_Fluctuation": 0.037911836441039834,
  "Minute_10": 0.0000000000470193420096568,
  "Minute_10_Fluctuation": 0.023205285346108037,
  "Hour": 0.0000000000474478931597468,
  "Hour_Fluctuation": 0.012157204343666891,
  "Day": 0.0000000000478474592144295,
  "Day_Fluctuation": 0.025910765268800925,
  "Week": 0.0000000000475399958478405,
  "Week_Fluctuation": 0.20737345514471553,
  "Updated": "2018-04-23T04:56:45.6625928Z"
}
