{
  "Live": 0.0000000000187060544704797,
  "Minute": 0.00000000001873298844123,
  "Minute_Fluctuation": 0.00499123419201368,
  "Minute_5": 0.0000000000187323181859193,
  "Minute_5_Fluctuation": 0.002059696167800312,
  "Minute_10": 0.0000000000187215082644838,
  "Minute_10_Fluctuation": 0.0011550755624026214,
  "Hour": 0.0000000000187089816236433,
  "Hour_Fluctuation": 0.000293444001734774,
  "Day": 0.0000000000187061623175693,
  "Day_Fluctuation": 1.7043142964311775E-05,
  "Week": 0.0000000000187060544704797,
  "Week_Fluctuation": 0.38294090184828333,
  "Updated": "2018-04-24T23:41:53.2339754Z"
}
