{
    "Live":  0.00000000001001965,
    "Minute":  0.00000000001001965,
    "Minute_Fluctuation":  0.00901803607214463,
    "Minute_5":  0.0000000000100169162011147,
    "Minute_5_Fluctuation":  0.016820612932946434,
    "Minute_10":  0.0000000000048969014203342,
    "Minute_10_Fluctuation":  489690142.03342015,
    "Hour":  0.000000000000816150236722367,
    "Hour_Fluctuation":  81615023.672236681,
    "Day":  0.000000000000034006259863432,
    "Day_Fluctuation":  3400625.9863431952,
    "Week":  0.0000000000000048580371233474,
    "Week_Fluctuation":  485803.71233474219,
    "Updated":  "\/Date(1530628749686)\/"
}
