{
  "Live": 0.00000000001073605,
  "Minute": 0.0000000000170534945741714,
  "Minute_Fluctuation": 0.16578808833042458,
  "Minute_5": 0.000000000018487302863286,
  "Minute_5_Fluctuation": 0.035185738149903334,
  "Minute_10": 0.0000000000185680636171819,
  "Minute_10_Fluctuation": 0.026433485045138629,
  "Hour": 0.0000000000188031421165237,
  "Hour_Fluctuation": 0.019816159878630994,
  "Day": 0.0000000000188542786896601,
  "Day_Fluctuation": 0.15098866054791701,
  "Week": 0.0000000000188455771319574,
  "Week_Fluctuation": 0.43039405928339342,
  "Updated": "2018-04-27T02:43:36.8319188Z"
}
