{
  "Live": 0.0000000001338474,
  "Minute": 0.000000000137687525804847,
  "Minute_Fluctuation": 0.058662477575668573,
  "Minute_5": 0.000000000144551878879119,
  "Minute_5_Fluctuation": 0.011732495515133712,
  "Minute_10": 0.000000000145409923013403,
  "Minute_10_Fluctuation": 0.0058662477575668562,
  "Hour": 0.000000000146124959791973,
  "Hour_Fluctuation": 0.074941439755633651,
  "Day": 0.000000000148338801035169,
  "Day_Fluctuation": 0.044084345989336388,
  "Week": 0.000000000146267115913427,
  "Week_Fluctuation": 0.23275767154894797,
  "Updated": "2018-04-22T11:01:11.16981Z"
}
