{
  "Live": 0.000000000019303,
  "Minute": 0.0000000000184992082009786,
  "Minute_Fluctuation": 0.0917470011804081,
  "Minute_5": 0.000000000017969396162318,
  "Minute_5_Fluctuation": 0.098044989073169123,
  "Minute_10": 0.0000000000185581644951507,
  "Minute_10_Fluctuation": 0.072683724686711887,
  "Hour": 0.0000000000185079104625907,
  "Hour_Fluctuation": 0.05127335585804229,
  "Day": 0.0000000000179777366948073,
  "Day_Fluctuation": 0.011267908616343653,
  "Week": 0.0000000000178370088535506,
  "Week_Fluctuation": 0.22927135551598071,
  "Updated": "2018-04-22T08:33:34.0540703Z"
}
