{
  "Live": 0.00000000002689485,
  "Minute": 0.00000000002689485,
  "Minute_Fluctuation": 0.36928938398091327,
  "Minute_5": 0.00000000002689485,
  "Minute_5_Fluctuation": 0.34425740669853078,
  "Minute_10": 0.0000000000246039372496361,
  "Minute_10_Fluctuation": 0.25104712308622151,
  "Hour": 0.0000000000220909804033964,
  "Hour_Fluctuation": 0.2002507598051714,
  "Day": 0.0000000000202425300394793,
  "Day_Fluctuation": 0.47752914905231736,
  "Week": 0.0000000000201030946320725,
  "Week_Fluctuation": 0.49671796905499632,
  "Updated": "2018-04-28T01:28:10.5883341Z"
}
