{
  "Live": 0.0000000000076217,
  "Minute": 0.00000000000768776554902723,
  "Minute_Fluctuation": 0.0032840093714988031,
  "Minute_5": 0.00000000000770058087402518,
  "Minute_5_Fluctuation": 0.00070307803474646449,
  "Minute_10": 0.00000000000770271002042043,
  "Minute_10_Fluctuation": 0.0012158888587973824,
  "Hour": 0.00000000000772364962550108,
  "Hour_Fluctuation": 0.0062669328962756789,
  "Day": 0.00000000000771226306450906,
  "Day_Fluctuation": 0.15002793068302051,
  "Week": 0.00000000000770378311607266,
  "Week_Fluctuation": 0.43022769639514552,
  "Updated": "2018-04-27T02:43:34.8442833Z"
}
