{
    "Live":  0.00000000000484565,
    "Minute":  0.00000000000484565,
    "Minute_Fluctuation":  0,
    "Minute_5":  0.00000000000484523676742205,
    "Minute_5_Fluctuation":  0.00943702314657319,
    "Minute_10":  0.0000000000023681408124722,
    "Minute_10_Fluctuation":  236814081.24722,
    "Hour":  0.000000000000394690135412033,
    "Hour_Fluctuation":  39469013.541203342,
    "Day":  0.0000000000000164454223088347,
    "Day_Fluctuation":  1644542.2308834724,
    "Week":  0.0000000000000023493460441192,
    "Week_Fluctuation":  234934.60441192461,
    "Updated":  "\/Date(1530628748881)\/"
}
