{
  "Live": 0.0000000000200791,
  "Minute": 0.0000000000200791,
  "Minute_Fluctuation": 0.002775136249615322,
  "Minute_5": 0.0000000000200791,
  "Minute_5_Fluctuation": 0.0033136239688616935,
  "Minute_10": 0.000000000020056671279454,
  "Minute_10_Fluctuation": 0.0034528589571502085,
  "Hour": 0.0000000000200593873586042,
  "Hour_Fluctuation": 0.10094438086738089,
  "Day": 0.0000000000200141685286808,
  "Day_Fluctuation": 0.46964986955027788,
  "Week": 0.0000000000200101455448572,
  "Week_Fluctuation": 0.49555705655023452,
  "Updated": "2018-04-28T01:28:13.9998169Z"
}
