{
  "Live": 0.0000000000002374468,
  "Minute": 0.000000000000226408957366746,
  "Minute_Fluctuation": 0.0800942766654344,
  "Minute_5": 0.000000000000223621233586821,
  "Minute_5_Fluctuation": 0.019026972095850646,
  "Minute_10": 0.000000000000223217063170536,
  "Minute_10_Fluctuation": 0.013577334290372693,
  "Hour": 0.000000000000223452757824987,
  "Hour_Fluctuation": 0.030863961007666186,
  "Day": 0.000000000000225647873628804,
  "Day_Fluctuation": 0.0409661687332434,
  "Week": 0.000000000000222924648341714,
  "Week_Fluctuation": 0.2121806931908968,
  "Updated": "2018-04-23T04:56:44.620023Z"
}
