{
  "Live": 0.00000000000004510335,
  "Minute": 0.0000000000000302386207038658,
  "Minute_Fluctuation": 0.22481165404797937,
  "Minute_5": 0.0000000000000269334928424216,
  "Minute_5_Fluctuation": 0.049103828424447986,
  "Minute_10": 0.0000000000000266919129443702,
  "Minute_10_Fluctuation": 0.039871019193911977,
  "Hour": 0.0000000000000265029712281876,
  "Hour_Fluctuation": 0.027266564432801413,
  "Day": 0.0000000000000261417895916537,
  "Day_Fluctuation": 0.15124986034203181,
  "Week": 0.0000000000000261076207391466,
  "Week_Fluctuation": 0.43042639771243058,
  "Updated": "2018-04-27T02:43:36.5540468Z"
}
