{
  "Live": 0.0000000000052735,
  "Minute": 0.0000000000052735,
  "Minute_Fluctuation": 0.061147605650371507,
  "Minute_5": 0.0000000000052735,
  "Minute_5_Fluctuation": 0.074487874849782684,
  "Minute_10": 0.0000000000052735,
  "Minute_10_Fluctuation": 0.093812680282016669,
  "Hour": 0.00000000000486528422528946,
  "Hour_Fluctuation": 0.03617093982823226,
  "Day": 0.00000000000487699057700665,
  "Day_Fluctuation": 0.079844435767914876,
  "Week": 0.00000000000473131976537143,
  "Week_Fluctuation": 0.22777425632390927,
  "Updated": "2018-04-23T00:03:59.2145105Z"
}
