{
  "Live": 0.00000000000978085,
  "Minute": 0.00000000000978085,
  "Minute_Fluctuation": 0.057879125500018364,
  "Minute_5": 0.00000000000978085,
  "Minute_5_Fluctuation": 0.0840583714446851,
  "Minute_10": 0.00000000000978085,
  "Minute_10_Fluctuation": 0.087134110397820388,
  "Hour": 0.00000000000913165559764354,
  "Hour_Fluctuation": 0.019969531812513722,
  "Day": 0.00000000000905145138148478,
  "Day_Fluctuation": 0.020108700124173241,
  "Week": 0.00000000000896750431260184,
  "Week_Fluctuation": 0.21038098546832526,
  "Updated": "2018-04-23T00:03:55.4313843Z"
}
