{
  "Live": 0.000000000000189846,
  "Minute": 0.000000000000183819947216603,
  "Minute_Fluctuation": 0.072123656084756238,
  "Minute_5": 0.00000000000017392723263703,
  "Minute_5_Fluctuation": 0.014424731216951248,
  "Minute_10": 0.000000000000172690643314584,
  "Minute_10_Fluctuation": 0.0072123656084756241,
  "Hour": 0.000000000000171660152212545,
  "Hour_Fluctuation": 0.021129988652667957,
  "Day": 0.000000000000172218789579801,
  "Day_Fluctuation": 0.0070777080246101787,
  "Week": 0.000000000000171455280767258,
  "Week_Fluctuation": 0.22458208055058451,
  "Updated": "2018-04-22T11:01:09.939258Z"
}
