{
    "Live":  0.00000000001489515,
    "Minute":  0.00000000001489515,
    "Minute_Fluctuation":  0.14100609756097562,
    "Minute_5":  0.0000000000148515678823943,
    "Minute_5_Fluctuation":  0.15326424035601702,
    "Minute_10":  0.0000000000072780153847282,
    "Minute_10_Fluctuation":  727801538.47281992,
    "Hour":  0.00000000000121300256412137,
    "Hour_Fluctuation":  121300256.41213666,
    "Day":  0.0000000000000505417735050569,
    "Day_Fluctuation":  5054177.3505056938,
    "Week":  0.0000000000000072202533578653,
    "Week_Fluctuation":  722025.33578652772,
    "Updated":  "\/Date(1530628747387)\/"
}
