{
  "Live": 0.00000000000347299852609942,
  "Minute": 0.00000000000337550331715306,
  "Minute_Fluctuation": 0.10694018412819947,
  "Minute_5": 0.00000000000337630746038675,
  "Minute_5_Fluctuation": 0.065921879339015846,
  "Minute_10": 0.00000000000341606622419434,
  "Minute_10_Fluctuation": 0.042099619647190362,
  "Hour": 0.00000000000346220983956759,
  "Hour_Fluctuation": 0.009412978066391452,
  "Day": 0.00000000000347260100003015,
  "Day_Fluctuation": 0.0008741766635433553,
  "Week": 0.00000000000347299852609942,
  "Week_Fluctuation": 0.38308020653723573,
  "Updated": "2018-04-24T23:41:53.1447049Z"
}
