{
    "Live":  0.00000000000010949975,
    "Minute":  0.00000000000010949975,
    "Minute_Fluctuation":  0.0043427123857776575,
    "Minute_5":  0.000000000000109510541576778,
    "Minute_5_Fluctuation":  0.004685368095696571,
    "Minute_10":  0.000000000000053515242104803,
    "Minute_10_Fluctuation":  5351524.2104803,
    "Hour":  0.0000000000000089192070174672,
    "Hour_Fluctuation":  891920.70174671663,
    "Day":  0.0000000000000003716336257278,
    "Day_Fluctuation":  37163.362572779857,
    "Week":  0.0000000000000000530905179611,
    "Week_Fluctuation":  5309.0517961114083,
    "Updated":  "\/Date(1530628749792)\/"
}
