{
  "Live": 0.000000000007653675,
  "Minute": 0.00000000000809537051958127,
  "Minute_Fluctuation": 0.035638503309173619,
  "Minute_5": 0.00000000000822504080990072,
  "Minute_5_Fluctuation": 0.0082357206827635872,
  "Minute_10": 0.00000000000824061103443704,
  "Minute_10_Fluctuation": 0.0052479486030418427,
  "Hour": 0.00000000000825351554551781,
  "Hour_Fluctuation": 0.0057438038981621007,
  "Day": 0.00000000000834293012443871,
  "Day_Fluctuation": 0.021992968363200666,
  "Week": 0.00000000000825744230233545,
  "Week_Fluctuation": 0.20502098390596712,
  "Updated": "2018-04-23T04:56:46.5064745Z"
}
