{
  "Live": 0.000000000175602225,
  "Minute": 0.000000000208243668651531,
  "Minute_Fluctuation": 0.26663794869840496,
  "Minute_5": 0.000000000215815173469425,
  "Minute_5_Fluctuation": 0.283625054208615,
  "Minute_10": 0.000000000216761611571662,
  "Minute_10_Fluctuation": 0.20116816898308082,
  "Hour": 0.000000000225772023513597,
  "Hour_Fluctuation": 0.24642183776737048,
  "Day": 0.00000000021797906286863,
  "Day_Fluctuation": 0.48161725202037642,
  "Week": 0.00000000021770711074721,
  "Week_Fluctuation": 0.49731345831865492,
  "Updated": "2018-04-28T01:21:34.9130776Z"
}
