{
  "Live": 0.0000000000154842,
  "Minute": 0.0000000000154842,
  "Minute_Fluctuation": 0.230288836846214,
  "Minute_5": 0.0000000000154842,
  "Minute_5_Fluctuation": 0.230288836846214,
  "Minute_10": 0.0000000000154842,
  "Minute_10_Fluctuation": 0.230288836846214,
  "Hour": 0.000000000018516801519221,
  "Hour_Fluctuation": 0.095334160510647831,
  "Day": 0.0000000000204582542858201,
  "Day_Fluctuation": 0.023824316452015538,
  "Week": 0.000000000020627383897701,
  "Week_Fluctuation": 0.21413214319688065,
  "Updated": "2018-04-23T00:15:00.4448973Z"
}
