{
  "Live": 0.000000000013018125,
  "Minute": 0.0000000000134259350411559,
  "Minute_Fluctuation": 0.01284540066740748,
  "Minute_5": 0.0000000000135410874083302,
  "Minute_5_Fluctuation": 0.0026966362063619784,
  "Minute_10": 0.0000000000135577019692874,
  "Minute_10_Fluctuation": 0.0023771216248000757,
  "Hour": 0.0000000000135927063807881,
  "Hour_Fluctuation": 0.0078379843712038915,
  "Day": 0.0000000000135751720462301,
  "Day_Fluctuation": 0.14967066345725688,
  "Week": 0.0000000000135698612203164,
  "Week_Fluctuation": 0.43016797228319875,
  "Updated": "2018-04-27T02:43:39.683383Z"
}
