{
  "Live": 0.0000000000118293,
  "Minute": 0.0000000000179453010487994,
  "Minute_Fluctuation": 0.27780635373329865,
  "Minute_5": 0.0000000000200834837001497,
  "Minute_5_Fluctuation": 0.062189767672406249,
  "Minute_10": 0.0000000000203363896647837,
  "Minute_10_Fluctuation": 0.0395053742280143,
  "Hour": 0.0000000000204281876161713,
  "Hour_Fluctuation": 0.021701512936743213,
  "Day": 0.0000000000204277322665176,
  "Day_Fluctuation": 0.024189635737602005,
  "Week": 0.0000000000206177642113688,
  "Week_Fluctuation": 0.208718149799363,
  "Updated": "2018-04-23T04:56:48.9767524Z"
}
