{
  "Live": 0.0000000000073848859664879,
  "Minute": 0.0000000000073848859664879,
  "Minute_Fluctuation": 0.33541791551191835,
  "Minute_5": 0.0000000000073848859664879,
  "Minute_5_Fluctuation": 0.33541791551191835,
  "Minute_10": 0.00000000000871813774435489,
  "Minute_10_Fluctuation": 0.337459474716795,
  "Hour": 0.00000000000904823312943768,
  "Hour_Fluctuation": 0.29554832671153847,
  "Day": 0.00000000000779096764832664,
  "Day_Fluctuation": 0.069217891415144644,
  "Week": 0.0000000000073848859664879,
  "Week_Fluctuation": 0.2409124931948263,
  "Updated": "2018-04-22T08:33:07.4047135Z"
}
