{
  "Live": 0.0000000000777447,
  "Minute": 0.0000000000777447,
  "Minute_Fluctuation": 0.075313012343623281,
  "Minute_5": 0.0000000000777447,
  "Minute_5_Fluctuation": 0.11736564701701516,
  "Minute_10": 0.0000000000777447,
  "Minute_10_Fluctuation": 0.12270841013208933,
  "Hour": 0.0000000000706495329330764,
  "Hour_Fluctuation": 0.026574625964562986,
  "Day": 0.000000000069296329440373,
  "Day_Fluctuation": 0.011932131850595272,
  "Week": 0.0000000000689080201604605,
  "Week_Fluctuation": 0.20833281011752935,
  "Updated": "2018-04-23T00:04:03.7112499Z"
}
