{
  "Live": 0.00000000000013755,
  "Minute": 0.00000000000013755,
  "Minute_Fluctuation": 0.0,
  "Minute_5": 0.00000000000013755,
  "Minute_5_Fluctuation": 0.0,
  "Minute_10": 0.00000000000013755,
  "Minute_10_Fluctuation": 0.0,
  "Hour": 0.000000000000151203245113654,
  "Hour_Fluctuation": 0.045386292428075042,
  "Day": 0.000000000000157448186828874,
  "Day_Fluctuation": 0.022019706973034726,
  "Week": 0.000000000000156932040359246,
  "Week_Fluctuation": 0.21214046903020506,
  "Updated": "2018-04-23T00:14:57.6373281Z"
}
