{
  "Live": 0.000000000001208475,
  "Minute": 0.0000000000019922097338196,
  "Minute_Fluctuation": 0.13687142867053931,
  "Minute_5": 0.00000000000220635430503207,
  "Minute_5_Fluctuation": 0.02847378426021448,
  "Minute_10": 0.0000000000022320759762216,
  "Minute_10_Fluctuation": 0.02374651296443793,
  "Hour": 0.00000000000227222976817993,
  "Hour_Fluctuation": 0.0330586500327416,
  "Day": 0.00000000000225995288606535,
  "Day_Fluctuation": 0.15262837755740746,
  "Week": 0.0000000000022598638922088,
  "Week_Fluctuation": 0.4307216005379898,
  "Updated": "2018-04-27T02:43:39.2362362Z"
}
