{
  "Live": 0.0000000000001604619,
  "Minute": 0.0000000000001604619,
  "Minute_Fluctuation": 0.042286653275615933,
  "Minute_5": 0.0000000000001604619,
  "Minute_5_Fluctuation": 0.05338284053805923,
  "Minute_10": 0.0000000000001604619,
  "Minute_10_Fluctuation": 0.054747591667312787,
  "Hour": 0.000000000000153496217259479,
  "Hour_Fluctuation": 0.010906309198021335,
  "Day": 0.000000000000152216082967093,
  "Day_Fluctuation": 0.00763214050565814,
  "Week": 0.00000000000015193390458875,
  "Week_Fluctuation": 0.2090488555531089,
  "Updated": "2018-04-23T00:04:03.1134801Z"
}
