{
  "Live": 0.0000000000464526,
  "Minute": 0.000000000023675442118694,
  "Minute_Fluctuation": 0.74992527506606477,
  "Minute_5": 0.0000000000179491003370108,
  "Minute_5_Fluctuation": 0.48283062663001863,
  "Minute_10": 0.0000000000172333076143004,
  "Minute_10_Fluctuation": 0.5014290916480808,
  "Hour": 0.0000000000243795431470916,
  "Hour_Fluctuation": 0.55689132939209984,
  "Day": 0.0000000000171030940803178,
  "Day_Fluctuation": 0.51279640175074026,
  "Week": 0.0000000000165182250034181,
  "Week_Fluctuation": 0.50193915244447562,
  "Updated": "2018-04-28T01:21:35.9016906Z"
}
