{
  "Live": 0.00000000000825280044890702,
  "Minute": 0.00000000000825280044890702,
  "Minute_Fluctuation": 0.11766839342837689,
  "Minute_5": 0.00000000000825280044890702,
  "Minute_5_Fluctuation": 0.11766839342837689,
  "Minute_10": 0.00000000000863912482584814,
  "Minute_10_Fluctuation": 0.11642343099001407,
  "Hour": 0.00000000000868533807235873,
  "Hour_Fluctuation": 0.10745479373723563,
  "Day": 0.00000000000842284981941375,
  "Day_Fluctuation": 0.025835157054566529,
  "Week": 0.00000000000825280044890702,
  "Week_Fluctuation": 0.23134757633770067,
  "Updated": "2018-04-22T08:33:07.0374939Z"
}
