{
  "Live": 0.000000000000152907423640621,
  "Minute": 0.000000000000154033780328414,
  "Minute_Fluctuation": 0.023561823998670843,
  "Minute_5": 0.000000000000153933337118886,
  "Minute_5_Fluctuation": 0.011824815390671895,
  "Minute_10": 0.000000000000153509214247056,
  "Minute_10_Fluctuation": 0.0070499907163278095,
  "Hour": 0.000000000000153021163067814,
  "Hour_Fluctuation": 0.0010885127257478249,
  "Day": 0.000000000000152911612630823,
  "Day_Fluctuation": 4.18947286567718E-05,
  "Week": 0.000000000000152907423640621,
  "Week_Fluctuation": 0.40021898783181409,
  "Updated": "2018-04-24T23:41:53.4594975Z"
}
