{
  "Live": 0.00000000002422845,
  "Minute": 0.0000000000186409796041305,
  "Minute_Fluctuation": 0.12475446117195431,
  "Minute_5": 0.0000000000172505851509516,
  "Minute_5_Fluctuation": 0.026169224503672733,
  "Minute_10": 0.0000000000171237600959661,
  "Minute_10_Fluctuation": 0.020793494558603416,
  "Hour": 0.0000000000170581845538721,
  "Hour_Fluctuation": 0.020383725335500872,
  "Day": 0.0000000000169215225841204,
  "Day_Fluctuation": 0.15089175995645995,
  "Week": 0.000000000016903158957604,
  "Week_Fluctuation": 0.43040903765926408,
  "Updated": "2018-04-27T02:43:37.9750639Z"
}
