{
  "Live": 0.00000000001078785,
  "Minute": 0.00000000000814854855407034,
  "Minute_Fluctuation": 0.1865488823339205,
  "Minute_5": 0.00000000000741597648946292,
  "Minute_5_Fluctuation": 0.041688656784390293,
  "Minute_10": 0.000000000007324404981387,
  "Minute_10_Fluctuation": 0.021135569263819293,
  "Hour": 0.00000000000724809539132372,
  "Hour_Fluctuation": 0.012247030678137177,
  "Day": 0.00000000000724117161958498,
  "Day_Fluctuation": 0.23472123629929276,
  "Week": 0.00000000000723292431806114,
  "Week_Fluctuation": 0.45576536993904593,
  "Updated": "2018-04-26T17:09:46.1414338Z"
}
