{
  "Live": 0.00000000144716068938974,
  "Minute": 0.00000000143565188714277,
  "Minute_Fluctuation": 0.025538927178871858,
  "Minute_5": 0.0000000014368658708221,
  "Minute_5_Fluctuation": 0.011413645361960774,
  "Minute_10": 0.00000000144112170023739,
  "Minute_10_Fluctuation": 0.0066198668063252959,
  "Hour": 0.00000000144601912267563,
  "Hour_Fluctuation": 0.0021878014660189913,
  "Day": 0.00000000144711864395847,
  "Day_Fluctuation": 0.00013047403685430498,
  "Week": 0.00000000144716068938974,
  "Week_Fluctuation": 0.40022901377168185,
  "Updated": "2018-04-24T23:41:53.6236584Z"
}
