{
  "Live": 0.00000000000762381238889178,
  "Minute": 0.00000000000747460573415644,
  "Minute_Fluctuation": 0.067729937458391648,
  "Minute_5": 0.00000000000756101659252324,
  "Minute_5_Fluctuation": 0.036915103471449787,
  "Minute_10": 0.00000000000759305552838487,
  "Minute_10_Fluctuation": 0.022998993208075209,
  "Hour": 0.00000000000761894121298544,
  "Hour_Fluctuation": 0.0079970231617265356,
  "Day": 0.00000000000762363955616984,
  "Day_Fluctuation": 0.00037170015805077221,
  "Week": 0.00000000000762381238889178,
  "Week_Fluctuation": 0.38299612491137308,
  "Updated": "2018-04-24T23:41:53.3913304Z"
}
