{
  "Live": 0.000000000015710175,
  "Minute": 0.00000000000819366806151662,
  "Minute_Fluctuation": 0.80649802264576509,
  "Minute_5": 0.0000000000052672648185612,
  "Minute_5_Fluctuation": 0.161299604529153,
  "Minute_10": 0.00000000000490612415932875,
  "Minute_10_Fluctuation": 0.089291677140011058,
  "Hour": 0.00000000000463536220670002,
  "Hour_Fluctuation": 0.044917566689668439,
  "Day": 0.00000000000457199275953995,
  "Day_Fluctuation": 0.042158744534248768,
  "Week": 0.00000000000453602690504989,
  "Week_Fluctuation": 0.21880004705971665,
  "Updated": "2018-04-23T03:20:07.6723459Z"
}
