{
  "Live": 0.00000000019541925,
  "Minute": 0.00000000019541925,
  "Minute_Fluctuation": 0.40903938792859174,
  "Minute_5": 0.00000000019541925,
  "Minute_5_Fluctuation": 0.40903938792859174,
  "Minute_10": 0.00000000019541925,
  "Minute_10_Fluctuation": 0.40903938792859174,
  "Hour": 0.000000000185639345917376,
  "Hour_Fluctuation": 0.057936535840248493,
  "Day": 0.000000000193683843859731,
  "Day_Fluctuation": 0.03502494148097704,
  "Week": 0.000000000192371274949038,
  "Week_Fluctuation": 0.21744111502565167,
  "Updated": "2018-04-23T00:14:58.6759287Z"
}
