{
  "Live": 0.000000000029406225,
  "Minute": 0.0000000000336994647261786,
  "Minute_Fluctuation": 0.060448412795259886,
  "Minute_5": 0.0000000000354339765358455,
  "Minute_5_Fluctuation": 0.012089682559051977,
  "Minute_10": 0.0000000000356351670408627,
  "Minute_10_Fluctuation": 0.011799648688418382,
  "Hour": 0.0000000000360028378431716,
  "Hour_Fluctuation": 0.024129111624528497,
  "Day": 0.0000000000359873319917276,
  "Day_Fluctuation": 0.026034609836506472,
  "Week": 0.0000000000358673893950318,
  "Week_Fluctuation": 0.21099225210886566,
  "Updated": "2018-04-23T03:20:08.3325373Z"
}
