{
  "Live": 0.0000000000091569,
  "Minute": 0.0000000000091569,
  "Minute_Fluctuation": 0.0646699709788667,
  "Minute_5": 0.0000000000091569,
  "Minute_5_Fluctuation": 0.1002371131823243,
  "Minute_10": 0.0000000000091569,
  "Minute_10_Fluctuation": 0.10471559164236884,
  "Hour": 0.00000000000843407412615061,
  "Hour_Fluctuation": 0.023354612348318697,
  "Day": 0.0000000000083386225374184,
  "Day_Fluctuation": 0.021880162338331885,
  "Week": 0.00000000000825414255994468,
  "Week_Fluctuation": 0.21062827166744882,
  "Updated": "2018-04-23T00:04:01.426616Z"
}
