{
  "Live": 0.000000000091834275,
  "Minute": 0.0000000000505086137869556,
  "Minute_Fluctuation": 0.49045967563327142,
  "Minute_5": 0.0000000000375218815242518,
  "Minute_5_Fluctuation": 0.09923318978460352,
  "Minute_10": 0.0000000000358985399914139,
  "Minute_10_Fluctuation": 0.0496883918496287,
  "Hour": 0.0000000000345457553807156,
  "Hour_Fluctuation": 0.015002603670559556,
  "Day": 0.0000000000343114912471638,
  "Day_Fluctuation": 0.23471603944466121,
  "Week": 0.0000000000342768089164458,
  "Week_Fluctuation": 0.45576839874296865,
  "Updated": "2018-04-26T17:09:48.3374147Z"
}
