{
  "Live": 0.0000000000189189194444571,
  "Minute": 0.0000000000189189194444571,
  "Minute_Fluctuation": 0.15395880257506805,
  "Minute_5": 0.0000000000189189194444571,
  "Minute_5_Fluctuation": 0.15395880257506805,
  "Minute_10": 0.0000000000201317282353025,
  "Minute_10_Fluctuation": 0.17938236837544602,
  "Hour": 0.0000000000197179028905165,
  "Hour_Fluctuation": 0.16690692586891162,
  "Day": 0.0000000000195118883752311,
  "Day_Fluctuation": 0.0497650058519995,
  "Week": 0.0000000000189189194444571,
  "Week_Fluctuation": 0.2381148148705603,
  "Updated": "2018-04-22T08:33:07.1104132Z"
}
