{
  "Live": 0.000000000000167027639008036,
  "Minute": 0.000000000000174332099722956,
  "Minute_Fluctuation": 0.12675162550850466,
  "Minute_5": 0.000000000000173116622897081,
  "Minute_5_Fluctuation": 0.057677249686426575,
  "Minute_10": 0.000000000000170557420114186,
  "Minute_10_Fluctuation": 0.033773649166243168,
  "Hour": 0.000000000000167688318704763,
  "Hour_Fluctuation": 0.0041865009480948788,
  "Day": 0.00000000000016705192677033,
  "Day_Fluctuation": 0.00021155444914681162,
  "Week": 0.000000000000167027639008036,
  "Week_Fluctuation": 0.40026674516091626,
  "Updated": "2018-04-24T23:41:53.5247835Z"
}
