{
  "Live": 0.0000000000055413,
  "Minute": 0.00000000000499920523665714,
  "Minute_Fluctuation": 0.069386942738224072,
  "Minute_5": 0.00000000000485179086410225,
  "Minute_5_Fluctuation": 0.015311167049749982,
  "Minute_10": 0.00000000000482392639884523,
  "Minute_10_Fluctuation": 0.012141842708727297,
  "Hour": 0.00000000000486412775174877,
  "Hour_Fluctuation": 0.034840145164802265,
  "Day": 0.00000000000482217225084342,
  "Day_Fluctuation": 0.15330339538787049,
  "Week": 0.00000000000481495555151568,
  "Week_Fluctuation": 0.43083373764176069,
  "Updated": "2018-04-27T02:43:39.1712437Z"
}
