{
  "Live": 0.000000340446075,
  "Minute": 0.000000319047420001899,
  "Minute_Fluctuation": 0.051898323881581415,
  "Minute_5": 0.00000031440970360954,
  "Minute_5_Fluctuation": 0.044330179095376551,
  "Minute_10": 0.000000313829989060495,
  "Minute_10_Fluctuation": 0.047792890642471351,
  "Hour": 0.000000324335438353881,
  "Hour_Fluctuation": 0.1545356448720808,
  "Day": 0.000000314163204076747,
  "Day_Fluctuation": 0.47502084795858157,
  "Week": 0.00000031325084962509,
  "Week_Fluctuation": 0.49635173533264476,
  "Updated": "2018-04-28T01:21:34.1039535Z"
}
