{
  "Live": 0.000000000000150273375,
  "Minute": 0.000000000000140895112967643,
  "Minute_Fluctuation": 0.032441227459198418,
  "Minute_5": 0.000000000000138549799463629,
  "Minute_5_Fluctuation": 0.0070801703061440392,
  "Minute_10": 0.000000000000138371509687111,
  "Minute_10_Fluctuation": 0.0047931658380042583,
  "Hour": 0.00000000000013815839763886,
  "Hour_Fluctuation": 0.0050265289488672657,
  "Day": 0.00000000000013798950006382,
  "Day_Fluctuation": 0.14895337797003297,
  "Week": 0.000000000000137963761925114,
  "Week_Fluctuation": 0.43005909017034222,
  "Updated": "2018-04-27T02:43:38.0465602Z"
}
