{
  "Live": 0.0000000000000004943339818398,
  "Minute": 0.0000000000000004943339818398,
  "Minute_Fluctuation": 0.32404977056327844,
  "Minute_5": 0.0000000000000004943339818398,
  "Minute_5_Fluctuation": 0.32404977056327844,
  "Minute_10": 0.0000000000000004518060530959,
  "Minute_10_Fluctuation": 0.30893462309119618,
  "Hour": 0.0000000000000004671255051856,
  "Hour_Fluctuation": 0.22114007329077778,
  "Day": 0.000000000000000510268233175,
  "Day_Fluctuation": 0.078682516709195821,
  "Week": 0.0000000000000004943339818398,
  "Week_Fluctuation": 0.24231436753287144,
  "Updated": "2018-04-22T08:33:07.0672909Z"
}
