{
  "Live": 0.0000000770773851533294,
  "Minute": 0.0000000770773851533294,
  "Minute_Fluctuation": 0.11799745551333282,
  "Minute_5": 0.0000000770773851533294,
  "Minute_5_Fluctuation": 0.11799745551333282,
  "Minute_10": 0.0000000741809772330898,
  "Minute_10_Fluctuation": 0.11805312398929205,
  "Hour": 0.0000000748178761300273,
  "Hour_Fluctuation": 0.054219571281267018,
  "Day": 0.0000000767723233295224,
  "Day_Fluctuation": 0.01769647781067156,
  "Week": 0.0000000770773851533294,
  "Week_Fluctuation": 0.23114854012662434,
  "Updated": "2018-04-22T08:33:07.302935Z"
}
