{
  "Live": 0.000000000010404675,
  "Minute": 0.0000000000159121875068437,
  "Minute_Fluctuation": 0.19655111722970087,
  "Minute_5": 0.0000000000174503545681462,
  "Minute_5_Fluctuation": 0.042274143419597163,
  "Minute_10": 0.0000000000175275019756642,
  "Minute_10_Fluctuation": 0.030725909255367043,
  "Hour": 0.0000000000177545058074675,
  "Hour_Fluctuation": 0.018333351604027145,
  "Day": 0.0000000000178463687974659,
  "Day_Fluctuation": 0.15090990954446656,
  "Week": 0.0000000000178347055885485,
  "Week_Fluctuation": 0.43037446073051266,
  "Updated": "2018-04-27T02:43:39.5338372Z"
}
