{
  "Live": 0.000000000077913,
  "Minute": 0.000000000077913,
  "Minute_Fluctuation": 0.0021647777919266368,
  "Minute_5": 0.000000000077913,
  "Minute_5_Fluctuation": 0.0021647777919266368,
  "Minute_10": 0.000000000077913,
  "Minute_10_Fluctuation": 0.0021647777919266368,
  "Hour": 0.0000000000719684942411304,
  "Hour_Fluctuation": 0.040418055644066905,
  "Day": 0.0000000000693615247468274,
  "Day_Fluctuation": 0.012782670201769623,
  "Week": 0.0000000000689177534926796,
  "Week_Fluctuation": 0.20824887774397616,
  "Updated": "2018-04-23T00:14:57.4294626Z"
}
