{
  "Live": 0.000000000000314404854307237,
  "Minute": 0.000000000000317162828669361,
  "Minute_Fluctuation": 0.026424375881019715,
  "Minute_5": 0.000000000000316803419651826,
  "Minute_5_Fluctuation": 0.011700029199651869,
  "Minute_10": 0.00000000000031580950260691,
  "Minute_10_Fluctuation": 0.0067575697979629411,
  "Hour": 0.000000000000314670049046425,
  "Hour_Fluctuation": 0.0018301725751212964,
  "Day": 0.000000000000314414619605355,
  "Day_Fluctuation": 9.30633701118943E-05,
  "Week": 0.000000000000314404854307237,
  "Week_Fluctuation": 0.40022335351244132,
  "Updated": "2018-04-24T23:41:53.7683805Z"
}
