{
  "Live": 0.000000000012585825,
  "Minute": 0.000000000012585825,
  "Minute_Fluctuation": 0.34002498388048341,
  "Minute_5": 0.000000000012585825,
  "Minute_5_Fluctuation": 0.38084308315331278,
  "Minute_10": 0.000000000012585825,
  "Minute_10_Fluctuation": 0.38563106330741487,
  "Hour": 0.0000000000191891440341431,
  "Hour_Fluctuation": 0.0736645401666905,
  "Day": 0.0000000000204961512585633,
  "Day_Fluctuation": 0.022142765057710803,
  "Week": 0.0000000000206329455145633,
  "Week_Fluctuation": 0.21409385465504144,
  "Updated": "2018-04-23T00:04:07.1467553Z"
}
