{
  "Live": 0.0000000000001576323,
  "Minute": 0.0000000000001576323,
  "Minute_Fluctuation": 0.017634092578986012,
  "Minute_5": 0.0000000000001576323,
  "Minute_5_Fluctuation": 0.017634092578986012,
  "Minute_10": 0.0000000000001576323,
  "Minute_10_Fluctuation": 0.017634092578986012,
  "Hour": 0.000000000000154247449465858,
  "Hour_Fluctuation": 0.013819549625063737,
  "Day": 0.000000000000152257072200617,
  "Day_Fluctuation": 0.0078436646458940849,
  "Week": 0.00000000000015194006526349,
  "Week_Fluctuation": 0.20886339610602642,
  "Updated": "2018-04-23T00:14:56.9775618Z"
}
