{
  "Live": 0.000000000137717025,
  "Minute": 0.000000000137922518423322,
  "Minute_Fluctuation": 0.056184400534502105,
  "Minute_5": 0.000000000137981942817538,
  "Minute_5_Fluctuation": 0.01362988042627407,
  "Minute_10": 0.000000000137989370866815,
  "Minute_10_Fluctuation": 0.0069517883511876,
  "Hour": 0.000000000137995560907879,
  "Hour_Fluctuation": 0.0070993873068579483,
  "Day": 0.000000000137895826732765,
  "Day_Fluctuation": 0.23476380968449054,
  "Week": 0.000000000137996791546995,
  "Week_Fluctuation": 0.45579495574707185,
  "Updated": "2018-04-26T17:09:46.8248832Z"
}
