{
  "Live": 0.000000000013096725,
  "Minute": 0.0000000000101749248054489,
  "Minute_Fluctuation": 0.15416524879912405,
  "Minute_5": 0.00000000000908764908594411,
  "Minute_5_Fluctuation": 0.030833049759824805,
  "Minute_10": 0.00000000000894836774571532,
  "Minute_10_Fluctuation": 0.019019697607643868,
  "Hour": 0.00000000000879456866534556,
  "Hour_Fluctuation": 0.027901895527105702,
  "Day": 0.00000000000882963105987149,
  "Day_Fluctuation": 0.020982937371702835,
  "Week": 0.00000000000881596498688629,
  "Week_Fluctuation": 0.21011199819878928,
  "Updated": "2018-04-23T03:20:06.8741725Z"
}
