{
  "Live": 0.000000000006278175,
  "Minute": 0.00000000000836681069034951,
  "Minute_Fluctuation": 0.10057295834205095,
  "Minute_5": 0.00000000000884592236615326,
  "Minute_5_Fluctuation": 0.0548823323629163,
  "Minute_10": 0.00000000000890581132562873,
  "Minute_10_Fluctuation": 0.041895639339550449,
  "Hour": 0.00000000000853976322080637,
  "Hour_Fluctuation": 0.19163898816379082,
  "Day": 0.00000000000893875397381603,
  "Day_Fluctuation": 0.4756194780807686,
  "Week": 0.00000000000896564087145393,
  "Week_Fluctuation": 0.49642859465064015,
  "Updated": "2018-04-28T01:21:34.7788978Z"
}
