{
  "Live": 0.000000000007339275,
  "Minute": 0.00000000000840262597728318,
  "Minute_Fluctuation": 0.0764099368289365,
  "Minute_5": 0.00000000000863166789785459,
  "Minute_5_Fluctuation": 0.059410790306354946,
  "Minute_10": 0.00000000000866029813792602,
  "Minute_10_Fluctuation": 0.11314869816305242,
  "Hour": 0.00000000000910099847629196,
  "Hour_Fluctuation": 0.1894770564578451,
  "Day": 0.00000000000871023893678593,
  "Day_Fluctuation": 0.47618757578906012,
  "Week": 0.0000000000086888999749815,
  "Week_Fluctuation": 0.49651460579937556,
  "Updated": "2018-04-28T01:21:34.0309888Z"
}
