{
  "Live": 0.000000000192417103260297,
  "Minute": 0.000000000192417103260297,
  "Minute_Fluctuation": 0.0,
  "Minute_5": 0.000000000192417103260297,
  "Minute_5_Fluctuation": 0.0,
  "Minute_10": 0.000000000192417103260297,
  "Minute_10_Fluctuation": 0.0,
  "Hour": 0.000000000192417103260297,
  "Hour_Fluctuation": 0.065176822861692546,
  "Day": 0.000000000195608910224439,
  "Day_Fluctuation": 0.050400627260244128,
  "Week": 0.000000000192417103260297,
  "Week_Fluctuation": 0.23536035356391408,
  "Updated": "2018-04-22T11:00:30.1967656Z"
}
