{
  "Live": 0.000000000206708175,
  "Minute": 0.000000000206708175,
  "Minute_Fluctuation": 0.1423684639192051,
  "Minute_5": 0.000000000206708175,
  "Minute_5_Fluctuation": 0.1423684639192051,
  "Minute_10": 0.000000000206708175,
  "Minute_10_Fluctuation": 0.1423684639192051,
  "Hour": 0.000000000152202900105147,
  "Hour_Fluctuation": 0.1592272801263826,
  "Day": 0.000000000130155476021839,
  "Day_Fluctuation": 0.026946744854330486,
  "Week": 0.000000000129353508177912,
  "Week_Fluctuation": 0.21585177036687825,
  "Updated": "2018-04-23T00:14:59.2499062Z"
}
