{
  "Live": 0.00000000000064845,
  "Minute": 0.00000000000064845,
  "Minute_Fluctuation": 0.24999999999999994,
  "Minute_5": 0.00000000000064845,
  "Minute_5_Fluctuation": 0.24999999999999994,
  "Minute_10": 0.00000000000064845,
  "Minute_10_Fluctuation": 0.24999999999999994,
  "Hour": 0.000000000000975180587953575,
  "Hour_Fluctuation": 0.10134995622438626,
  "Day": 0.00000000000108724233166771,
  "Day_Fluctuation": 0.024931806078050636,
  "Week": 0.0000000000010845453236968,
  "Week_Fluctuation": 0.21385251047143697,
  "Updated": "2018-04-23T00:14:59.4380674Z"
}
