{
  "Live": 0.000000000003055575,
  "Minute": 0.000000000003055575,
  "Minute_Fluctuation": 0.51177394034536894,
  "Minute_5": 0.000000000003055575,
  "Minute_5_Fluctuation": 0.51177394034536894,
  "Minute_10": 0.000000000003055575,
  "Minute_10_Fluctuation": 0.51177394034536894,
  "Hour": 0.00000000000454667928760975,
  "Hour_Fluctuation": 0.13690336779765902,
  "Day": 0.00000000000455836620081612,
  "Day_Fluctuation": 0.041335335214118321,
  "Week": 0.00000000000453348110771112,
  "Week_Fluctuation": 0.2220480860947173,
  "Updated": "2018-04-23T00:14:59.8149542Z"
}
