{
  "Live": 0.0000000000153663,
  "Minute": 0.0000000000186826354320999,
  "Minute_Fluctuation": 0.15667032155272517,
  "Minute_5": 0.0000000000194094658164679,
  "Minute_5_Fluctuation": 0.14374352600889018,
  "Minute_10": 0.0000000000195003196145139,
  "Minute_10_Fluctuation": 0.116036167129099,
  "Hour": 0.0000000000207864265725548,
  "Hour_Fluctuation": 0.19117905367069662,
  "Day": 0.0000000000197042985731263,
  "Day_Fluctuation": 0.47846816429955435,
  "Week": 0.0000000000195910832798237,
  "Week_Fluctuation": 0.49685968760670884,
  "Updated": "2018-04-28T01:21:34.2361203Z"
}
