{
  "Live": 0.000000000000171348,
  "Minute": 0.000000000000151776342257975,
  "Minute_Fluctuation": 0.15104225003073271,
  "Minute_5": 0.000000000000147459983839481,
  "Minute_5_Fluctuation": 0.1467372073138184,
  "Minute_10": 0.000000000000146920439037169,
  "Minute_10_Fluctuation": 0.11273340926596997,
  "Hour": 0.00000000000015009398142884,
  "Hour_Fluctuation": 0.15468259228599177,
  "Day": 0.00000000000014655011870803,
  "Day_Fluctuation": 0.47415195845254066,
  "Week": 0.000000000000146381429497558,
  "Week_Fluctuation": 0.49622106358542645,
  "Updated": "2018-04-28T01:21:34.3079056Z"
}
