{
  "Live": 0.000000000000568438165475245,
  "Minute": 0.000000000000568438165475245,
  "Minute_Fluctuation": 0.0,
  "Minute_5": 0.000000000000568438165475245,
  "Minute_5_Fluctuation": 0.0,
  "Minute_10": 0.000000000000568438165475245,
  "Minute_10_Fluctuation": 0.0,
  "Hour": 0.000000000000568438165475245,
  "Hour_Fluctuation": 0.0,
  "Day": 0.000000000000966487476094153,
  "Day_Fluctuation": 0.996513661058459,
  "Week": 0.000000000000568438165475245,
  "Week_Fluctuation": 0.6803225519765943,
  "Updated": "2018-04-22T23:52:59.9932823Z"
}
