{
  "Live": 0.00000000000013755,
  "Minute": 0.00000000000013755,
  "Minute_Fluctuation": 0.2183027201950335,
  "Minute_5": 0.00000000000013755,
  "Minute_5_Fluctuation": 0.14443005921642477,
  "Minute_10": 0.00000000000013755,
  "Minute_10_Fluctuation": 0.13438485718741436,
  "Hour": 0.000000000000154232556925454,
  "Hour_Fluctuation": 0.03145728656673813,
  "Day": 0.000000000000157599885584994,
  "Day_Fluctuation": 0.02121768511948182,
  "Week": 0.000000000000156953012426554,
  "Week_Fluctuation": 0.2122362480568174,
  "Updated": "2018-04-23T00:04:03.9292322Z"
}
