{
  "Live": 0.000000000000422475,
  "Minute": 0.000000000000358465238179457,
  "Minute_Fluctuation": 0.14748253365905495,
  "Minute_5": 0.000000000000338938624802972,
  "Minute_5_Fluctuation": 0.035768938179811235,
  "Minute_10": 0.000000000000336497798130912,
  "Minute_10_Fluctuation": 0.018311408221213042,
  "Hour": 0.000000000000334463775904194,
  "Hour_Fluctuation": 0.0015662193731840826,
  "Day": 0.000000000000334067040593121,
  "Day_Fluctuation": 0.23456517625057011,
  "Week": 0.000000000000334059392913883,
  "Week_Fluctuation": 0.45576094511600923,
  "Updated": "2018-04-26T17:09:47.809618Z"
}
