{
  "Live": 0.000000000024002475,
  "Minute": 0.0000000000195666716895538,
  "Minute_Fluctuation": 0.10943946886814203,
  "Minute_5": 0.0000000000181798759646363,
  "Minute_5_Fluctuation": 0.022695839548504088,
  "Minute_10": 0.0000000000180065264990216,
  "Minute_10_Fluctuation": 0.011398430280193049,
  "Hour": 0.0000000000178620686110094,
  "Hour_Fluctuation": 0.0064976837137653357,
  "Day": 0.000000000017840625690462,
  "Day_Fluctuation": 0.23429661348304506,
  "Week": 0.0000000000178333490070831,
  "Week_Fluctuation": 0.45571256582393854,
  "Updated": "2018-04-26T17:09:48.2604476Z"
}
