{
  "Live": 0.000000069202607625,
  "Minute": 0.000000069202607625,
  "Minute_Fluctuation": 0.134777988664422,
  "Minute_5": 0.000000069202607625,
  "Minute_5_Fluctuation": 0.10887342315311542,
  "Minute_10": 0.000000069202607625,
  "Minute_10_Fluctuation": 0.10541650898848534,
  "Hour": 0.0000000756023037965391,
  "Hour_Fluctuation": 0.021360238543230173,
  "Day": 0.0000000768752708609094,
  "Day_Fluctuation": 0.010749593135662443,
  "Week": 0.0000000770681096020022,
  "Week_Fluctuation": 0.21042559266507574,
  "Updated": "2018-04-23T00:04:05.3929427Z"
}
