{
  "Live": 0.00000000104566375,
  "Minute": 0.0000000012192890018102,
  "Minute_Fluctuation": 0.087169000596510032,
  "Minute_5": 0.00000000126521683925404,
  "Minute_5_Fluctuation": 0.019203496174626043,
  "Minute_10": 0.00000000126720809688597,
  "Minute_10_Fluctuation": 0.013125100934251378,
  "Hour": 0.00000000127250299211671,
  "Hour_Fluctuation": 0.010196794029725039,
  "Day": 0.00000000127610582696583,
  "Day_Fluctuation": 0.14986778395846242,
  "Week": 0.00000000127669310319865,
  "Week_Fluctuation": 0.43021712458480593,
  "Updated": "2018-04-27T02:43:38.7885232Z"
}
