{
  "Live": 0.000000000001129875,
  "Minute": 0.00000000000194630194468251,
  "Minute_Fluctuation": 0.19798332916605715,
  "Minute_5": 0.00000000000219713698063787,
  "Minute_5_Fluctuation": 0.042277488030837834,
  "Minute_10": 0.00000000000222849136013229,
  "Minute_10_Fluctuation": 0.021291371564237663,
  "Hour": 0.00000000000225462000971097,
  "Hour_Fluctuation": 0.007955555747717738,
  "Day": 0.00000000000225942537901273,
  "Day_Fluctuation": 0.23545247573008568,
  "Week": 0.0000000000022598146340915,
  "Week_Fluctuation": 0.45590974590403183,
  "Updated": "2018-04-26T17:09:47.9538492Z"
}
