{
  "Live": 0.0000000000002751,
  "Minute": 0.000000000000313549142501353,
  "Minute_Fluctuation": 0.055983199374944309,
  "Minute_5": 0.000000000000328424711789419,
  "Minute_5_Fluctuation": 0.011196639874988862,
  "Minute_10": 0.000000000000330211317079559,
  "Minute_10_Fluctuation": 0.0077887964293411284,
  "Hour": 0.000000000000330324298766431,
  "Hour_Fluctuation": 0.03488826082301219,
  "Day": 0.000000000000330142698919542,
  "Day_Fluctuation": 0.028366657204789904,
  "Week": 0.000000000000332141759422784,
  "Week_Fluctuation": 0.21345475204422193,
  "Updated": "2018-04-23T03:20:07.5656717Z"
}
