{
  "Live": 0.0000000000069561,
  "Minute": 0.00000000000728861723768166,
  "Minute_Fluctuation": 0.019525945663809618,
  "Minute_5": 0.00000000000740473832708152,
  "Minute_5_Fluctuation": 0.0039051891327619233,
  "Minute_10": 0.00000000000741548471734867,
  "Minute_10_Fluctuation": 0.0065720520885087629,
  "Hour": 0.00000000000743359484034963,
  "Hour_Fluctuation": 0.029216878612176221,
  "Day": 0.00000000000747312117182406,
  "Day_Fluctuation": 0.031720795812961985,
  "Week": 0.00000000000743375419949481,
  "Week_Fluctuation": 0.21161937133419789,
  "Updated": "2018-04-23T03:20:05.7688765Z"
}
