{
  "Live": 0.0000000001709943,
  "Minute": 0.000000000185879634944581,
  "Minute_Fluctuation": 0.036287881255989779,
  "Minute_5": 0.000000000191478965275358,
  "Minute_5_Fluctuation": 0.0072575762511979556,
  "Minute_10": 0.000000000192172355262399,
  "Minute_10_Fluctuation": 0.004481121979253354,
  "Hour": 0.000000000198645416567369,
  "Hour_Fluctuation": 0.11665108817435181,
  "Day": 0.000000000196797048484814,
  "Day_Fluctuation": 0.049656721361936419,
  "Week": 0.000000000192878103496652,
  "Week_Fluctuation": 0.21615890546966582,
  "Updated": "2018-04-23T03:20:07.0648388Z"
}
