{
  "Live": 0.00000000000000058082589161,
  "Minute": 0.0000000000000017503265999683,
  "Minute_Fluctuation": 1.486089249209479,
  "Minute_5": 0.0000000000000016085707418685,
  "Minute_5_Fluctuation": 1.4681762329182877,
  "Minute_10": 0.0000000000000011798154653187,
  "Minute_10_Fluctuation": 1.0165686571246739,
  "Hour": 0.0000000000000006934273414013,
  "Hour_Fluctuation": 0.28517430299368,
  "Day": 0.0000000000000005849686977125,
  "Day_Fluctuation": 0.013012895866127579,
  "Week": 0.00000000000000058082589161,
  "Week_Fluctuation": 0.38484684195181462,
  "Updated": "2018-04-24T23:41:53.3754662Z"
}
