{
  "Live": 0.000000000008253,
  "Minute": 0.00000000000765689650737259,
  "Minute_Fluctuation": 0.035381493966594867,
  "Minute_5": 0.00000000000747837291891101,
  "Minute_5_Fluctuation": 0.0074842430695952842,
  "Minute_10": 0.00000000000745625586228811,
  "Minute_10_Fluctuation": 0.0041289539847009617,
  "Hour": 0.00000000000744093497599719,
  "Hour_Fluctuation": 0.0076096996246865318,
  "Day": 0.00000000000747064361281246,
  "Day_Fluctuation": 0.030241436857242614,
  "Week": 0.00000000000743376416013744,
  "Week_Fluctuation": 0.20963817023705048,
  "Updated": "2018-04-23T04:56:46.7767543Z"
}
