{
  "Live": 0.000000000004925,
  "Minute": 0.00000000000511679279704464,
  "Minute_Fluctuation": 0.23005318806241684,
  "Minute_5": 0.00000000000515956451147264,
  "Minute_5_Fluctuation": 0.27077860200109172,
  "Minute_10": 0.00000000000516491097577614,
  "Minute_10_Fluctuation": 0.17720689589508989,
  "Hour": 0.00000000000516782955408039,
  "Hour_Fluctuation": 0.19687106866439255,
  "Day": 0.00000000000516467121826701,
  "Day_Fluctuation": 0.47735645232282725,
  "Week": 0.00000000000517025213604759,
  "Week_Fluctuation": 0.49668485315163757,
  "Updated": "2018-04-28T01:21:34.4420908Z"
}
