{
  "Live": 0.00000000109084929,
  "Minute": 0.00000000109084929,
  "Minute_Fluctuation": 0.15123046549042557,
  "Minute_5": 0.00000000109084929,
  "Minute_5_Fluctuation": 0.18387729588544507,
  "Minute_10": 0.00000000109084929,
  "Minute_10_Fluctuation": 0.18787260757667248,
  "Hour": 0.00000000130333106518773,
  "Hour_Fluctuation": 0.037784202417803329,
  "Day": 0.00000000135390814299584,
  "Day_Fluctuation": 0.020257090931494595,
  "Week": 0.00000000134919623180811,
  "Week_Fluctuation": 0.21286160622796821,
  "Updated": "2018-04-23T00:04:05.1669803Z"
}
