{
  "Live": 0.000000000014511525,
  "Minute": 0.0000000000138362438907567,
  "Minute_Fluctuation": 0.10142980878264164,
  "Minute_5": 0.0000000000136231310756743,
  "Minute_5_Fluctuation": 0.027601047886777058,
  "Minute_10": 0.000000000013596491973789,
  "Minute_10_Fluctuation": 0.014304352542254773,
  "Hour": 0.0000000000135742927222179,
  "Hour_Fluctuation": 0.0066947350178251513,
  "Day": 0.0000000000135781673241074,
  "Day_Fluctuation": 0.23400268113233641,
  "Week": 0.0000000000135698792995841,
  "Week_Fluctuation": 0.45566192276643791,
  "Updated": "2018-04-26T17:09:48.4114805Z"
}
