{
  "Live": 0.000000000000067763025,
  "Minute": 0.0000000000000324979933224198,
  "Minute_Fluctuation": 1.2167004291778385,
  "Minute_5": 0.0000000000000249934674240793,
  "Minute_5_Fluctuation": 1.0646386294351549,
  "Minute_10": 0.0000000000000240554016867868,
  "Minute_10_Fluctuation": 0.53270254136789918,
  "Hour": 0.0000000000000220396634939409,
  "Hour_Fluctuation": 0.21669646427465808,
  "Day": 0.0000000000000230603548781146,
  "Day_Fluctuation": 0.47769448611795573,
  "Week": 0.0000000000000231182665702653,
  "Week_Fluctuation": 0.49673593147542078,
  "Updated": "2018-04-28T01:21:33.8917074Z"
}
