{
  "Live": 0.0000000887344985,
  "Minute": 0.0000000775161327734115,
  "Minute_Fluctuation": 0.15421830090251717,
  "Minute_5": 0.0000000748828828832047,
  "Minute_5_Fluctuation": 0.14453146885601018,
  "Minute_10": 0.0000000745537266469288,
  "Minute_10_Fluctuation": 0.087430071762162054,
  "Hour": 0.0000000734928657896857,
  "Hour_Fluctuation": 0.15847748518614271,
  "Day": 0.0000000741388424797998,
  "Day_Fluctuation": 0.4746608735206817,
  "Week": 0.0000000742248969545382,
  "Week_Fluctuation": 0.4962942599876386,
  "Updated": "2018-04-28T01:21:35.055822Z"
}
