{
  "Live": 0.0000000000173313,
  "Minute": 0.0000000000195195696247558,
  "Minute_Fluctuation": 0.053319328662779164,
  "Minute_5": 0.0000000000203990808514576,
  "Minute_5_Fluctuation": 0.010663865732555832,
  "Minute_10": 0.0000000000204949647395086,
  "Minute_10_Fluctuation": 0.012063947670887214,
  "Hour": 0.0000000000203051242468282,
  "Hour_Fluctuation": 0.047093489876346331,
  "Day": 0.000000000020422426748431,
  "Day_Fluctuation": 0.024695325746269411,
  "Week": 0.0000000000206188495917606,
  "Week_Fluctuation": 0.21065596291016656,
  "Updated": "2018-04-23T03:20:08.2364289Z"
}
