{
  "Live": 0.0000000000088132062194301,
  "Minute": 0.0000000000088132062194301,
  "Minute_Fluctuation": 0.0,
  "Minute_5": 0.0000000000088132062194301,
  "Minute_5_Fluctuation": 0.0,
  "Minute_10": 0.0000000000088132062194301,
  "Minute_10_Fluctuation": 0.0,
  "Hour": 0.0000000000088132062194301,
  "Hour_Fluctuation": 0.050645527989525124,
  "Day": 0.00000000000881397136875424,
  "Day_Fluctuation": 0.027252288873122386,
  "Week": 0.0000000000088132062194301,
  "Week_Fluctuation": 0.23053036650117353,
  "Updated": "2018-04-22T11:00:30.1672837Z"
}
