{
  "Live": 0.000000000139810005558202,
  "Minute": 0.000000000151593746906616,
  "Minute_Fluctuation": 0.22511991791807509,
  "Minute_5": 0.00000000014924295312368,
  "Minute_5_Fluctuation": 0.08065906867961653,
  "Minute_10": 0.000000000145245335302138,
  "Minute_10_Fluctuation": 0.043309790222008961,
  "Hour": 0.000000000140822208759788,
  "Hour_Fluctuation": 0.0095184336022549,
  "Day": 0.000000000139847179786197,
  "Day_Fluctuation": 0.0004602062034058068,
  "Week": 0.000000000139810005558202,
  "Week_Fluctuation": 0.40028008592919778,
  "Updated": "2018-04-24T23:41:53.5420667Z"
}
