{
  "Live": 0.000000000050647875,
  "Minute": 0.0000000000403794661293133,
  "Minute_Fluctuation": 0.1606333949203072,
  "Minute_5": 0.0000000000367687007737583,
  "Minute_5_Fluctuation": 0.034774521405392833,
  "Minute_10": 0.0000000000363104348291965,
  "Minute_10_Fluctuation": 0.0197868461933074,
  "Hour": 0.0000000000358719462518411,
  "Hour_Fluctuation": 0.0098303505776944859,
  "Day": 0.0000000000359732996125793,
  "Day_Fluctuation": 0.024882900111456725,
  "Week": 0.0000000000358664571984305,
  "Week_Fluctuation": 0.20902764635795734,
  "Updated": "2018-04-23T04:56:49.0610811Z"
}
