{
  "Live": 0.000000000000334074064382913,
  "Minute": 0.000000000000333243357194279,
  "Minute_Fluctuation": 0.018288770021153741,
  "Minute_5": 0.000000000000330332340448037,
  "Minute_5_Fluctuation": 0.04446783515893122,
  "Minute_10": 0.00000000000033163574310615,
  "Minute_10_Fluctuation": 0.029985000752757143,
  "Hour": 0.000000000000333575484438161,
  "Hour_Fluctuation": 0.0093417162584419622,
  "Day": 0.000000000000334055438511021,
  "Day_Fluctuation": 0.0005151965975170778,
  "Week": 0.000000000000334074064382913,
  "Week_Fluctuation": 0.40029649153843772,
  "Updated": "2018-04-24T23:41:53.6891735Z"
}
