{
  "Live": 0.00000000000108522395560548,
  "Minute": 0.00000000000108522395560548,
  "Minute_Fluctuation": 0.1157107519011798,
  "Minute_5": 0.00000000000108522395560548,
  "Minute_5_Fluctuation": 0.1157107519011798,
  "Minute_10": 0.00000000000104509049743251,
  "Minute_10_Fluctuation": 0.13012572862328231,
  "Hour": 0.00000000000107750811274817,
  "Hour_Fluctuation": 0.090404417089846562,
  "Day": 0.0000000000011003721100247,
  "Day_Fluctuation": 0.031145799328383968,
  "Week": 0.00000000000108522395560548,
  "Week_Fluctuation": 0.23457928575509046,
  "Updated": "2018-04-22T08:33:07.3322402Z"
}
