{
  "Live": 0.00000000000039826665,
  "Minute": 0.000000000000302977910854701,
  "Minute_Fluctuation": 0.18056268030405828,
  "Minute_5": 0.000000000000276799405186035,
  "Minute_5_Fluctuation": 0.040409962517640993,
  "Minute_10": 0.000000000000274986361468108,
  "Minute_10_Fluctuation": 0.028676014669991437,
  "Hour": 0.000000000000272190150034201,
  "Hour_Fluctuation": 0.013219368440028779,
  "Day": 0.0000000000002712355597659,
  "Day_Fluctuation": 0.15509116036991705,
  "Week": 0.000000000000270258025111337,
  "Week_Fluctuation": 0.43102442970338206,
  "Updated": "2018-04-27T02:43:39.3112501Z"
}
