{
  "Live": 0.000000000006631875,
  "Minute": 0.000000000006631875,
  "Minute_Fluctuation": 3.2582679952227305,
  "Minute_5": 0.000000000006631875,
  "Minute_5_Fluctuation": 2.5706833523368249,
  "Minute_10": 0.000000000006631875,
  "Minute_10_Fluctuation": 2.4998908136199085,
  "Hour": 0.00000000000276060727656,
  "Hour_Fluctuation": 0.45254970805788242,
  "Day": 0.00000000000192560324028106,
  "Day_Fluctuation": 0.093776539513317686,
  "Week": 0.00000000000193724106567186,
  "Week_Fluctuation": 0.23074894332383036,
  "Updated": "2018-04-23T00:04:06.3495455Z"
}
