{
  "Live": 0.000000001230000435,
  "Minute": 0.00000000131067678556932,
  "Minute_Fluctuation": 0.02826885559038474,
  "Minute_5": 0.00000000134118014690755,
  "Minute_5_Fluctuation": 0.0056537711180769477,
  "Minute_10": 0.0000000013456957616097,
  "Minute_10_Fluctuation": 0.0076973340773150416,
  "Hour": 0.00000000134624236988594,
  "Hour_Fluctuation": 0.018611661868218589,
  "Day": 0.00000000135080194718139,
  "Day_Fluctuation": 0.020195515682202743,
  "Week": 0.00000000134880220458321,
  "Week_Fluctuation": 0.20911653382804124,
  "Updated": "2018-04-23T03:20:07.1597459Z"
}
