{
  "Live": 0.0000000000001572,
  "Minute": 0.000000000000142363199527932,
  "Minute_Fluctuation": 0.073961348282558209,
  "Minute_5": 0.000000000000138568505646935,
  "Minute_5_Fluctuation": 0.016411642051924663,
  "Minute_10": 0.000000000000137777754638063,
  "Minute_10_Fluctuation": 0.013123842060042077,
  "Hour": 0.000000000000139871515359464,
  "Hour_Fluctuation": 0.035192149687927721,
  "Day": 0.000000000000137942560343747,
  "Day_Fluctuation": 0.15171217598666339,
  "Week": 0.000000000000137620302748844,
  "Week_Fluctuation": 0.43048098598194956,
  "Updated": "2018-04-27T02:43:38.3455662Z"
}
