{
  "Live": 0.000000000024867075,
  "Minute": 0.0000000000171545675883433,
  "Minute_Fluctuation": 0.21076789307691871,
  "Minute_5": 0.000000000014800125130532,
  "Minute_5_Fluctuation": 0.042613862707079356,
  "Minute_10": 0.0000000000145052497521672,
  "Minute_10_Fluctuation": 0.022386251649740018,
  "Hour": 0.0000000000143190758328638,
  "Hour_Fluctuation": 0.023725762395854014,
  "Day": 0.0000000000143837362672203,
  "Day_Fluctuation": 0.0272866264818978,
  "Week": 0.00000000001421180648563,
  "Week_Fluctuation": 0.20824400582913918,
  "Updated": "2018-04-23T04:56:47.041091Z"
}
