{
  "Live": 0.000000000141195075,
  "Minute": 0.000000000143119913149153,
  "Minute_Fluctuation": 0.0061509452797651751,
  "Minute_5": 0.000000000143828530016106,
  "Minute_5_Fluctuation": 0.001230189055953035,
  "Minute_10": 0.000000000143947388074511,
  "Minute_10_Fluctuation": 0.00279886416197803,
  "Hour": 0.00000000014322326412735,
  "Hour_Fluctuation": 0.0292335384973044,
  "Day": 0.000000000143765636975249,
  "Day_Fluctuation": 0.017370427241321561,
  "Week": 0.000000000144005596358729,
  "Week_Fluctuation": 0.20965132140997822,
  "Updated": "2018-04-23T03:20:06.6823545Z"
}
