{
  "Live": 0.000000000013037775,
  "Minute": 0.000000000013037775,
  "Minute_Fluctuation": 0.23902894491129797,
  "Minute_5": 0.000000000013037775,
  "Minute_5_Fluctuation": 0.23902894491129797,
  "Minute_10": 0.000000000013037775,
  "Minute_10_Fluctuation": 0.23902894491129797,
  "Hour": 0.00000000000985070245082539,
  "Hour_Fluctuation": 0.11320157844314163,
  "Day": 0.00000000000886363822915862,
  "Day_Fluctuation": 0.019364616826812755,
  "Week": 0.00000000000882041648959316,
  "Week_Fluctuation": 0.21343160296972402,
  "Updated": "2018-04-23T00:14:58.2552046Z"
}
