{
  "Live": 0.0000000001386897,
  "Minute": 0.0000000001386897,
  "Minute_Fluctuation": 0.31045724500206962,
  "Minute_5": 0.0000000001386897,
  "Minute_5_Fluctuation": 0.28571533107012176,
  "Minute_10": 0.0000000001386897,
  "Minute_10_Fluctuation": 0.28270091851118651,
  "Hour": 0.000000000183469492467584,
  "Hour_Fluctuation": 0.056340061142719028,
  "Day": 0.000000000193670613869745,
  "Day_Fluctuation": 0.035223123981144674,
  "Week": 0.000000000192367977006434,
  "Week_Fluctuation": 0.21765922623185568,
  "Updated": "2018-04-23T00:04:04.9829648Z"
}
