{
  "Live": 0.000000000000013234275,
  "Minute": 0.0000000000000106217196428557,
  "Minute_Fluctuation": 0.11681344066088781,
  "Minute_5": 0.0000000000000098896414864266,
  "Minute_5_Fluctuation": 0.024486376797598831,
  "Minute_10": 0.0000000000000097981317168729,
  "Minute_10_Fluctuation": 0.012310224012286864,
  "Hour": 0.0000000000000097218735755782,
  "Hour_Fluctuation": 0.0032049737904225372,
  "Day": 0.0000000000000097058059276325,
  "Day_Fluctuation": 0.23368394259667133,
  "Week": 0.0000000000000097067127308208,
  "Week_Fluctuation": 0.45561991972493754,
  "Updated": "2018-04-26T17:09:46.3090995Z"
}
