{
  "Live": 0.000000000001739025,
  "Minute": 0.00000000000136436490622846,
  "Minute_Fluctuation": 0.15829614047116641,
  "Minute_5": 0.0000000000012635752472918,
  "Minute_5_Fluctuation": 0.035620242395847483,
  "Minute_10": 0.0000000000012567597890927,
  "Minute_10_Fluctuation": 0.023790387331845946,
  "Hour": 0.00000000000125079301366152,
  "Hour_Fluctuation": 0.023997536914665926,
  "Day": 0.00000000000124037437055271,
  "Day_Fluctuation": 0.15141527338752733,
  "Week": 0.00000000000123839033127527,
  "Week_Fluctuation": 0.43046663348824693,
  "Updated": "2018-04-27T02:43:39.0250143Z"
}
