{
  "Live": 0.0000000000441339,
  "Minute": 0.0000000000441339,
  "Minute_Fluctuation": 0.17056790733296634,
  "Minute_5": 0.0000000000441339,
  "Minute_5_Fluctuation": 0.21790551734995656,
  "Minute_10": 0.0000000000441339,
  "Minute_10_Fluctuation": 0.22375349042550316,
  "Hour": 0.0000000000373893002800536,
  "Hour_Fluctuation": 0.045503223017587267,
  "Day": 0.0000000000360927826005012,
  "Day_Fluctuation": 0.023061644409969655,
  "Week": 0.0000000000358801419017123,
  "Week_Fluctuation": 0.21425466755284503,
  "Updated": "2018-04-23T00:04:07.3644192Z"
}
