{
  "Live": 0.000000000000568438165475245,
  "Minute": 0.000000000000568438165475245,
  "Minute_Fluctuation": 0.0,
  "Minute_5": 0.000000000000568438165475245,
  "Minute_5_Fluctuation": 0.0,
  "Minute_10": 0.000000000000568438165475245,
  "Minute_10_Fluctuation": 0.0,
  "Hour": 0.000000000000568438165475245,
  "Hour_Fluctuation": 0.0,
  "Day": 0.000000000000912822785755064,
  "Day_Fluctuation": 0.91555875905138262,
  "Week": 0.000000000000568438165475245,
  "Week_Fluctuation": 0.66649099134843592,
  "Updated": "2018-04-23T03:19:48.1530757Z"
}
