{
  "Live": 0.00000000003456435,
  "Minute": 0.000000000023223762174377,
  "Minute_Fluctuation": 0.38091573621321784,
  "Minute_5": 0.0000000000197822960657365,
  "Minute_5_Fluctuation": 0.095994271110509122,
  "Minute_10": 0.0000000000193699477640165,
  "Minute_10_Fluctuation": 0.060110810050220724,
  "Hour": 0.00000000001913169344204,
  "Hour_Fluctuation": 0.016565781505956775,
  "Day": 0.0000000000191559743976869,
  "Day_Fluctuation": 0.036335667239338329,
  "Week": 0.0000000000189223563076871,
  "Week_Fluctuation": 0.2111949603661184,
  "Updated": "2018-04-23T04:56:46.9572876Z"
}
