{
  "Live": 0.000000000202640625,
  "Minute": 0.000000000181858120711619,
  "Minute_Fluctuation": 0.065928825739429875,
  "Minute_5": 0.000000000176419060738053,
  "Minute_5_Fluctuation": 0.014803497866262384,
  "Minute_10": 0.000000000176100421980367,
  "Minute_10_Fluctuation": 0.010032163602707646,
  "Hour": 0.000000000174468214838295,
  "Hour_Fluctuation": 0.016719500284273263,
  "Day": 0.000000000174809820171619,
  "Day_Fluctuation": 0.15080709423958893,
  "Week": 0.000000000175059970231266,
  "Week_Fluctuation": 0.43034107167422936,
  "Updated": "2018-04-27T02:43:38.6460818Z"
}
