{
  "Live": 0.0000000000081351,
  "Minute": 0.00000000000573295289453754,
  "Minute_Fluctuation": 0.25718678016802332,
  "Minute_5": 0.00000000000499725666057406,
  "Minute_5_Fluctuation": 0.054303776188665977,
  "Minute_10": 0.00000000000490529463132862,
  "Minute_10_Fluctuation": 0.027313642492079918,
  "Hour": 0.00000000000482865960695743,
  "Hour_Fluctuation": 0.0089518896934231984,
  "Day": 0.0000000000048113220007374,
  "Day_Fluctuation": 0.23615057806935014,
  "Week": 0.00000000000481342383425506,
  "Week_Fluctuation": 0.45600817303240093,
  "Updated": "2018-04-26T17:09:47.8767062Z"
}
