{
  "Live": 0.000000000000263008163991673,
  "Minute": 0.000000000000263008163991673,
  "Minute_Fluctuation": 0.029657383795216777,
  "Minute_5": 0.000000000000263008163991673,
  "Minute_5_Fluctuation": 0.029657383795216777,
  "Minute_10": 0.000000000000265881873064152,
  "Minute_10_Fluctuation": 0.036591285019921718,
  "Hour": 0.000000000000263940525067417,
  "Hour_Fluctuation": 0.03805592860209607,
  "Day": 0.000000000000265981115919051,
  "Day_Fluctuation": 0.028746361400423862,
  "Week": 0.000000000000263008163991673,
  "Week_Fluctuation": 0.23290165839565113,
  "Updated": "2018-04-22T08:33:07.3909973Z"
}
