{
  "Live": 0.00000000000010907715,
  "Minute": 0.000000000000130321266342859,
  "Minute_Fluctuation": 0.061101858195831138,
  "Minute_5": 0.000000000000136429623165357,
  "Minute_5_Fluctuation": 0.012560074075776686,
  "Minute_10": 0.000000000000137193167768169,
  "Minute_10_Fluctuation": 0.00630106722909727,
  "Hour": 0.000000000000137829454937179,
  "Hour_Fluctuation": 0.001197099120412722,
  "Day": 0.00000000000013792879324457,
  "Day_Fluctuation": 0.23353172419950197,
  "Week": 0.000000000000137955954886256,
  "Week_Fluctuation": 0.45559238397523433,
  "Updated": "2018-04-26T17:09:46.7263587Z"
}
