{
  "Live": 0.00000000000030594075,
  "Minute": 0.0000000000011800215423015,
  "Minute_Fluctuation": 2.6230686200604554,
  "Minute_5": 0.00000000000139228840924714,
  "Minute_5_Fluctuation": 3.0686276335048195,
  "Minute_10": 0.00000000000141882176761535,
  "Minute_10_Fluctuation": 1.8149021639409075,
  "Hour": 0.00000000000111346904818741,
  "Hour_Fluctuation": 0.47802906444964954,
  "Day": 0.00000000000142196997767671,
  "Day_Fluctuation": 0.49069180866614159,
  "Week": 0.00000000000144532880320739,
  "Week_Fluctuation": 0.49860907047757796,
  "Updated": "2018-04-28T01:21:35.4712873Z"
}
