{
  "Live": 0.000000000000206325,
  "Minute": 0.000000000000172563650113688,
  "Minute_Fluctuation": 0.098271931638728507,
  "Minute_5": 0.000000000000160211034890609,
  "Minute_5_Fluctuation": 0.0196543863277457,
  "Minute_10": 0.000000000000158740006115045,
  "Minute_10_Fluctuation": 0.013804196055175598,
  "Hour": 0.000000000000160193183227599,
  "Hour_Fluctuation": 0.067929852758137357,
  "Day": 0.000000000000158637619498078,
  "Day_Fluctuation": 0.02810193071542471,
  "Week": 0.000000000000157124412907163,
  "Week_Fluctuation": 0.20950469323710519,
  "Updated": "2018-04-23T03:20:06.5760176Z"
}
