{
  "Live": 0.00000000000701505,
  "Minute": 0.00000000000727529825069218,
  "Minute_Fluctuation": 0.05172324403894682,
  "Minute_5": 0.00000000000736467896911397,
  "Minute_5_Fluctuation": 0.013046313582535655,
  "Minute_10": 0.00000000000737438404423697,
  "Minute_10_Fluctuation": 0.00901114331022053,
  "Hour": 0.00000000000736506412227564,
  "Hour_Fluctuation": 0.0084348705683438257,
  "Day": 0.00000000000754615751325095,
  "Day_Fluctuation": 0.05391408075685826,
  "Week": 0.00000000000738701306480096,
  "Week_Fluctuation": 0.21377950798875328,
  "Updated": "2018-04-23T04:56:48.7158304Z"
}
