{
  "Live": 0.000000000129187803889409,
  "Minute": 0.000000000129187803889409,
  "Minute_Fluctuation": 0.24764628414191181,
  "Minute_5": 0.000000000129187803889409,
  "Minute_5_Fluctuation": 0.24764628414191181,
  "Minute_10": 0.000000000144339057529179,
  "Minute_10_Fluctuation": 0.27305259313171448,
  "Hour": 0.00000000014309091854776,
  "Hour_Fluctuation": 0.14871566733587868,
  "Day": 0.000000000128781077322401,
  "Day_Fluctuation": 0.037396495971097808,
  "Week": 0.000000000129187803889409,
  "Week_Fluctuation": 0.23611724496037945,
  "Updated": "2018-04-22T08:33:07.3166741Z"
}
