{
  "Live": 0.0000000000024759,
  "Minute": 0.0000000000024759,
  "Minute_Fluctuation": 0.62666666666666671,
  "Minute_5": 0.0000000000024759,
  "Minute_5_Fluctuation": 0.62666666666666671,
  "Minute_10": 0.0000000000024759,
  "Minute_10_Fluctuation": 0.62666666666666671,
  "Hour": 0.00000000000270891076902739,
  "Hour_Fluctuation": 0.38910324728264328,
  "Day": 0.0000000000019297666423268,
  "Day_Fluctuation": 0.09522917933256772,
  "Week": 0.00000000000193782325899873,
  "Week_Fluctuation": 0.23080007230243593,
  "Updated": "2018-04-23T00:15:00.0294562Z"
}
