{
  "Live": 0.000000000133469414668192,
  "Minute": 0.000000000142293380006287,
  "Minute_Fluctuation": 0.184314656567225,
  "Minute_5": 0.000000000141985670164905,
  "Minute_5_Fluctuation": 0.11657434594191574,
  "Minute_10": 0.000000000138518218843196,
  "Minute_10_Fluctuation": 0.07296239168053964,
  "Hour": 0.000000000134432050658932,
  "Hour_Fluctuation": 0.021579015300829906,
  "Day": 0.000000000133504927418117,
  "Day_Fluctuation": 0.00081102602026840572,
  "Week": 0.000000000133469414668192,
  "Week_Fluctuation": 0.4003599387130895,
  "Updated": "2018-04-24T23:41:53.6565909Z"
}
