{
  "Live": 0.000000107184168375,
  "Minute": 0.0000000858456157680174,
  "Minute_Fluctuation": 0.14610133062504804,
  "Minute_5": 0.000000078823049869098,
  "Minute_5_Fluctuation": 0.031632778173864062,
  "Minute_10": 0.0000000779313873316521,
  "Minute_10_Fluctuation": 0.018402676781012609,
  "Hour": 0.0000000770870752749515,
  "Hour_Fluctuation": 0.0067753861974563078,
  "Day": 0.000000076913936110439,
  "Day_Fluctuation": 0.01161370454968628,
  "Week": 0.0000000770682792482742,
  "Week_Fluctuation": 0.20479704566294071,
  "Updated": "2018-04-23T04:56:48.0970654Z"
}
