{
  "Live": 0.00000000112050645,
  "Minute": 0.00000000112050645,
  "Minute_Fluctuation": 0.02718722033545078,
  "Minute_5": 0.00000000112050645,
  "Minute_5_Fluctuation": 0.02718722033545078,
  "Minute_10": 0.00000000112050645,
  "Minute_10_Fluctuation": 0.02718722033545078,
  "Hour": 0.00000000127013324704828,
  "Hour_Fluctuation": 0.056394754587442836,
  "Day": 0.00000000135214223678623,
  "Day_Fluctuation": 0.021408129556672217,
  "Week": 0.00000000134894905236359,
  "Week_Fluctuation": 0.21281473963562472,
  "Updated": "2018-04-23T00:14:58.8653085Z"
}
