{
  "Live": 0.000000000004784775,
  "Minute": 0.00000000000460965210942076,
  "Minute_Fluctuation": 0.1580994837868239,
  "Minute_5": 0.00000000000455055596799177,
  "Minute_5_Fluctuation": 0.038270328817934948,
  "Minute_10": 0.00000000000454001618935681,
  "Minute_10_Fluctuation": 0.028812853774306254,
  "Hour": 0.00000000000452834747303573,
  "Hour_Fluctuation": 0.023550224724032291,
  "Day": 0.00000000000456802301911884,
  "Day_Fluctuation": 0.040978401980935886,
  "Week": 0.00000000000453578926102508,
  "Week_Fluctuation": 0.21687219113883532,
  "Updated": "2018-04-23T04:56:48.4596511Z"
}
