{
  "Live": 0.0000000000002916075,
  "Minute": 0.000000000000276178491840067,
  "Minute_Fluctuation": 0.080490532901502237,
  "Minute_5": 0.000000000000271422266991207,
  "Minute_5_Fluctuation": 0.020758619662186992,
  "Minute_10": 0.000000000000270827738885099,
  "Minute_10_Fluctuation": 0.01068960478499301,
  "Hour": 0.000000000000270332298796677,
  "Hour_Fluctuation": 0.0047085817647772388,
  "Day": 0.000000000000271552640132366,
  "Day_Fluctuation": 0.24012977869626995,
  "Week": 0.000000000000270233800588621,
  "Week_Fluctuation": 0.456552947760766,
  "Updated": "2018-04-26T17:09:48.0270776Z"
}
