{
  "Live": 0.0000000000716859,
  "Minute": 0.0000000000696520944326443,
  "Minute_Fluctuation": 0.01596091171280016,
  "Minute_5": 0.0000000000691347123149962,
  "Minute_5_Fluctuation": 0.0035383119925488831,
  "Minute_10": 0.0000000000691077116180649,
  "Minute_10_Fluctuation": 0.0027788626564081388,
  "Hour": 0.000000000069112064755824,
  "Hour_Fluctuation": 0.0028842291749114858,
  "Day": 0.0000000000690184815716663,
  "Day_Fluctuation": 0.14840046817357,
  "Week": 0.000000000069005430945073,
  "Week_Fluctuation": 0.42996754096436618,
  "Updated": "2018-04-27T02:43:38.274124Z"
}
