{
  "Live": 0.0000000000073848859664879,
  "Minute": 0.0000000000073848859664879,
  "Minute_Fluctuation": 0.0,
  "Minute_5": 0.0000000000073848859664879,
  "Minute_5_Fluctuation": 0.0,
  "Minute_10": 0.0000000000073848859664879,
  "Minute_10_Fluctuation": 0.0,
  "Hour": 0.0000000000073848859664879,
  "Hour_Fluctuation": 0.14224494153798886,
  "Day": 0.00000000000774976140036039,
  "Day_Fluctuation": 0.0674396511060913,
  "Week": 0.0000000000073848859664879,
  "Week_Fluctuation": 0.23739436009903087,
  "Updated": "2018-04-22T11:00:30.3307145Z"
}
