{
  "Live": 0.000000000039486675,
  "Minute": 0.0000000000356349197165807,
  "Minute_Fluctuation": 0.065164251147700289,
  "Minute_5": 0.000000000034553430940732,
  "Minute_5_Fluctuation": 0.014296930646488779,
  "Minute_10": 0.0000000000343450105191407,
  "Minute_10_Fluctuation": 0.011288822789649312,
  "Hour": 0.000000000034523860733335,
  "Hour_Fluctuation": 0.021882128576967079,
  "Day": 0.0000000000343412941612607,
  "Day_Fluctuation": 0.15117598956804598,
  "Week": 0.0000000000342831928599612,
  "Week_Fluctuation": 0.43039677147017313,
  "Updated": "2018-04-27T02:43:39.6076299Z"
}
