{
  "Live": 0.0000000000000786,
  "Minute": 0.000000000000121799657610007,
  "Minute_Fluctuation": 0.13829103686504648,
  "Minute_5": 0.000000000000134422706075815,
  "Minute_5_Fluctuation": 0.029196415732745628,
  "Minute_10": 0.000000000000136000587134041,
  "Minute_10_Fluctuation": 0.014695735837295497,
  "Hour": 0.000000000000137315488015896,
  "Hour_Fluctuation": 0.0097227210626033012,
  "Day": 0.000000000000137695016772699,
  "Day_Fluctuation": 0.23470706645776157,
  "Week": 0.000000000000137576902834074,
  "Week_Fluctuation": 0.45576979181270816,
  "Updated": "2018-04-26T17:09:47.0463026Z"
}
