{
  "Live": 0.000000000000717225,
  "Minute": 0.000000000000445908730434741,
  "Minute_Fluctuation": 0.39902498127877989,
  "Minute_5": 0.000000000000354888950588921,
  "Minute_5_Fluctuation": 0.08315490066273902,
  "Minute_10": 0.000000000000343430051770034,
  "Minute_10_Fluctuation": 0.04370382723480519,
  "Hour": 0.000000000000333110044050626,
  "Hour_Fluctuation": 0.017739555844338742,
  "Day": 0.0000000000003302993600613,
  "Day_Fluctuation": 0.027501452632445949,
  "Week": 0.000000000000332145292802546,
  "Week_Fluctuation": 0.21150446959866509,
  "Updated": "2018-04-23T04:56:48.3708983Z"
}
