{
  "Live": 0.000000000000225975,
  "Minute": 0.000000000000225975,
  "Minute_Fluctuation": 0.0952380952380951,
  "Minute_5": 0.000000000000225975,
  "Minute_5_Fluctuation": 0.0952380952380951,
  "Minute_10": 0.000000000000225975,
  "Minute_10_Fluctuation": 0.0952380952380951,
  "Hour": 0.000000000000189600683036809,
  "Hour_Fluctuation": 0.072612323587237543,
  "Day": 0.000000000000175661717979627,
  "Day_Fluctuation": 0.018503373366814277,
  "Week": 0.000000000000176087649018139,
  "Week_Fluctuation": 0.21076732256194244,
  "Updated": "2018-04-23T00:14:58.0669776Z"
}
