{
  "Live": 0.000000000214396651796595,
  "Minute": 0.000000000205033258949359,
  "Minute_Fluctuation": 0.15176662870573637,
  "Minute_5": 0.000000000206277374345472,
  "Minute_5_Fluctuation": 0.068981476948642817,
  "Minute_10": 0.000000000209655885451675,
  "Minute_10_Fluctuation": 0.041335285437450069,
  "Hour": 0.000000000213503913293365,
  "Hour_Fluctuation": 0.011213691289087096,
  "Day": 0.000000000214363794931265,
  "Day_Fluctuation": 0.00047861111972641768,
  "Week": 0.000000000214396651796595,
  "Week_Fluctuation": 0.40030367040629028,
  "Updated": "2018-04-24T23:41:53.6082119Z"
}
