{
  "Live": 0.000000061535519375,
  "Minute": 0.0000000720642198027079,
  "Minute_Fluctuation": 0.064945452531570455,
  "Minute_5": 0.0000000760684724992743,
  "Minute_5_Fluctuation": 0.01298909050631409,
  "Minute_10": 0.0000000765700073809572,
  "Minute_10_Fluctuation": 0.00708132213651058,
  "Hour": 0.0000000770922251897397,
  "Hour_Fluctuation": 0.013136091013372328,
  "Day": 0.0000000769084519905516,
  "Day_Fluctuation": 0.012030721121186463,
  "Week": 0.0000000770690391143018,
  "Week_Fluctuation": 0.20673732461130714,
  "Updated": "2018-04-23T03:20:07.2613509Z"
}
