{
  "Live": 0.0000000000002358,
  "Minute": 0.000000000000310396403208877,
  "Minute_Fluctuation": 0.17086921972245669,
  "Minute_5": 0.000000000000336158532204663,
  "Minute_5_Fluctuation": 0.038798022520628118,
  "Minute_10": 0.000000000000339250445059363,
  "Minute_10_Fluctuation": 0.023549111377738675,
  "Hour": 0.000000000000340091016809805,
  "Hour_Fluctuation": 0.017871997071840777,
  "Day": 0.000000000000339909031656034,
  "Day_Fluctuation": 0.01541175058608512,
  "Week": 0.000000000000342595869745152,
  "Week_Fluctuation": 0.2046321858385878,
  "Updated": "2018-04-23T04:56:48.7984013Z"
}
