{
  "Live": 0.00000000013202835,
  "Minute": 0.00000000013202835,
  "Minute_Fluctuation": 0.13886574815764177,
  "Minute_5": 0.00000000013202835,
  "Minute_5_Fluctuation": 0.13886574815764177,
  "Minute_10": 0.00000000013202835,
  "Minute_10_Fluctuation": 0.13886574815764177,
  "Hour": 0.0000000000490556909734516,
  "Hour_Fluctuation": 8.0700220494904862,
  "Day": 0.00000000000255957576199407,
  "Day_Fluctuation": 4.4492157658180655,
  "Week": 0.000000000000484876916633783,
  "Week_Fluctuation": 1.8150635478108461,
  "Updated": "2018-04-23T00:14:57.215403Z"
}
