{
  "Live": 0.00000000000992325,
  "Minute": 0.00000000000869221842577121,
  "Minute_Fluctuation": 0.1686305976485602,
  "Minute_5": 0.00000000000839142663773979,
  "Minute_5_Fluctuation": 0.16261770315640567,
  "Minute_10": 0.00000000000835382766423586,
  "Minute_10_Fluctuation": 0.12985482607099025,
  "Hour": 0.00000000000866626706914486,
  "Hour_Fluctuation": 0.16291905190666428,
  "Day": 0.00000000000834136517398991,
  "Day_Fluctuation": 0.47514540850809939,
  "Week": 0.00000000000831626599130088,
  "Week_Fluctuation": 0.49636774036516657,
  "Updated": "2018-04-28T01:21:35.5453158Z"
}
