{
  "Live": 0.000000000000206325,
  "Minute": 0.000000000000206325,
  "Minute_Fluctuation": 0.12163789270553314,
  "Minute_5": 0.000000000000206325,
  "Minute_5_Fluctuation": 0.16180180518243811,
  "Minute_10": 0.000000000000206325,
  "Minute_10_Fluctuation": 0.16695273859103071,
  "Hour": 0.000000000000181530240921731,
  "Hour_Fluctuation": 0.034401176866532004,
  "Day": 0.000000000000175278146298266,
  "Day_Fluctuation": 0.016439393603759997,
  "Week": 0.000000000000176033669674978,
  "Week_Fluctuation": 0.2106884040533859,
  "Updated": "2018-04-23T00:04:04.365794Z"
}
