{
  "Live": 0.00000000016845945,
  "Minute": 0.000000000167784750339664,
  "Minute_Fluctuation": 0.033233676883962435,
  "Minute_5": 0.000000000167586888517082,
  "Minute_5_Fluctuation": 0.0088014637228326052,
  "Minute_10": 0.000000000167562155789259,
  "Minute_10_Fluctuation": 0.0045388604382128016,
  "Hour": 0.00000000016754154518274,
  "Hour_Fluctuation": 0.0028975187202269271,
  "Day": 0.000000000167420645911448,
  "Day_Fluctuation": 0.23432833947328638,
  "Week": 0.000000000167537447597872,
  "Week_Fluctuation": 0.45571521784128816,
  "Updated": "2018-04-26T17:09:47.1194137Z"
}
