{
  "Live": 0.000000000008203875,
  "Minute": 0.00000000000645255784572307,
  "Minute_Fluctuation": 0.12824964888015986,
  "Minute_5": 0.00000000000595930689110823,
  "Minute_5_Fluctuation": 0.027065870389904177,
  "Minute_10": 0.00000000000589765052178138,
  "Minute_10_Fluctuation": 0.013622531495798475,
  "Hour": 0.000000000005846270214009,
  "Hour_Fluctuation": 0.0052945473268366256,
  "Day": 0.00000000000583711760032304,
  "Day_Fluctuation": 0.2340634628100717,
  "Week": 0.00000000000583605531948758,
  "Week_Fluctuation": 0.45568654616854554,
  "Updated": "2018-04-26T17:09:46.3880707Z"
}
