{
  "Live": 0.000000000001797975,
  "Minute": 0.00000000000189613418072094,
  "Minute_Fluctuation": 0.038506470730953958,
  "Minute_5": 0.00000000000192944681873677,
  "Minute_5_Fluctuation": 0.0088054609483628546,
  "Minute_10": 0.00000000000193348367811298,
  "Minute_10_Fluctuation": 0.0046198593886575563,
  "Hour": 0.00000000000193552543965508,
  "Hour_Fluctuation": 0.017935791125069375,
  "Day": 0.00000000000193097617897763,
  "Day_Fluctuation": 0.087270165811144,
  "Week": 0.00000000000193777084720923,
  "Week_Fluctuation": 0.22578673341690605,
  "Updated": "2018-04-23T04:56:48.5432869Z"
}
