{
  "Live": 0.000000000006533625,
  "Minute": 0.000000000006533625,
  "Minute_Fluctuation": 0.26687541667949471,
  "Minute_5": 0.000000000006533625,
  "Minute_5_Fluctuation": 0.3518574636590418,
  "Minute_10": 0.000000000006533625,
  "Minute_10_Fluctuation": 0.36100342666156737,
  "Hour": 0.00000000000964338581509055,
  "Hour_Fluctuation": 0.072089034713027855,
  "Day": 0.0000000000103348522419721,
  "Day_Fluctuation": 0.013650609481920047,
  "Week": 0.0000000000103684402202698,
  "Week_Fluctuation": 0.2112101854178228,
  "Updated": "2018-04-23T00:04:07.5548466Z"
}
