{
  "Live": 0.000000000004177125,
  "Minute": 0.00000000000437261222070555,
  "Minute_Fluctuation": 0.019818031765947978,
  "Minute_5": 0.00000000000444333914341868,
  "Minute_5_Fluctuation": 0.0039636063531895954,
  "Minute_10": 0.00000000000445878345563708,
  "Minute_10_Fluctuation": 0.013540151226828809,
  "Hour": 0.0000000000044810367545205,
  "Hour_Fluctuation": 0.034774880263442963,
  "Day": 0.00000000000448862876927366,
  "Day_Fluctuation": 0.032226106757351741,
  "Week": 0.00000000000446101210339722,
  "Week_Fluctuation": 0.21304539001466158,
  "Updated": "2018-04-23T03:20:06.382484Z"
}
