{
  "Live": 0.00000000000002446425,
  "Minute": 0.000000000000027458641911268,
  "Minute_Fluctuation": 0.07637383463285477,
  "Minute_5": 0.0000000000000283438256430727,
  "Minute_5_Fluctuation": 0.017666882791152055,
  "Minute_10": 0.0000000000000284494018691382,
  "Minute_10_Fluctuation": 0.011412525849339029,
  "Hour": 0.0000000000000284695379848438,
  "Hour_Fluctuation": 0.012808219401175868,
  "Day": 0.0000000000000281834411427701,
  "Day_Fluctuation": 0.029547295665347729,
  "Week": 0.0000000000000285650118062159,
  "Week_Fluctuation": 0.20894286317622371,
  "Updated": "2018-04-23T04:56:46.5989484Z"
}
