{
  "Live": 0.000000000000008164575,
  "Minute": 0.00000000000000934546406557,
  "Minute_Fluctuation": 0.065434548815421462,
  "Minute_5": 0.0000000000000096332433026386,
  "Minute_5_Fluctuation": 0.014263948654630577,
  "Minute_10": 0.0000000000000096473032090282,
  "Minute_10_Fluctuation": 0.01146596405566498,
  "Hour": 0.0000000000000096294382640439,
  "Hour_Fluctuation": 0.015631219050712221,
  "Day": 0.0000000000000096957471673474,
  "Day_Fluctuation": 0.14962804000835092,
  "Week": 0.0000000000000097051524249963,
  "Week_Fluctuation": 0.43016919154990862,
  "Updated": "2018-04-27T02:43:37.6832218Z"
}
