{
  "Live": 0.0000000000091962,
  "Minute": 0.00000000000861678999579086,
  "Minute_Fluctuation": 0.085370497827202088,
  "Minute_5": 0.00000000000844542143454376,
  "Minute_5_Fluctuation": 0.019654704256016925,
  "Minute_10": 0.00000000000842400036438787,
  "Minute_10_Fluctuation": 0.009974142205830986,
  "Hour": 0.0000000000084061494725913,
  "Hour_Fluctuation": 0.0036318033311137656,
  "Day": 0.00000000000841119794136703,
  "Day_Fluctuation": 0.23502435438378105,
  "Week": 0.00000000000840260054529364,
  "Week_Fluctuation": 0.45581681240175675,
  "Updated": "2018-04-26T17:09:47.2703078Z"
}
