{
  "Live": 0.000000000019738425,
  "Minute": 0.0000000000191712719903894,
  "Minute_Fluctuation": 0.013239747552323241,
  "Minute_5": 0.0000000000189708670599489,
  "Minute_5_Fluctuation": 0.0026479495104646481,
  "Minute_10": 0.0000000000189444427809739,
  "Minute_10_Fluctuation": 0.0023314155360960685,
  "Hour": 0.0000000000188944968605195,
  "Hour_Fluctuation": 0.014508655435076796,
  "Day": 0.0000000000191607422114534,
  "Day_Fluctuation": 0.03730253033517348,
  "Week": 0.0000000000189207906791407,
  "Week_Fluctuation": 0.21312797738877814,
  "Updated": "2018-04-23T03:20:05.9738402Z"
}
