{
  "Live": 0.000000000000135911374975146,
  "Minute": 0.000000000000135911374975146,
  "Minute_Fluctuation": 0.0,
  "Minute_5": 0.000000000000135911374975146,
  "Minute_5_Fluctuation": 0.0,
  "Minute_10": 0.000000000000135911374975146,
  "Minute_10_Fluctuation": 0.0,
  "Hour": 0.000000000000135911374975146,
  "Hour_Fluctuation": 0.10299778798170921,
  "Day": 0.000000000000135336251168515,
  "Day_Fluctuation": 0.037882468965250771,
  "Week": 0.000000000000135911374975146,
  "Week_Fluctuation": 0.23304122477746689,
  "Updated": "2018-04-22T11:00:30.0773107Z"
}
