{
  "Live": 0.000000000000167025,
  "Minute": 0.000000000000174519627618589,
  "Minute_Fluctuation": 0.63437417638629012,
  "Minute_5": 0.000000000000176208764908635,
  "Minute_5_Fluctuation": 0.765092030034681,
  "Minute_10": 0.00000000000017641990706989,
  "Minute_10_Fluctuation": 0.56419276857383382,
  "Hour": 0.000000000000157543230895916,
  "Hour_Fluctuation": 0.26367268171835767,
  "Day": 0.000000000000175351296574367,
  "Day_Fluctuation": 0.48013429989168549,
  "Week": 0.000000000000176630839764716,
  "Week_Fluctuation": 0.49708608352586381,
  "Updated": "2018-04-28T01:21:34.5685556Z"
}
