{
  "Live": 0.0000000000003052488,
  "Minute": 0.0000000000003052488,
  "Minute_Fluctuation": 0.14712534179386322,
  "Minute_5": 0.0000000000003052488,
  "Minute_5_Fluctuation": 0.15790367259414848,
  "Minute_10": 0.0000000000003052488,
  "Minute_10_Fluctuation": 0.15926482663132518,
  "Hour": 0.000000000000270441365268837,
  "Hour_Fluctuation": 0.032050809908453985,
  "Day": 0.000000000000264626180540302,
  "Day_Fluctuation": 0.019478044265998588,
  "Week": 0.000000000000263047857079188,
  "Week_Fluctuation": 0.21209279680791746,
  "Updated": "2018-04-23T00:04:06.547077Z"
}
