{
  "Live": 0.000000000000135911374975146,
  "Minute": 0.000000000000135911374975146,
  "Minute_Fluctuation": 0.76804944107705386,
  "Minute_5": 0.000000000000135911374975146,
  "Minute_5_Fluctuation": 0.76804944107705386,
  "Minute_10": 0.000000000000115062251115509,
  "Minute_10_Fluctuation": 0.66320387863016306,
  "Hour": 0.00000000000011994545039394,
  "Hour_Fluctuation": 0.21742844513421167,
  "Day": 0.000000000000135271301107312,
  "Day_Fluctuation": 0.041630885330619753,
  "Week": 0.000000000000135911374975146,
  "Week_Fluctuation": 0.23649484371615237,
  "Updated": "2018-04-22T08:33:07.1554215Z"
}
