{
  "Live": 0.0000000000000237868423014142,
  "Minute": 0.0000000000000240612066317237,
  "Minute_Fluctuation": 0.0393412812649494,
  "Minute_5": 0.0000000000000241167585123981,
  "Minute_5_Fluctuation": 0.036939756807565567,
  "Minute_10": 0.0000000000000239867127099661,
  "Minute_10_Fluctuation": 0.024277182988014602,
  "Hour": 0.0000000000000238255978954526,
  "Hour_Fluctuation": 0.0033177829813218871,
  "Day": 0.0000000000000237882764822806,
  "Day_Fluctuation": 0.00013214889359147605,
  "Week": 0.0000000000000237868423014142,
  "Week_Fluctuation": 0.38298326856384979,
  "Updated": "2018-04-24T23:41:53.3581382Z"
}
