{
  "Live": 0.000000000000245625,
  "Minute": 0.00000000000018213530483223,
  "Minute_Fluctuation": 0.20505036657878239,
  "Minute_5": 0.000000000000162128272315372,
  "Minute_5_Fluctuation": 0.044549373687758076,
  "Minute_10": 0.000000000000159653676478058,
  "Minute_10_Fluctuation": 0.022535361054412829,
  "Hour": 0.000000000000158272367420698,
  "Hour_Fluctuation": 0.023196942524060838,
  "Day": 0.000000000000158570858309893,
  "Day_Fluctuation": 0.027228064411224891,
  "Week": 0.000000000000157128995216975,
  "Week_Fluctuation": 0.20755719223725833,
  "Updated": "2018-04-23T04:56:47.4818031Z"
}
