{
  "Live": 0.00000000026105025,
  "Minute": 0.000000000217114403811971,
  "Minute_Fluctuation": 0.15607520045448808,
  "Minute_5": 0.000000000203992717785301,
  "Minute_5_Fluctuation": 0.0373662378434511,
  "Minute_10": 0.000000000202352507031968,
  "Minute_10_Fluctuation": 0.019101460178037676,
  "Hour": 0.000000000200985664737523,
  "Hour_Fluctuation": 0.0051670601027750986,
  "Day": 0.000000000200833841505582,
  "Day_Fluctuation": 0.23464678044626205,
  "Week": 0.000000000200713923471842,
  "Week_Fluctuation": 0.45577264093069242,
  "Updated": "2018-04-26T17:09:47.4321567Z"
}
