{
  "Live": 0.0000000000288315613292682,
  "Minute": 0.00000000002584495821475,
  "Minute_Fluctuation": 0.41163314147466529,
  "Minute_5": 0.0000000000261641800185278,
  "Minute_5_Fluctuation": 0.14164524612211143,
  "Minute_10": 0.0000000000272633268646049,
  "Minute_10_Fluctuation": 0.078192289681999622,
  "Hour": 0.0000000000285345230309619,
  "Hour_Fluctuation": 0.020415993232342784,
  "Day": 0.0000000000288206167466963,
  "Day_Fluctuation": 0.0010177718895964774,
  "Week": 0.0000000000288315613292682,
  "Week_Fluctuation": 0.41096350187541952,
  "Updated": "2018-04-24T23:41:53.7788172Z"
}
