{
  "Live": 0.000000000000393,
  "Minute": 0.000000000000336444095959626,
  "Minute_Fluctuation": 0.13595665640446758,
  "Minute_5": 0.000000000000318841986039468,
  "Minute_5_Fluctuation": 0.032660439288722844,
  "Minute_10": 0.000000000000316641722299449,
  "Minute_10_Fluctuation": 0.016698313055154682,
  "Hour": 0.000000000000314808169182766,
  "Hour_Fluctuation": 0.011375428235373493,
  "Day": 0.000000000000314692884373072,
  "Day_Fluctuation": 0.2342373569717309,
  "Week": 0.000000000000314443641360758,
  "Week_Fluctuation": 0.45569535953525964,
  "Updated": "2018-04-26T17:09:48.1905324Z"
}
