{
  "Live": 0.0000000000358714541415574,
  "Minute": 0.0000000000358714541415574,
  "Minute_Fluctuation": 0.23680169020036965,
  "Minute_5": 0.0000000000358714541415574,
  "Minute_5_Fluctuation": 0.23680169020036965,
  "Minute_10": 0.0000000000334084606052878,
  "Minute_10_Fluctuation": 0.21152978741792283,
  "Hour": 0.0000000000332887697675176,
  "Hour_Fluctuation": 0.13751954497355609,
  "Day": 0.0000000000362276975780215,
  "Day_Fluctuation": 0.036879801582038796,
  "Week": 0.0000000000358714541415574,
  "Week_Fluctuation": 0.23519598807571415,
  "Updated": "2018-04-22T08:33:07.4632802Z"
}
