{
  "Live": 0.000000000000151924487887552,
  "Minute": 0.000000000000151924487887552,
  "Minute_Fluctuation": 0.03908450147306932,
  "Minute_5": 0.000000000000151924487887552,
  "Minute_5_Fluctuation": 0.03908450147306932,
  "Minute_10": 0.000000000000154104887262748,
  "Minute_10_Fluctuation": 0.053415935046780889,
  "Hour": 0.00000000000015164214170354,
  "Hour_Fluctuation": 0.059578111513226679,
  "Day": 0.000000000000152425939010032,
  "Day_Fluctuation": 0.012537106539284564,
  "Week": 0.000000000000151924487887552,
  "Week_Fluctuation": 0.229710667173497,
  "Updated": "2018-04-22T08:33:07.1394356Z"
}
