{
  "Live": 0.00000000000001746885,
  "Minute": 0.0000000000000205862109617708,
  "Minute_Fluctuation": 0.056508426701091984,
  "Minute_5": 0.000000000000021456331118171,
  "Minute_5_Fluctuation": 0.011665298068038406,
  "Minute_10": 0.0000000000000215650961377211,
  "Minute_10_Fluctuation": 0.0058551668024095851,
  "Hour": 0.0000000000000216557336540128,
  "Hour_Fluctuation": 0.0029349478579253217,
  "Day": 0.0000000000000216714936596692,
  "Day_Fluctuation": 0.23368316409717471,
  "Week": 0.000000000000021673753255466,
  "Week_Fluctuation": 0.45562188934349013,
  "Updated": "2018-04-26T17:09:46.229374Z"
}
