{
  "Live": 0.000000000135192,
  "Minute": 0.000000000141503962909877,
  "Minute_Fluctuation": 0.021152417526180457,
  "Minute_5": 0.000000000143505261739987,
  "Minute_5_Fluctuation": 0.0049969717021707055,
  "Minute_10": 0.000000000143766225999116,
  "Minute_10_Fluctuation": 0.0047494881528143676,
  "Hour": 0.000000000143908860520526,
  "Hour_Fluctuation": 0.008129637800596794,
  "Day": 0.0000000001437796656539,
  "Day_Fluctuation": 0.016467183249531236,
  "Week": 0.000000000144005338270577,
  "Week_Fluctuation": 0.20766720034301972,
  "Updated": "2018-04-23T04:56:47.5690962Z"
}
