{
  "Live": 0.0000000000358714541415574,
  "Minute": 0.0000000000358714541415574,
  "Minute_Fluctuation": 0.0,
  "Minute_5": 0.0000000000358714541415574,
  "Minute_5_Fluctuation": 0.0,
  "Minute_10": 0.0000000000358714541415574,
  "Minute_10_Fluctuation": 0.0,
  "Hour": 0.0000000000358714541415574,
  "Hour_Fluctuation": 0.060033163765354919,
  "Day": 0.0000000000361915485518038,
  "Day_Fluctuation": 0.034126796543997438,
  "Week": 0.0000000000358714541415574,
  "Week_Fluctuation": 0.23176133471425861,
  "Updated": "2018-04-22T11:00:30.3905148Z"
}
