{
  "Live": 0.0000000000012183,
  "Minute": 0.00000000000112377635118321,
  "Minute_Fluctuation": 0.09248725797418797,
  "Minute_5": 0.00000000000109226995707783,
  "Minute_5_Fluctuation": 0.023948407326714046,
  "Minute_10": 0.0000000000010886638019805,
  "Minute_10_Fluctuation": 0.015216763825393439,
  "Hour": 0.00000000000109065235946743,
  "Hour_Fluctuation": 0.0154203598837307,
  "Day": 0.0000000000010859731802492,
  "Day_Fluctuation": 0.023445400179742955,
  "Week": 0.00000000000108439726559441,
  "Week_Fluctuation": 0.20839878708951623,
  "Updated": "2018-04-23T04:56:48.2784034Z"
}
