{
  "Live": 0.000000000000363525,
  "Minute": 0.000000000000378420047881651,
  "Minute_Fluctuation": 0.12403578260484663,
  "Minute_5": 0.000000000000382080867362164,
  "Minute_5_Fluctuation": 0.14202570998851494,
  "Minute_10": 0.000000000000382538469797228,
  "Minute_10_Fluctuation": 0.12155179328715855,
  "Hour": 0.000000000000368311290339034,
  "Hour_Fluctuation": 0.16095195220783651,
  "Day": 0.000000000000381951268439688,
  "Day_Fluctuation": 0.47480672622972731,
  "Week": 0.000000000000382995618261622,
  "Week_Fluctuation": 0.49631712244025905,
  "Updated": "2018-04-28T01:21:35.6185824Z"
}
