{
  "Live": 0.0000000000688957762154527,
  "Minute": 0.0000000000688957762154527,
  "Minute_Fluctuation": 0.0837170092571176,
  "Minute_5": 0.0000000000688957762154527,
  "Minute_5_Fluctuation": 0.0837170092571176,
  "Minute_10": 0.0000000000711218010863442,
  "Minute_10_Fluctuation": 0.079346024367095841,
  "Hour": 0.0000000000715948583626986,
  "Hour_Fluctuation": 0.060750504635478507,
  "Day": 0.000000000069596904880084,
  "Day_Fluctuation": 0.013665064446942536,
  "Week": 0.0000000000688957762154527,
  "Week_Fluctuation": 0.22880850020434956,
  "Updated": "2018-04-22T08:33:07.185154Z"
}
