{
  "Live": 0.000000000000000953025,
  "Minute": 0.0000000000000006191113269636,
  "Minute_Fluctuation": 0.34196685213438677,
  "Minute_5": 0.0000000000000005197326421045,
  "Minute_5_Fluctuation": 0.068969626611727286,
  "Minute_10": 0.0000000000000005073305278688,
  "Minute_10_Fluctuation": 0.027599918507121863,
  "Hour": 0.0000000000000004974508920069,
  "Hour_Fluctuation": 0.019099967946562338,
  "Day": 0.0000000000000005035195187342,
  "Day_Fluctuation": 0.059586841376736754,
  "Week": 0.0000000000000004949002946353,
  "Week_Fluctuation": 0.21682436838104144,
  "Updated": "2018-04-23T04:56:46.6917807Z"
}
