{
  "Live": 0.0000000003750006,
  "Minute": 0.000000000245483801606163,
  "Minute_Fluctuation": 0.32996933073357809,
  "Minute_5": 0.000000000203402063388574,
  "Minute_5_Fluctuation": 0.0691507323874824,
  "Minute_10": 0.000000000198097864801533,
  "Minute_10_Fluctuation": 0.0362887793552793,
  "Hour": 0.000000000194780685539807,
  "Hour_Fluctuation": 0.039573050579029129,
  "Day": 0.000000000196601808164031,
  "Day_Fluctuation": 0.048391232066751895,
  "Week": 0.000000000192886847303698,
  "Week_Fluctuation": 0.21420559477192913,
  "Updated": "2018-04-23T04:56:47.9154888Z"
}
