{
  "Live": 0.000000000008871975,
  "Minute": 0.0000000000084387042856326,
  "Minute_Fluctuation": 0.021934698606629402,
  "Minute_5": 0.0000000000082938023185005,
  "Minute_5_Fluctuation": 0.00438693972132588,
  "Minute_10": 0.00000000000827676640821766,
  "Minute_10_Fluctuation": 0.0034983556403272303,
  "Hour": 0.00000000000830766630378081,
  "Hour_Fluctuation": 0.020092664810130213,
  "Day": 0.00000000000834999498936689,
  "Day_Fluctuation": 0.02264925585064077,
  "Week": 0.00000000000825759479571141,
  "Week_Fluctuation": 0.20697985255775098,
  "Updated": "2018-04-23T03:20:05.1453388Z"
}
