{
  "Live": 0.000000001641157125,
  "Minute": 0.00000000137612329869946,
  "Minute_Fluctuation": 0.0971497589142542,
  "Minute_5": 0.00000000129662633303992,
  "Minute_5_Fluctuation": 0.020695889645432702,
  "Minute_10": 0.00000000128668921233247,
  "Minute_10_Fluctuation": 0.010427788938019373,
  "Hour": 0.0000000012784082784096,
  "Hour_Fluctuation": 0.0015172838510329721,
  "Day": 0.00000000127644870495547,
  "Day_Fluctuation": 0.23405332540772333,
  "Week": 0.0000000012767619498797,
  "Week_Fluctuation": 0.4556734178079101,
  "Updated": "2018-04-26T17:09:47.5079525Z"
}
