{
  "Live": 0.0000000000000281781,
  "Minute": 0.0000000000000284489453488024,
  "Minute_Fluctuation": 0.0040887632501183727,
  "Minute_5": 0.0000000000000285423841999405,
  "Minute_5_Fluctuation": 0.00081775265002367458,
  "Minute_10": 0.0000000000000285677219338452,
  "Minute_10_Fluctuation": 0.004930231803076222,
  "Hour": 0.0000000000000284753162174826,
  "Hour_Fluctuation": 0.038631384484882625,
  "Day": 0.0000000000000281620992335839,
  "Day_Fluctuation": 0.030182903153626275,
  "Week": 0.0000000000000285657323255659,
  "Week_Fluctuation": 0.21089122263502449,
  "Updated": "2018-04-23T03:20:05.5623063Z"
}
