{
  "Live": 0.00000000012969,
  "Minute": 0.000000000134649978901073,
  "Minute_Fluctuation": 0.046761625156806839,
  "Minute_5": 0.000000000135794439830361,
  "Minute_5_Fluctuation": 0.046715492527052482,
  "Minute_10": 0.000000000135937497446522,
  "Minute_10_Fluctuation": 0.037556975069827678,
  "Hour": 0.000000000136936874981823,
  "Hour_Fluctuation": 0.12546117670137027,
  "Day": 0.000000000136106306043222,
  "Day_Fluctuation": 0.47257393681961218,
  "Week": 0.000000000136080413140445,
  "Week_Fluctuation": 0.49599242541702365,
  "Updated": "2018-04-28T01:21:34.8479789Z"
}
