{
  "Live": 0.00000000010581525,
  "Minute": 0.00000000012163471401937,
  "Minute_Fluctuation": 0.058570816792150163,
  "Minute_5": 0.000000000127688696349613,
  "Minute_5_Fluctuation": 0.01171416335843003,
  "Minute_10": 0.00000000012848744468965,
  "Minute_10_Fluctuation": 0.010348688888255068,
  "Hour": 0.000000000128368334472951,
  "Hour_Fluctuation": 0.059789105810742996,
  "Day": 0.000000000129076956984824,
  "Day_Fluctuation": 0.032721799555388141,
  "Week": 0.000000000129201441190318,
  "Week_Fluctuation": 0.21328011526936352,
  "Updated": "2018-04-23T03:20:07.3675746Z"
}
