{
  "Live": 0.00000000000506111004800669,
  "Minute": 0.00000000000490922611440169,
  "Minute_Fluctuation": 0.10522629362294771,
  "Minute_5": 0.00000000000491399552641802,
  "Minute_5_Fluctuation": 0.0479434953845436,
  "Minute_10": 0.00000000000497404849111036,
  "Minute_10_Fluctuation": 0.027874349483354818,
  "Hour": 0.00000000000504453617987746,
  "Hour_Fluctuation": 0.0045108104179936966,
  "Day": 0.00000000000506049880487199,
  "Day_Fluctuation": 0.00023384929389702838,
  "Week": 0.00000000000506111004800669,
  "Week_Fluctuation": 0.40025507021478479,
  "Updated": "2018-04-24T23:41:53.4918703Z"
}
