{
  "Live": 0.000000000000016810575,
  "Minute": 0.000000000000016810575,
  "Minute_Fluctuation": 0.020883054892601512,
  "Minute_5": 0.000000000000016810575,
  "Minute_5_Fluctuation": 0.020883054892601512,
  "Minute_10": 0.000000000000016810575,
  "Minute_10_Fluctuation": 0.020883054892601512,
  "Hour": 0.0000000000000246682136660664,
  "Hour_Fluctuation": 0.13536799932485793,
  "Day": 0.0000000000000281916680452742,
  "Day_Fluctuation": 0.029035128951939621,
  "Week": 0.000000000000028577771849173,
  "Week_Fluctuation": 0.21429147363961407,
  "Updated": "2018-04-23T00:14:55.6653958Z"
}
