{
  "Live": 0.00000000000798751609757988,
  "Minute": 0.00000000000772055773557129,
  "Minute_Fluctuation": 0.10514705432261501,
  "Minute_5": 0.00000000000781404950394616,
  "Minute_5_Fluctuation": 0.028421518540074471,
  "Minute_10": 0.00000000000789076386345779,
  "Minute_10_Fluctuation": 0.015060273026553215,
  "Hour": 0.00000000000796999786854711,
  "Hour_Fluctuation": 0.00317476316328908,
  "Day": 0.00000000000798687624298136,
  "Day_Fluctuation": 0.00014803614061425688,
  "Week": 0.00000000000798751609757988,
  "Week_Fluctuation": 0.40024433173388396,
  "Updated": "2018-04-24T23:41:53.7548064Z"
}
