{
  "Live": 0.000000000000152985075,
  "Minute": 0.000000000000152237952798958,
  "Minute_Fluctuation": 0.0060702836432422712,
  "Minute_5": 0.00000000000015200847907624,
  "Minute_5_Fluctuation": 0.0015276161941906413,
  "Minute_10": 0.000000000000151976595099124,
  "Minute_10_Fluctuation": 0.0010515566709520098,
  "Hour": 0.000000000000152011579608646,
  "Hour_Fluctuation": 0.0022188613610368288,
  "Day": 0.000000000000152267435183848,
  "Day_Fluctuation": 0.0076846512084914253,
  "Week": 0.000000000000151951139102124,
  "Week_Fluctuation": 0.20324380717261192,
  "Updated": "2018-04-23T04:56:47.1251512Z"
}
