{
  "Live": 0.0000000000141891034007991,
  "Minute": 0.0000000000141891034007991,
  "Minute_Fluctuation": 0.0,
  "Minute_5": 0.0000000000141891034007991,
  "Minute_5_Fluctuation": 0.0,
  "Minute_10": 0.0000000000141891034007991,
  "Minute_10_Fluctuation": 0.0,
  "Hour": 0.0000000000141891034007991,
  "Hour_Fluctuation": 0.004541612643693565,
  "Day": 0.0000000000143305101664738,
  "Day_Fluctuation": 0.029258517884897452,
  "Week": 0.0000000000141891034007991,
  "Week_Fluctuation": 0.23036058719263253,
  "Updated": "2018-04-22T11:00:30.0473107Z"
}
