{
  "Live": 0.0000000000056199,
  "Minute": 0.0000000000056199,
  "Minute_Fluctuation": 0.71499750871948176,
  "Minute_5": 0.0000000000056199,
  "Minute_5_Fluctuation": 0.71499750871948176,
  "Minute_10": 0.0000000000056199,
  "Minute_10_Fluctuation": 0.71499750871948176,
  "Hour": 0.0000000000088835891606889,
  "Hour_Fluctuation": 0.32243800624363811,
  "Day": 0.0000000000074827460383873,
  "Day_Fluctuation": 0.03218807581890816,
  "Week": 0.00000000000743429027455281,
  "Week_Fluctuation": 0.21510632742849081,
  "Updated": "2018-04-23T00:14:56.1519791Z"
}
