{
  "Live": 0.000000000012094575,
  "Minute": 0.0000000000108907918845129,
  "Minute_Fluctuation": 0.084177445921529981,
  "Minute_5": 0.0000000000104650040293341,
  "Minute_5_Fluctuation": 0.020281114776638964,
  "Minute_10": 0.0000000000104141389158993,
  "Minute_10_Fluctuation": 0.013467363302983841,
  "Hour": 0.0000000000103948062707751,
  "Hour_Fluctuation": 0.016477544732731244,
  "Day": 0.0000000000102822182566824,
  "Day_Fluctuation": 0.019328101785664242,
  "Week": 0.0000000000103586098666127,
  "Week_Fluctuation": 0.20630092113908022,
  "Updated": "2018-04-23T04:56:49.148391Z"
}
