{
  "Live": 0.00000000000037335,
  "Minute": 0.000000000000329618399391824,
  "Minute_Fluctuation": 0.070429199724098959,
  "Minute_5": 0.000000000000317470551188594,
  "Minute_5_Fluctuation": 0.015451654180073186,
  "Minute_10": 0.000000000000316588351312262,
  "Minute_10_Fluctuation": 0.011546684631796877,
  "Hour": 0.000000000000314724183147334,
  "Hour_Fluctuation": 0.00660104499785351,
  "Day": 0.000000000000314547292235126,
  "Day_Fluctuation": 0.14955051514058604,
  "Week": 0.000000000000314435095567376,
  "Week_Fluctuation": 0.43014999600481618,
  "Updated": "2018-04-27T02:43:39.4611374Z"
}
