{
  "Live": 0.00000000000025545,
  "Minute": 0.00000000000025545,
  "Minute_Fluctuation": 0.15763802040339181,
  "Minute_5": 0.00000000000025545,
  "Minute_5_Fluctuation": 0.23748742849273755,
  "Minute_10": 0.00000000000025545,
  "Minute_10_Fluctuation": 0.24621297176648735,
  "Hour": 0.000000000000325703694711394,
  "Hour_Fluctuation": 0.052225476665013836,
  "Day": 0.000000000000341175776829864,
  "Day_Fluctuation": 0.011979452952124487,
  "Week": 0.000000000000342853093398089,
  "Week_Fluctuation": 0.209910652474525,
  "Updated": "2018-04-23T00:04:06.9483626Z"
}
