{
  "Live": 0.000000000041373075,
  "Minute": 0.000000000030663540549394,
  "Minute_Fluctuation": 0.14559726038988433,
  "Minute_5": 0.0000000000276165419968047,
  "Minute_5_Fluctuation": 0.029337550873488764,
  "Minute_10": 0.0000000000272356671777311,
  "Minute_10_Fluctuation": 0.014682240381109952,
  "Hour": 0.0000000000269182714951697,
  "Hour_Fluctuation": 0.0075639790797128268,
  "Day": 0.0000000000268696141932879,
  "Day_Fluctuation": 0.2343252893658056,
  "Week": 0.0000000000268551702106605,
  "Week_Fluctuation": 0.4557195777536151,
  "Updated": "2018-04-26T17:09:46.5615026Z"
}
