{
  "Live": 0.00000000000469845,
  "Minute": 0.00000000000458327330134476,
  "Minute_Fluctuation": 0.020069251423707687,
  "Minute_5": 0.00000000000454987450430667,
  "Minute_5_Fluctuation": 0.0046106673998936691,
  "Minute_10": 0.00000000000454569965467691,
  "Minute_10_Fluctuation": 0.0023414908523563742,
  "Hour": 0.00000000000454222061331878,
  "Hour_Fluctuation": 0.00085293048215756291,
  "Day": 0.00000000000454408916543679,
  "Day_Fluctuation": 0.23487365148195302,
  "Week": 0.00000000000454152894676305,
  "Week_Fluctuation": 0.45581167391054045,
  "Updated": "2018-04-26T17:09:46.8919536Z"
}
