{
  "Live": 0.0000000000206413537015357,
  "Minute": 0.0000000000206413537015357,
  "Minute_Fluctuation": 0.098223282856986435,
  "Minute_5": 0.0000000000206413537015357,
  "Minute_5_Fluctuation": 0.098223282856986435,
  "Minute_10": 0.0000000000199797331400084,
  "Minute_10_Fluctuation": 0.10542652005481007,
  "Hour": 0.0000000000201824784715727,
  "Hour_Fluctuation": 0.059208894273566869,
  "Day": 0.0000000000204498328425569,
  "Day_Fluctuation": 0.032175368671097417,
  "Week": 0.0000000000206413537015357,
  "Week_Fluctuation": 0.23479604929146367,
  "Updated": "2018-04-22T08:33:07.4496136Z"
}
