{
  "Live": 0.00000000000889139218535392,
  "Minute": 0.00000000000885729986201818,
  "Minute_Fluctuation": 0.012725926019000345,
  "Minute_5": 0.00000000000886085009155525,
  "Minute_5_Fluctuation": 0.0050475173975626378,
  "Minute_10": 0.00000000000887355209721947,
  "Minute_10_Fluctuation": 0.002835470581590986,
  "Hour": 0.00000000000888803244597606,
  "Hour_Fluctuation": 0.00073497966151322568,
  "Day": 0.0000000000088912685324873,
  "Day_Fluctuation": 0.00012700063130278741,
  "Week": 0.00000000000889139218535392,
  "Week_Fluctuation": 0.38296083132962355,
  "Updated": "2018-04-24T23:41:53.3414409Z"
}
