{
  "Live": 0.000000000123251213811262,
  "Minute": 0.000000000123251213811262,
  "Minute_Fluctuation": 0.0,
  "Minute_5": 0.000000000123251213811262,
  "Minute_5_Fluctuation": 0.0,
  "Minute_10": 0.000000000123251213811262,
  "Minute_10_Fluctuation": 0.0,
  "Hour": 0.000000000123251213811262,
  "Hour_Fluctuation": 0.14239942040721634,
  "Day": 0.000000000128477362222868,
  "Day_Fluctuation": 0.059895315087423864,
  "Week": 0.000000000123251213811262,
  "Week_Fluctuation": 0.23647669991241319,
  "Updated": "2018-04-22T11:00:30.1828172Z"
}
