{
  "Live": 0.00000000009842685,
  "Minute": 0.000000000116216951850379,
  "Minute_Fluctuation": 0.0978892179978273,
  "Minute_5": 0.000000000121960559708372,
  "Minute_5_Fluctuation": 0.022336976913920028,
  "Minute_10": 0.000000000122652998366241,
  "Minute_10_Fluctuation": 0.01400237680458666,
  "Hour": 0.000000000123089911499438,
  "Hour_Fluctuation": 0.01232861731296022,
  "Day": 0.000000000126249292481394,
  "Day_Fluctuation": 0.050773020080177048,
  "Week": 0.000000000123395749419911,
  "Week_Fluctuation": 0.21340256372203922,
  "Updated": "2018-04-23T04:56:47.8247497Z"
}
