{
  "Live": 0.00000000000000748665,
  "Minute": 0.0000000000000076638650279841,
  "Minute_Fluctuation": 0.029821332542009589,
  "Minute_5": 0.0000000000000077018078502214,
  "Minute_5_Fluctuation": 0.029968974171316564,
  "Minute_10": 0.000000000000007706550703001,
  "Minute_10_Fluctuation": 0.024251779947998642,
  "Hour": 0.0000000000000076260924923692,
  "Hour_Fluctuation": 0.12499635183071912,
  "Day": 0.0000000000000077035904966572,
  "Day_Fluctuation": 0.47277597106372116,
  "Week": 0.0000000000000077112888505696,
  "Week_Fluctuation": 0.4960233743317366,
  "Updated": "2018-04-28T01:21:33.9625992Z"
}
