{
  "Live": 0.000000000149644575,
  "Minute": 0.000000000149644575,
  "Minute_Fluctuation": 0.07480064921318208,
  "Minute_5": 0.000000000149644575,
  "Minute_5_Fluctuation": 0.07480064921318208,
  "Minute_10": 0.000000000149644575,
  "Minute_10_Fluctuation": 0.07480064921318208,
  "Hour": 0.000000000130640242978977,
  "Hour_Fluctuation": 0.059061024723110131,
  "Day": 0.00000000012622091866729,
  "Day_Fluctuation": 0.050898892181773257,
  "Week": 0.000000000123304839655482,
  "Week_Fluctuation": 0.21855667697015263,
  "Updated": "2018-04-23T00:14:58.4631973Z"
}
