{
  "Live": 0.00000000000033405,
  "Minute": 0.000000000000334639875733827,
  "Minute_Fluctuation": 0.42324799352080678,
  "Minute_5": 0.000000000000334780843713565,
  "Minute_5_Fluctuation": 0.52384862052604442,
  "Minute_10": 0.000000000000334798464711033,
  "Minute_10_Fluctuation": 0.159230091250681,
  "Hour": 0.000000000000388070041437816,
  "Hour_Fluctuation": 0.37257004659977488,
  "Day": 0.000000000000339259709804273,
  "Day_Fluctuation": 0.49051001763927671,
  "Week": 0.000000000000334816068227352,
  "Week_Fluctuation": 0.49860453317457837,
  "Updated": "2018-04-28T01:21:35.2719542Z"
}
