{
  "Live": 0.0000000775150174817691,
  "Minute": 0.0000000765128912149153,
  "Minute_Fluctuation": 0.043369050507743631,
  "Minute_5": 0.0000000764504837567681,
  "Minute_5_Fluctuation": 0.01852878033293506,
  "Minute_10": 0.0000000768767580973604,
  "Minute_10_Fluctuation": 0.010216101274845214,
  "Hour": 0.0000000773922296045283,
  "Hour_Fluctuation": 0.003554386500727068,
  "Day": 0.0000000775104801469627,
  "Day_Fluctuation": 0.00016756035553162891,
  "Week": 0.0000000775150174817691,
  "Week_Fluctuation": 0.40023539759228105,
  "Updated": "2018-04-24T23:41:53.640746Z"
}
