{
  "Live": 0.0000000000698841,
  "Minute": 0.0000000000692384673991749,
  "Minute_Fluctuation": 0.00838583423643188,
  "Minute_5": 0.0000000000690504325055054,
  "Minute_5_Fluctuation": 0.0019737319644353071,
  "Minute_10": 0.0000000000690269281437968,
  "Minute_10_Fluctuation": 0.0010052101921338261,
  "Hour": 0.0000000000690073411757062,
  "Hour_Fluctuation": 0.00066424074418114,
  "Day": 0.0000000000690062550032581,
  "Day_Fluctuation": 0.23321269477307888,
  "Week": 0.0000000000690034470999073,
  "Week_Fluctuation": 0.45554486862036064,
  "Updated": "2018-04-26T17:09:46.970607Z"
}
