{
  "Live": 0.0000000000109647,
  "Minute": 0.00000000000846638231791771,
  "Minute_Fluctuation": 0.16392407039136414,
  "Minute_5": 0.00000000000769207400156671,
  "Minute_5_Fluctuation": 0.034601367038051958,
  "Minute_10": 0.00000000000759528546202284,
  "Minute_10_Fluctuation": 0.017407414928163244,
  "Hour": 0.00000000000751462834573627,
  "Hour_Fluctuation": 0.010121275925640777,
  "Day": 0.00000000000750827163839063,
  "Day_Fluctuation": 0.2350745299599179,
  "Week": 0.00000000000749859294285549,
  "Week_Fluctuation": 0.45581820493103187,
  "Updated": "2018-04-26T17:09:48.1109706Z"
}
