{
  "Live": 0.00000000012896295,
  "Minute": 0.000000000158148560828628,
  "Minute_Fluctuation": 0.1907356406930942,
  "Minute_5": 0.000000000165655782923212,
  "Minute_5_Fluctuation": 0.050689130090070582,
  "Minute_10": 0.000000000167960271673142,
  "Minute_10_Fluctuation": 0.030416116379864553,
  "Hour": 0.000000000167550968229861,
  "Hour_Fluctuation": 0.015326689958448068,
  "Day": 0.00000000016742568312872,
  "Day_Fluctuation": 0.1504792103855544,
  "Week": 0.000000000167531657491737,
  "Week_Fluctuation": 0.43029856751010642,
  "Updated": "2018-04-27T02:43:38.41922Z"
}
