{
  "Live": 0.000000266712208672736,
  "Minute": 0.000000266712208672736,
  "Minute_Fluctuation": 0.0,
  "Minute_5": 0.000000266712208672736,
  "Minute_5_Fluctuation": 0.0,
  "Minute_10": 0.000000266712208672736,
  "Minute_10_Fluctuation": 0.0,
  "Hour": 0.000000266712208672736,
  "Hour_Fluctuation": 0.064073025663621469,
  "Day": 0.000000271487077224989,
  "Day_Fluctuation": 0.025468951243438197,
  "Week": 0.000000266712208672736,
  "Week_Fluctuation": 0.22812970989920026,
  "Updated": "2018-04-22T11:00:30.0171693Z"
}
