{
  "Live": 0.000000000123251213811262,
  "Minute": 0.000000000123251213811262,
  "Minute_Fluctuation": 0.40046583802248586,
  "Minute_5": 0.000000000123251213811262,
  "Minute_5_Fluctuation": 0.40046583802248586,
  "Minute_10": 0.000000000152499150435718,
  "Minute_10_Fluctuation": 0.49164059510299885,
  "Hour": 0.000000000151048893492566,
  "Hour_Fluctuation": 0.32729695952918747,
  "Day": 0.000000000129067563477032,
  "Day_Fluctuation": 0.061612332764026764,
  "Week": 0.000000000123251213811262,
  "Week_Fluctuation": 0.23998123314779526,
  "Updated": "2018-04-22T08:33:07.2576115Z"
}
