{
  "Live": 0.000000327712875,
  "Minute": 0.000000283552064517356,
  "Minute_Fluctuation": 0.07942921834350529,
  "Minute_5": 0.000000270238919255589,
  "Minute_5_Fluctuation": 0.017584966664249677,
  "Minute_10": 0.000000268608409969428,
  "Minute_10_Fluctuation": 0.011458299840693381,
  "Hour": 0.00000026819002457246,
  "Hour_Fluctuation": 0.012575477093969186,
  "Day": 0.000000269874083662652,
  "Day_Fluctuation": 0.022818950001231103,
  "Week": 0.000000266912283875819,
  "Week_Fluctuation": 0.20531629102332163,
  "Updated": "2018-04-23T04:56:46.8677466Z"
}
