{
  "Live": 0.000000000115807275,
  "Minute": 0.000000000141991912917051,
  "Minute_Fluctuation": 1.544176393523647,
  "Minute_5": 0.000000000147799143241585,
  "Minute_5_Fluctuation": 1.8369481477477403,
  "Minute_10": 0.000000000148525047032151,
  "Minute_10_Fluctuation": 1.0732602104500912,
  "Hour": 0.00000000013503426534561,
  "Hour_Fluctuation": 0.338929021899686,
  "Day": 0.000000000148814218417134,
  "Day_Fluctuation": 0.48733042792587605,
  "Week": 0.000000000149250230680069,
  "Week_Fluctuation": 0.4981443693568588,
  "Updated": "2018-04-28T01:21:34.3771805Z"
}
