{
  "Live": 0.000000000000000913725,
  "Minute": 0.000000000000000913725,
  "Minute_Fluctuation": 1.2682926829268291,
  "Minute_5": 0.000000000000000913725,
  "Minute_5_Fluctuation": 1.2682926829268291,
  "Minute_10": 0.000000000000000913725,
  "Minute_10_Fluctuation": 1.2682926829268291,
  "Hour": 0.000000000000000559067234227,
  "Hour_Fluctuation": 0.19889838217748973,
  "Day": 0.0000000000000005041829914323,
  "Day_Fluctuation": 0.05778763974044164,
  "Week": 0.0000000000000004947250131825,
  "Week_Fluctuation": 0.22143649464306128,
  "Updated": "2018-04-23T00:14:55.919879Z"
}
