{
  "Live": 0.0000000000000286049843129606,
  "Minute": 0.0000000000000286049843129606,
  "Minute_Fluctuation": 0.55942623729735286,
  "Minute_5": 0.0000000000000286049843129606,
  "Minute_5_Fluctuation": 0.55942623729735286,
  "Minute_10": 0.0000000000000250003732499663,
  "Minute_10_Fluctuation": 0.48523219971327669,
  "Hour": 0.0000000000000250776901685476,
  "Hour_Fluctuation": 0.19475145916026271,
  "Day": 0.000000000000028103357682696,
  "Day_Fluctuation": 0.031809227065428589,
  "Week": 0.0000000000000286049843129606,
  "Week_Fluctuation": 0.23472386758817243,
  "Updated": "2018-04-22T08:33:07.0531859Z"
}
