{
  "Live": 0.0000000000160344,
  "Minute": 0.00000000000525218262906899,
  "Minute_Fluctuation": 8.2396727525814129,
  "Minute_5": 0.00000000000150518705819399,
  "Minute_5_Fluctuation": 1.6479345505162826,
  "Minute_10": 0.00000000000103681261183462,
  "Minute_10_Fluctuation": 0.82396727525814129,
  "Hour": 0.000000000000646500573201807,
  "Hour_Fluctuation": 0.1373278792096902,
  "Day": 0.000000000000893531108710386,
  "Day_Fluctuation": 0.88337479380664463,
  "Week": 0.000000000000568902822664094,
  "Week_Fluctuation": 0.66092025969536483,
  "Updated": "2018-04-23T04:56:48.8880057Z"
}
