{
  "Live": 0.0000000000199644,
  "Minute": 0.0000000000199644,
  "Minute_Fluctuation": 0.031995937023869978,
  "Minute_5": 0.0000000000199644,
  "Minute_5_Fluctuation": 0.031995937023869978,
  "Minute_10": 0.0000000000199644,
  "Minute_10_Fluctuation": 0.031995937023869978,
  "Hour": 0.0000000000193735119559111,
  "Hour_Fluctuation": 0.029138763427217926,
  "Day": 0.0000000000192315505423497,
  "Day_Fluctuation": 0.038294920549263242,
  "Week": 0.0000000000189260333774364,
  "Week_Fluctuation": 0.21676109630125312,
  "Updated": "2018-04-23T00:14:56.5941286Z"
}
