{
  "Live": 0.000000000025987125,
  "Minute": 0.000000000025987125,
  "Minute_Fluctuation": 0.41117542297417636,
  "Minute_5": 0.000000000025987125,
  "Minute_5_Fluctuation": 0.41117542297417636,
  "Minute_10": 0.000000000025987125,
  "Minute_10_Fluctuation": 0.41117542297417636,
  "Hour": 0.0000000000353201408750123,
  "Hour_Fluctuation": 0.09258667677643978,
  "Day": 0.0000000000360163709511352,
  "Day_Fluctuation": 0.025004358442974391,
  "Week": 0.0000000000358694556424681,
  "Week_Fluctuation": 0.21432106564192183,
  "Updated": "2018-04-23T00:15:00.658521Z"
}
