{
  "Live": 0.0000000000095892,
  "Minute": 0.0000000000095892,
  "Minute_Fluctuation": 0.16134811854802483,
  "Minute_5": 0.0000000000095892,
  "Minute_5_Fluctuation": 0.26848652768490266,
  "Minute_10": 0.0000000000095892,
  "Minute_10_Fluctuation": 0.2829227146852929,
  "Hour": 0.00000000000781050068549768,
  "Hour_Fluctuation": 0.058308868296257942,
  "Day": 0.0000000000075868395806272,
  "Day_Fluctuation": 0.057344959580398758,
  "Week": 0.00000000000738763845865905,
  "Week_Fluctuation": 0.21953819953920858,
  "Updated": "2018-04-23T00:04:06.7552457Z"
}
