{
  "Live": 0.0000000003390804,
  "Minute": 0.000000000287353699507674,
  "Minute_Fluctuation": 0.073717727602499533,
  "Minute_5": 0.000000000275136059332625,
  "Minute_5_Fluctuation": 0.032967470226982175,
  "Minute_10": 0.000000000273608854310744,
  "Minute_10_Fluctuation": 0.031684720178166557,
  "Hour": 0.000000000259983853432703,
  "Hour_Fluctuation": 0.18485032299771686,
  "Day": 0.000000000270892849294208,
  "Day_Fluctuation": 0.47682975779967163,
  "Week": 0.00000000027208316437321,
  "Week_Fluctuation": 0.49661753621978055,
  "Updated": "2018-04-28T01:21:35.1298469Z"
}
