{
  "Live": 0.000000000001758675,
  "Minute": 0.00000000000224377722523588,
  "Minute_Fluctuation": 0.11639530888562621,
  "Minute_5": 0.00000000000236098292944843,
  "Minute_5_Fluctuation": 0.080674443244099517,
  "Minute_10": 0.000000000002375633642475,
  "Minute_10_Fluctuation": 0.16844688147651574,
  "Hour": 0.00000000000270725523008732,
  "Hour_Fluctuation": 0.42114537422408788,
  "Day": 0.00000000000240683439293499,
  "Day_Fluctuation": 0.48986155387198432,
  "Week": 0.00000000000239026982106404,
  "Week_Fluctuation": 0.49848850091229,
  "Updated": "2018-04-28T01:21:35.4069009Z"
}
