{
  "Live": 0.00000000105352353,
  "Minute": 0.00000000127660108751314,
  "Minute_Fluctuation": 0.2931544805547549,
  "Minute_5": 0.00000000132862838282052,
  "Minute_5_Fluctuation": 0.31144115624309282,
  "Minute_10": 0.00000000133513179473394,
  "Minute_10_Fluctuation": 0.25452194287954771,
  "Hour": 0.00000000128357970460066,
  "Hour_Fluctuation": 0.1778591304168877,
  "Day": 0.00000000133829969144549,
  "Day_Fluctuation": 0.47521357991433133,
  "Week": 0.00000000134162875484983,
  "Week_Fluctuation": 0.49637228699675784,
  "Updated": "2018-04-28T01:21:34.9785231Z"
}
