{
  "Live": 0.00000000000493178192040621,
  "Minute": 0.0000000000048913017406412,
  "Minute_Fluctuation": 0.034604268593217954,
  "Minute_5": 0.00000000000484186172584965,
  "Minute_5_Fluctuation": 0.028591805181973864,
  "Minute_10": 0.00000000000487465795332172,
  "Minute_10_Fluctuation": 0.016717681409638592,
  "Hour": 0.00000000000492030630691266,
  "Hour_Fluctuation": 0.0062541227311782629,
  "Day": 0.00000000000493135453581969,
  "Day_Fluctuation": 0.0004208768046122163,
  "Week": 0.00000000000493178192040621,
  "Week_Fluctuation": 0.40028285103612427,
  "Updated": "2018-04-24T23:41:53.7064916Z"
}
