{
  "Live": 0.00000000014358255,
  "Minute": 0.000000000186585228124642,
  "Minute_Fluctuation": 0.12545119227522911,
  "Minute_5": 0.000000000197901213580348,
  "Minute_5_Fluctuation": 0.027211568866242163,
  "Minute_10": 0.000000000198754887298498,
  "Minute_10_Fluctuation": 0.015012418420232501,
  "Hour": 0.000000000200725125781135,
  "Hour_Fluctuation": 0.016747217555090732,
  "Day": 0.00000000020088677511153,
  "Day_Fluctuation": 0.15103882501454022,
  "Week": 0.000000000200728806672268,
  "Week_Fluctuation": 0.43041087249976906,
  "Updated": "2018-04-27T02:43:38.7194244Z"
}
