{
  "Live": 0.0000000000141891034007991,
  "Minute": 0.0000000000141891034007991,
  "Minute_Fluctuation": 0.041683110654158508,
  "Minute_5": 0.0000000000141891034007991,
  "Minute_5_Fluctuation": 0.041683110654158508,
  "Minute_10": 0.0000000000144066704737848,
  "Minute_10_Fluctuation": 0.045928079428390833,
  "Hour": 0.0000000000142728763796837,
  "Hour_Fluctuation": 0.043814453109489913,
  "Day": 0.0000000000143464795589957,
  "Day_Fluctuation": 0.031334506207947525,
  "Week": 0.0000000000141891034007991,
  "Week_Fluctuation": 0.23377447958382391,
  "Updated": "2018-04-22T08:33:07.125671Z"
}
