{
  "Live": 0.000000000151407117216904,
  "Minute": 0.000000000151611456418761,
  "Minute_Fluctuation": 0.018243685470144027,
  "Minute_5": 0.000000000150043340501431,
  "Minute_5_Fluctuation": 0.028684892980754977,
  "Minute_10": 0.000000000150480487615674,
  "Minute_10_Fluctuation": 0.017321380648867533,
  "Hour": 0.000000000151212372345339,
  "Hour_Fluctuation": 0.0031617664696110513,
  "Day": 0.000000000151399808053378,
  "Day_Fluctuation": 0.00021281886368839766,
  "Week": 0.000000000151407117216904,
  "Week_Fluctuation": 0.40026162744307753,
  "Updated": "2018-04-24T23:41:53.4748317Z"
}
