{
  "Live": 0.000000000180947025,
  "Minute": 0.000000000180947025,
  "Minute_Fluctuation": 0.046509433824917228,
  "Minute_5": 0.000000000180947025,
  "Minute_5_Fluctuation": 0.3116901633769476,
  "Minute_10": 0.000000000180947025,
  "Minute_10_Fluctuation": 0.35400624531109043,
  "Hour": 0.000000000140110339644224,
  "Hour_Fluctuation": 0.089097900093652552,
  "Day": 0.000000000129571888984443,
  "Day_Fluctuation": 0.022613870409146294,
  "Week": 0.000000000129269812113801,
  "Week_Fluctuation": 0.21543716424158429,
  "Updated": "2018-04-23T00:04:05.5767436Z"
}
