{
  "Live": 0.000000000000568438165475245,
  "Minute": 0.000000000000568438165475245,
  "Minute_Fluctuation": 0.0,
  "Minute_5": 0.000000000000568438165475245,
  "Minute_5_Fluctuation": 0.0,
  "Minute_10": 0.000000000000568438165475245,
  "Minute_10_Fluctuation": 0.0,
  "Hour": 0.000000000000568438165475245,
  "Hour_Fluctuation": 0.67537480024047947,
  "Day": 0.00000000000135696314838691,
  "Day_Fluctuation": 1.4303939728338113,
  "Week": 0.000000000000568438165475245,
  "Week_Fluctuation": 0.73609449632827506,
  "Updated": "2018-04-22T11:00:30.3609548Z"
}
