{
  "Live": 0.0000000000170568288988788,
  "Minute": 0.0000000000180244997408208,
  "Minute_Fluctuation": 0.1600169528878429,
  "Minute_5": 0.0000000000177891623123511,
  "Minute_5_Fluctuation": 0.057312592995982008,
  "Minute_10": 0.0000000000174740809788566,
  "Minute_10_Fluctuation": 0.031586683097129045,
  "Hour": 0.0000000000171337802264751,
  "Hour_Fluctuation": 0.00669441810154939,
  "Day": 0.0000000000170596496692415,
  "Day_Fluctuation": 0.00025579413248890927,
  "Week": 0.0000000000170568288988788,
  "Week_Fluctuation": 0.40025354718993639,
  "Updated": "2018-04-24T23:41:53.4422716Z"
}
