{
  "Live": 0.000000000390249,
  "Minute": 0.000000000243347272547464,
  "Minute_Fluctuation": 0.42806983139284349,
  "Minute_5": 0.000000000198909739315206,
  "Minute_5_Fluctuation": 0.089218713138584926,
  "Minute_10": 0.000000000193355047661173,
  "Minute_10_Fluctuation": 0.044795901120069592,
  "Hour": 0.00000000018872613794948,
  "Hour_Fluctuation": 0.022807272392683511,
  "Day": 0.000000000187485136478153,
  "Day_Fluctuation": 0.23624389267467358,
  "Week": 0.000000000187805866613941,
  "Week_Fluctuation": 0.45599333902595141,
  "Updated": "2018-04-26T17:09:47.6646314Z"
}
