{
  "Live": 0.00000000012884505,
  "Minute": 0.000000000125136472919168,
  "Minute_Fluctuation": 0.014054015026033161,
  "Minute_5": 0.000000000123749036080774,
  "Minute_5_Fluctuation": 0.0028108030052066322,
  "Minute_10": 0.00000000012355263847978,
  "Minute_10_Fluctuation": 0.0030832490782652152,
  "Hour": 0.000000000124625299763524,
  "Hour_Fluctuation": 0.044496691978683327,
  "Day": 0.000000000126495947958186,
  "Day_Fluctuation": 0.052290843951993057,
  "Week": 0.000000000123402348924354,
  "Week_Fluctuation": 0.21540691485126423,
  "Updated": "2018-04-23T03:20:06.9695863Z"
}
