{
  "Live": 0.0000003391983,
  "Minute": 0.000000324992483018899,
  "Minute_Fluctuation": 0.029130370150639566,
  "Minute_5": 0.000000320970624839862,
  "Minute_5_Fluctuation": 0.0065351728602149762,
  "Minute_10": 0.000000320467892567482,
  "Minute_10_Fluctuation": 0.003310394022102944,
  "Hour": 0.000000320048949007165,
  "Hour_Fluctuation": 0.0030703649055580586,
  "Day": 0.000000319887417609958,
  "Day_Fluctuation": 0.2334898747801957,
  "Week": 0.000000319965659037436,
  "Week_Fluctuation": 0.4555852711907748,
  "Updated": "2018-04-26T17:09:46.4807062Z"
}
