{
  "Live": 0.000000000000332370709539421,
  "Minute": 0.000000000000332370709539421,
  "Minute_Fluctuation": 0.40954499380585663,
  "Minute_5": 0.000000000000332370709539421,
  "Minute_5_Fluctuation": 0.40954499380585663,
  "Minute_10": 0.000000000000297912209078892,
  "Minute_10_Fluctuation": 0.34900172923528316,
  "Hour": 0.000000000000290153968548367,
  "Hour_Fluctuation": 0.13825856603639233,
  "Day": 0.000000000000330422516947655,
  "Day_Fluctuation": 0.050177250958418171,
  "Week": 0.000000000000332370709539421,
  "Week_Fluctuation": 0.23822800689414192,
  "Updated": "2018-04-22T08:33:07.3462341Z"
}
