{
  "Live": 0.000000000009481125,
  "Minute": 0.00000000000841305871250193,
  "Minute_Fluctuation": 0.15708029993377079,
  "Minute_5": 0.00000000000818716062261618,
  "Minute_5_Fluctuation": 0.15517438635542852,
  "Minute_10": 0.00000000000815892336138046,
  "Minute_10_Fluctuation": 0.13599326583866503,
  "Hour": 0.00000000000858174911491383,
  "Hour_Fluctuation": 0.17817773735928108,
  "Day": 0.00000000000816240304839994,
  "Day_Fluctuation": 0.47617577265266003,
  "Week": 0.00000000000813071411330073,
  "Week_Fluctuation": 0.4965175664034806,
  "Updated": "2018-04-28T01:21:33.8212088Z"
}
