{
  "Live": 0.00000000000825280044890702,
  "Minute": 0.00000000000825280044890702,
  "Minute_Fluctuation": 0.0,
  "Minute_5": 0.00000000000825280044890702,
  "Minute_5_Fluctuation": 0.0,
  "Minute_10": 0.00000000000825280044890702,
  "Minute_10_Fluctuation": 0.0,
  "Hour": 0.00000000000825280044890702,
  "Hour_Fluctuation": 0.03853494785474261,
  "Day": 0.00000000000840559444424011,
  "Day_Fluctuation": 0.025244872901494308,
  "Week": 0.00000000000825280044890702,
  "Week_Fluctuation": 0.22796912549266302,
  "Updated": "2018-04-22T11:00:29.9575398Z"
}
