{
  "Live": 0.000000000019345425,
  "Minute": 0.000000000019345425,
  "Minute_Fluctuation": 0.0902541415127881,
  "Minute_5": 0.000000000019345425,
  "Minute_5_Fluctuation": 0.002417956829920635,
  "Minute_10": 0.000000000019345425,
  "Minute_10_Fluctuation": 0.0093011069847316954,
  "Hour": 0.0000000000192423695983472,
  "Hour_Fluctuation": 0.027277968437727246,
  "Day": 0.0000000000192259621069466,
  "Day_Fluctuation": 0.038294055415608479,
  "Week": 0.0000000000189249095523469,
  "Week_Fluctuation": 0.21693624937201636,
  "Updated": "2018-04-23T00:04:02.7262497Z"
}
