{
  "Live": 0.00000000000186671266230279,
  "Minute": 0.00000000000170424865593771,
  "Minute_Fluctuation": 0.32409741940927145,
  "Minute_5": 0.00000000000173779405618914,
  "Minute_5_Fluctuation": 0.10470454300934824,
  "Minute_10": 0.00000000000179228748618501,
  "Minute_10_Fluctuation": 0.057838899943044558,
  "Hour": 0.00000000000185282792404324,
  "Hour_Fluctuation": 0.009281291620828129,
  "Day": 0.00000000000186620254697455,
  "Day_Fluctuation": 0.00046003838297035889,
  "Week": 0.00000000000186671266230279,
  "Week_Fluctuation": 0.40031532025629413,
  "Updated": "2018-04-24T23:41:53.7220465Z"
}
