{
  "Live": 0.0000000000688957762154527,
  "Minute": 0.0000000000688957762154527,
  "Minute_Fluctuation": 0.0,
  "Minute_5": 0.0000000000688957762154527,
  "Minute_5_Fluctuation": 0.0,
  "Minute_10": 0.0000000000688957762154527,
  "Minute_10_Fluctuation": 0.0,
  "Hour": 0.0000000000688957762154527,
  "Hour_Fluctuation": 0.029171040932258068,
  "Day": 0.0000000000695257594240376,
  "Day_Fluctuation": 0.013291940055795117,
  "Week": 0.0000000000688957762154527,
  "Week_Fluctuation": 0.22546712788330953,
  "Updated": "2018-04-22T11:00:30.1065379Z"
}
