{
  "Live": 0.000000000001208475,
  "Minute": 0.00000000000169761901196955,
  "Minute_Fluctuation": 0.12401181864204811,
  "Minute_5": 0.00000000000188988171643601,
  "Minute_5_Fluctuation": 0.024802363728409618,
  "Minute_10": 0.00000000000191400635113441,
  "Minute_10_Fluctuation": 0.013929412206220744,
  "Hour": 0.00000000000196489959048597,
  "Hour_Fluctuation": 0.084330144598435963,
  "Day": 0.00000000000193158424624429,
  "Day_Fluctuation": 0.092564543489989923,
  "Week": 0.00000000000193792355045137,
  "Week_Fluctuation": 0.22788523286792173,
  "Updated": "2018-04-23T03:20:07.8233714Z"
}
