{
  "Live": 0.000000000062693325,
  "Minute": 0.0000000000462977068863686,
  "Minute_Fluctuation": 0.32037249996886458,
  "Minute_5": 0.0000000000422200531323475,
  "Minute_5_Fluctuation": 0.27031176261938927,
  "Minute_10": 0.0000000000417103464130948,
  "Minute_10_Fluctuation": 0.16669110027017625,
  "Hour": 0.0000000000410297819954802,
  "Hour_Fluctuation": 0.19947761456269686,
  "Day": 0.0000000000411728399373722,
  "Day_Fluctuation": 0.4773746475126211,
  "Week": 0.00000000004120114535527,
  "Week_Fluctuation": 0.49668909461736832,
  "Updated": "2018-04-28T01:21:35.7655738Z"
}
