{
  "Live": 0.000000000000284925,
  "Minute": 0.000000000000284925,
  "Minute_Fluctuation": 0.11538461538461532,
  "Minute_5": 0.000000000000284925,
  "Minute_5_Fluctuation": 0.11538461538461532,
  "Minute_10": 0.000000000000284925,
  "Minute_10_Fluctuation": 0.11538461538461532,
  "Hour": 0.000000000000318303570673326,
  "Hour_Fluctuation": 0.065468518936007039,
  "Day": 0.000000000000340750449821152,
  "Day_Fluctuation": 0.013135523802306143,
  "Week": 0.000000000000342790520591927,
  "Week_Fluctuation": 0.2098664172209227,
  "Updated": "2018-04-23T00:15:00.2416258Z"
}
