{
  "Live": 0.000000414624825,
  "Minute": 0.000000342268992239037,
  "Minute_Fluctuation": 0.10406387508597111,
  "Minute_5": 0.000000324448069120019,
  "Minute_5_Fluctuation": 0.022827294423331007,
  "Minute_10": 0.000000323166322460547,
  "Minute_10_Fluctuation": 0.016907277277543348,
  "Hour": 0.000000322089393805118,
  "Hour_Fluctuation": 0.010636394361357793,
  "Day": 0.000000320114219140999,
  "Day_Fluctuation": 0.14905835628641667,
  "Week": 0.000000319995048276168,
  "Week_Fluctuation": 0.43006837966122063,
  "Updated": "2018-04-27T02:43:37.8306657Z"
}
