{
  "Live": 0.000000314249234183784,
  "Minute": 0.000000313040935950394,
  "Minute_Fluctuation": 0.012717675017735561,
  "Minute_5": 0.000000313140222714262,
  "Minute_5_Fluctuation": 0.0064976263744203405,
  "Minute_10": 0.000000313598477043831,
  "Minute_10_Fluctuation": 0.003899441940784,
  "Hour": 0.000000314126210722498,
  "Hour_Fluctuation": 0.0018086317679296849,
  "Day": 0.000000314244703078279,
  "Day_Fluctuation": 7.1631851210430991E-05,
  "Week": 0.000000314249234183784,
  "Week_Fluctuation": 0.38295827205907151,
  "Updated": "2018-04-24T23:41:53.4099756Z"
}
