{
  "Live": 0.000000000139230075,
  "Minute": 0.000000000139230075,
  "Minute_Fluctuation": 0.18454419622803847,
  "Minute_5": 0.000000000139230075,
  "Minute_5_Fluctuation": 0.14014825673193904,
  "Minute_10": 0.000000000139230075,
  "Minute_10_Fluctuation": 0.13460968727739123,
  "Hour": 0.000000000126423868233298,
  "Hour_Fluctuation": 0.0314140314026921,
  "Day": 0.000000000126042349910373,
  "Day_Fluctuation": 0.049859380079800945,
  "Week": 0.000000000123276340266847,
  "Week_Fluctuation": 0.2185617205003178,
  "Updated": "2018-04-23T00:04:04.781583Z"
}
