{
  "Live": 0.000000000001424625,
  "Minute": 0.00000000000140992198311176,
  "Minute_Fluctuation": 0.031372581260958633,
  "Minute_5": 0.0000000000014064289634972,
  "Minute_5_Fluctuation": 0.035602662341248863,
  "Minute_10": 0.00000000000140599233604538,
  "Minute_10_Fluctuation": 0.013706553427794241,
  "Hour": 0.00000000000144418796365189,
  "Hour_Fluctuation": 0.16098280812640894,
  "Day": 0.00000000000140892137781433,
  "Day_Fluctuation": 0.47475757717500938,
  "Week": 0.00000000000140555614175571,
  "Week_Fluctuation": 0.49630959745695963,
  "Updated": "2018-04-28T01:21:35.2009988Z"
}
