{
  "Live": 0.00000000000025545,
  "Minute": 0.000000000000314231960644007,
  "Minute_Fluctuation": 0.10440606146457895,
  "Minute_5": 0.000000000000330126554573212,
  "Minute_5_Fluctuation": 0.022783072982782846,
  "Minute_10": 0.000000000000332202660104259,
  "Minute_10_Fluctuation": 0.019202818283421248,
  "Hour": 0.000000000000335966556860312,
  "Hour_Fluctuation": 0.020315114591045465,
  "Day": 0.000000000000334322690117016,
  "Day_Fluctuation": 0.15092186593837212,
  "Week": 0.000000000000334098231999719,
  "Week_Fluctuation": 0.4304175788827897,
  "Updated": "2018-04-27T02:43:39.0950503Z"
}
