{
  "Live": 0.000000000133806675,
  "Minute": 0.0000000000420519574262528,
  "Minute_Fluctuation": 53.112749925345128,
  "Minute_5": 0.00000000000903208537416611,
  "Minute_5_Fluctuation": 10.622549985069027,
  "Minute_10": 0.00000000000522512009157496,
  "Minute_10_Fluctuation": 4.8650629203246432,
  "Hour": 0.00000000000899063732155154,
  "Hour_Fluctuation": 1.4964107425784117,
  "Day": 0.00000000000424681164657186,
  "Day_Fluctuation": 4.6139099887149388,
  "Week": 0.000000000000781212087341368,
  "Week_Fluctuation": 2.2992907228417936,
  "Updated": "2018-04-23T03:20:06.2852163Z"
}
