{
  "Live": 0.000000000000186675,
  "Minute": 0.000000000000172313203195287,
  "Minute_Fluctuation": 0.051330687909502737,
  "Minute_5": 0.000000000000168085661305626,
  "Minute_5_Fluctuation": 0.011535726135263127,
  "Minute_10": 0.000000000000167557218569419,
  "Minute_10_Fluctuation": 0.0058479515407153836,
  "Hour": 0.000000000000167116849622579,
  "Hour_Fluctuation": 0.0015410584344974971,
  "Day": 0.00000000000016704971420968,
  "Day_Fluctuation": 0.2337356325965898,
  "Week": 0.000000000000167029300081957,
  "Week_Fluctuation": 0.45563005510657861,
  "Updated": "2018-04-26T17:09:47.1959199Z"
}
