{
  "Live": 0.00000000010667985,
  "Minute": 0.000000000156559787168984,
  "Minute_Fluctuation": 0.17193745059696275,
  "Minute_5": 0.00000000017138323553293,
  "Minute_5_Fluctuation": 0.037150440083279279,
  "Minute_10": 0.000000000173236166578423,
  "Minute_10_Fluctuation": 0.018731132464883938,
  "Hour": 0.000000000174780275783,
  "Hour_Fluctuation": 0.010327819857788729,
  "Day": 0.000000000174932205871078,
  "Day_Fluctuation": 0.23455133353079641,
  "Week": 0.000000000175087259398672,
  "Week_Fluctuation": 0.45574445792791757,
  "Updated": "2018-04-26T17:09:47.3548558Z"
}
