{
  "Live": 0.000000000011564025,
  "Minute": 0.0000000000154949323515308,
  "Minute_Fluctuation": 0.0949981566552773,
  "Minute_5": 0.0000000000166191114144855,
  "Minute_5_Fluctuation": 0.019637472616048587,
  "Minute_10": 0.0000000000167596337973549,
  "Minute_10_Fluctuation": 0.0098573245126961223,
  "Hour": 0.0000000000168767357830793,
  "Hour_Fluctuation": 0.0027239425451419811,
  "Day": 0.0000000000169010569784092,
  "Day_Fluctuation": 0.23448763814570026,
  "Week": 0.0000000000169000167730983,
  "Week_Fluctuation": 0.45575364014832409,
  "Updated": "2018-04-26T17:09:46.6456651Z"
}
