{
  "Live": 0.0000003007236,
  "Minute": 0.0000003007236,
  "Minute_Fluctuation": 0.041883177862643263,
  "Minute_5": 0.0000003007236,
  "Minute_5_Fluctuation": 0.041883177862643263,
  "Minute_10": 0.0000003007236,
  "Minute_10_Fluctuation": 0.041883177862643263,
  "Hour": 0.000000280297929465372,
  "Hour_Fluctuation": 0.045037706370070825,
  "Day": 0.000000269760123771901,
  "Day_Fluctuation": 0.022913381848212459,
  "Week": 0.000000266809297441096,
  "Week_Fluctuation": 0.21075365471221674,
  "Updated": "2018-04-23T00:14:56.3653719Z"
}
