{
  "Live": 0.000000093560262875,
  "Minute": 0.000000084586553420289,
  "Minute_Fluctuation": 0.067448722684165408,
  "Minute_5": 0.0000000818829323567733,
  "Minute_5_Fluctuation": 0.014857736659497266,
  "Minute_10": 0.0000000815449797238339,
  "Minute_10_Fluctuation": 0.0075101775647830214,
  "Hour": 0.0000000812633525297176,
  "Hour_Fluctuation": 0.0028466769164554322,
  "Day": 0.0000000811930983181662,
  "Day_Fluctuation": 0.23354239264804763,
  "Week": 0.0000000812073623613636,
  "Week_Fluctuation": 0.455593466664674,
  "Updated": "2018-04-26T17:09:47.5874419Z"
}
