{
  "Live": 0.000000000010522575,
  "Minute": 0.000000000010522575,
  "Minute_Fluctuation": 0.29382084915947071,
  "Minute_5": 0.000000000010522575,
  "Minute_5_Fluctuation": 0.21257488633317279,
  "Minute_10": 0.000000000010522575,
  "Minute_10_Fluctuation": 0.20292054092942038,
  "Hour": 0.00000000000914359933419055,
  "Hour_Fluctuation": 0.043826443765788405,
  "Day": 0.00000000000883181670825411,
  "Day_Fluctuation": 0.015881720103537566,
  "Week": 0.00000000000881585330428799,
  "Week_Fluctuation": 0.21314436477841828,
  "Updated": "2018-04-23T00:04:04.5684071Z"
}
