{
  "Live": 0.00000000034126155,
  "Minute": 0.00000000022632657437446,
  "Minute_Fluctuation": 0.36155076963325478,
  "Minute_5": 0.000000000195579208233233,
  "Minute_5_Fluctuation": 0.088705259861883,
  "Minute_10": 0.00000000019527878516054,
  "Minute_10_Fluctuation": 0.082962201061657054,
  "Hour": 0.000000000194854825413564,
  "Hour_Fluctuation": 0.059517247472405173,
  "Day": 0.000000000188215443284955,
  "Day_Fluctuation": 0.15394701496784263,
  "Week": 0.000000000187896179615354,
  "Week_Fluctuation": 0.43084692205285469,
  "Updated": "2018-04-27T02:43:38.9471889Z"
}
