{
  "Live": 0.000000000009579075583281,
  "Minute": 0.000000000009624877043944,
  "Minute_Fluctuation": 0.01741181465413159,
  "Minute_5": 0.00000000000965469585494566,
  "Minute_5_Fluctuation": 0.016226336395444137,
  "Minute_10": 0.00000000000962623646498284,
  "Minute_10_Fluctuation": 0.01012547843232953,
  "Hour": 0.00000000000958842358887658,
  "Hour_Fluctuation": 0.0046242862978315953,
  "Day": 0.00000000000957942290007348,
  "Day_Fluctuation": 0.00025071151089317296,
  "Week": 0.000000000009579075583281,
  "Week_Fluctuation": 0.40024647032162819,
  "Updated": "2018-04-24T23:41:53.5753359Z"
}
