{
  "Live": 0.000000000000196498314166499,
  "Minute": 0.000000000000201250601389568,
  "Minute_Fluctuation": 0.0701584177401825,
  "Minute_5": 0.000000000000199717968063506,
  "Minute_5_Fluctuation": 0.023034614359969559,
  "Minute_10": 0.00000000000019830042581792,
  "Minute_10_Fluctuation": 0.012759999465511864,
  "Hour": 0.000000000000196825559968648,
  "Hour_Fluctuation": 0.0050096066606564148,
  "Day": 0.000000000000196510273507132,
  "Day_Fluctuation": 0.00019076356269128245,
  "Week": 0.000000000000196498314166499,
  "Week_Fluctuation": 0.40024570703104734,
  "Updated": "2018-04-24T23:41:53.5579679Z"
}
