{
  "Live": 0.000000000000157858275,
  "Minute": 0.000000000000153774445818792,
  "Minute_Fluctuation": 0.012007503943012525,
  "Minute_5": 0.000000000000152314814535578,
  "Minute_5_Fluctuation": 0.0024015007886025049,
  "Minute_10": 0.000000000000152146247498126,
  "Minute_10_Fluctuation": 0.0020767800188852678,
  "Hour": 0.000000000000152146143577426,
  "Hour_Fluctuation": 0.0051007610848585678,
  "Day": 0.000000000000152282088144856,
  "Day_Fluctuation": 0.0080108836451410256,
  "Week": 0.000000000000151950087720638,
  "Week_Fluctuation": 0.20519468913358169,
  "Updated": "2018-04-23T03:20:06.170814Z"
}
