{
  "Live": 0.000000000006258525,
  "Minute": 0.000000000006258525,
  "Minute_Fluctuation": 0.14409776337938804,
  "Minute_5": 0.000000000006258525,
  "Minute_5_Fluctuation": 0.32579616881950663,
  "Minute_10": 0.000000000006258525,
  "Minute_10_Fluctuation": 0.35257172151788729,
  "Hour": 0.00000000000487749382656891,
  "Hour_Fluctuation": 0.0844043790992823,
  "Day": 0.00000000000456982241604149,
  "Day_Fluctuation": 0.039124407596648869,
  "Week": 0.00000000000453508016037439,
  "Week_Fluctuation": 0.22193535801320724,
  "Updated": "2018-04-23T00:04:06.1456892Z"
}
