{
  "Live": 0.000000000129187803889409,
  "Minute": 0.000000000129187803889409,
  "Minute_Fluctuation": 0.0,
  "Minute_5": 0.000000000129187803889409,
  "Minute_5_Fluctuation": 0.0,
  "Minute_10": 0.000000000129187803889409,
  "Minute_10_Fluctuation": 0.0,
  "Hour": 0.000000000129187803889409,
  "Hour_Fluctuation": 0.075182669079496514,
  "Day": 0.000000000128822349005155,
  "Day_Fluctuation": 0.033919474117762416,
  "Week": 0.000000000129187803889409,
  "Week_Fluctuation": 0.23266913891893529,
  "Updated": "2018-04-22T11:00:30.2419223Z"
}
