{
  "Live": 0.00000000000280725,
  "Minute": 0.00000000000412556259455126,
  "Minute_Fluctuation": 0.14953166887906771,
  "Minute_5": 0.00000000000445914219636718,
  "Minute_5_Fluctuation": 0.033759001629587393,
  "Minute_10": 0.00000000000452000654965993,
  "Minute_10_Fluctuation": 0.022961002397882842,
  "Hour": 0.00000000000459402722957658,
  "Hour_Fluctuation": 0.029195724918178449,
  "Day": 0.00000000000454963949901067,
  "Day_Fluctuation": 0.15170130292575368,
  "Week": 0.00000000000454249573030308,
  "Week_Fluctuation": 0.43052284750530023,
  "Updated": "2018-04-27T02:43:38.2048988Z"
}
