{
  "Live": 0.00000000134764182,
  "Minute": 0.00000000134849025822488,
  "Minute_Fluctuation": 0.025775755491450565,
  "Minute_5": 0.00000000134876767407367,
  "Minute_5_Fluctuation": 0.0065620072031604493,
  "Minute_10": 0.00000000134885404119327,
  "Minute_10_Fluctuation": 0.0016653133334842488,
  "Hour": 0.00000000134947906765858,
  "Hour_Fluctuation": 0.0064460224617958,
  "Day": 0.00000000135090251056103,
  "Day_Fluctuation": 0.019291105349300453,
  "Week": 0.0000000013488369936341,
  "Week_Fluctuation": 0.20716567688096074,
  "Updated": "2018-04-23T04:56:48.004107Z"
}
