{
  "Live": 0.00000031386945,
  "Minute": 0.00000031386945,
  "Minute_Fluctuation": 0.11889194808289534,
  "Minute_5": 0.00000031386945,
  "Minute_5_Fluctuation": 0.16471972741981702,
  "Minute_10": 0.00000031386945,
  "Minute_10_Fluctuation": 0.17050496960625836,
  "Hour": 0.00000027576464591751,
  "Hour_Fluctuation": 0.034945968393048671,
  "Day": 0.00000026952400845065,
  "Day_Fluctuation": 0.022205384329801049,
  "Week": 0.000000266772592046883,
  "Week_Fluctuation": 0.21084401355954932,
  "Updated": "2018-04-23T00:04:02.4989992Z"
}
