{
  "Live": 0.00000000000116930997366448,
  "Minute": 0.0000000000011986939448707,
  "Minute_Fluctuation": 0.07255239110010675,
  "Minute_5": 0.00000000000119146251906984,
  "Minute_5_Fluctuation": 0.023182057145083416,
  "Minute_10": 0.00000000000118198186245872,
  "Minute_10_Fluctuation": 0.012288743267034982,
  "Hour": 0.00000000000117165556388752,
  "Hour_Fluctuation": 0.0029208728376700637,
  "Day": 0.00000000000116939601814996,
  "Day_Fluctuation": 0.00055461991751703881,
  "Week": 0.00000000000116930997366448,
  "Week_Fluctuation": 0.40031933426368865,
  "Updated": "2018-04-24T23:41:53.6736589Z"
}
