{
  "Live": 0.0000000000072312,
  "Minute": 0.00000000000723287838617581,
  "Minute_Fluctuation": 0.00024856135618346988,
  "Minute_5": 0.0000000000072332826161548,
  "Minute_5_Fluctuation": 5.831100892109229E-05,
  "Minute_10": 0.00000000000723344559811617,
  "Minute_10_Fluctuation": 0.00044666024190337318,
  "Hour": 0.00000000000725253284275232,
  "Hour_Fluctuation": 0.0060654403046015489,
  "Day": 0.00000000000724121635818303,
  "Day_Fluctuation": 0.14995597261432481,
  "Week": 0.00000000000723338362352182,
  "Week_Fluctuation": 0.43021001677933768,
  "Updated": "2018-04-27T02:43:37.5243377Z"
}
