{
  "Live": 0.0000000000286592689008116,
  "Minute": 0.0000000000292085064724432,
  "Minute_Fluctuation": 0.060056454369868451,
  "Minute_5": 0.0000000000291646429530417,
  "Minute_5_Fluctuation": 0.02533972895193359,
  "Minute_10": 0.0000000000289559923519539,
  "Minute_10_Fluctuation": 0.014293757262126476,
  "Hour": 0.0000000000287153913249641,
  "Hour_Fluctuation": 0.0021457980541657773,
  "Day": 0.0000000000286613361555662,
  "Day_Fluctuation": 0.00018126752822657135,
  "Week": 0.0000000000286592689008116,
  "Week_Fluctuation": 0.40025088439767109,
  "Updated": "2018-04-24T23:41:53.4264307Z"
}
