{
  "Live": 0.000000000000167025,
  "Minute": 0.000000000000167018722216809,
  "Minute_Fluctuation": 0.11675504492334746,
  "Minute_5": 0.000000000000167017289823847,
  "Minute_5_Fluctuation": 0.14338385692112957,
  "Minute_10": 0.000000000000167017110774727,
  "Minute_10_Fluctuation": 0.12766903647264982,
  "Hour": 0.000000000000169721157956701,
  "Hour_Fluctuation": 0.18078755723460116,
  "Day": 0.000000000000166980294154019,
  "Day_Fluctuation": 0.47642358382252625,
  "Week": 0.000000000000167016931903235,
  "Week_Fluctuation": 0.49655134698277076,
  "Updated": "2018-04-28T01:21:34.7137505Z"
}
