{
  "Live": 0.00000000000017685,
  "Minute": 0.000000000000169433624869326,
  "Minute_Fluctuation": 0.0248614358146465,
  "Minute_5": 0.000000000000167513920586984,
  "Minute_5_Fluctuation": 0.0054855407171093551,
  "Minute_10": 0.000000000000167217220873712,
  "Minute_10_Fluctuation": 0.0040677565320646038,
  "Hour": 0.000000000000167279203461036,
  "Hour_Fluctuation": 0.005535347938332014,
  "Day": 0.000000000000167075432791034,
  "Day_Fluctuation": 0.14902100399043763,
  "Week": 0.000000000000167034232574966,
  "Week_Fluctuation": 0.43008718831788523,
  "Updated": "2018-04-27T02:43:38.501019Z"
}
