{
  "Live": 0.000000000008028375,
  "Minute": 0.000000000008028375,
  "Minute_Fluctuation": 0.83038878158818319,
  "Minute_5": 0.000000000008028375,
  "Minute_5_Fluctuation": 0.80773754770288986,
  "Minute_10": 0.000000000008028375,
  "Minute_10_Fluctuation": 0.8055478391276224,
  "Hour": 0.00000000000508355939717661,
  "Hour_Fluctuation": 0.15146763010177233,
  "Day": 0.00000000000447596755486452,
  "Day_Fluctuation": 0.026745756024186357,
  "Week": 0.00000000000445863692895679,
  "Week_Fluctuation": 0.21593663272805874,
  "Updated": "2018-04-23T00:04:03.5079814Z"
}
