{
  "Live": 0.000000000153319125,
  "Minute": 0.000000000153319125,
  "Minute_Fluctuation": 6.129902690942207,
  "Minute_5": 0.000000000153319125,
  "Minute_5_Fluctuation": 33.506034023974415,
  "Minute_10": 0.000000000153319125,
  "Minute_10_Fluctuation": 56.8520953496975,
  "Hour": 0.0000000000306391704983984,
  "Hour_Fluctuation": 9.1267431188666226,
  "Day": 0.00000000000157223018035977,
  "Day_Fluctuation": 3.8503664455804429,
  "Week": 0.000000000000342497959352605,
  "Week_Fluctuation": 1.400870709912575,
  "Updated": "2018-04-23T00:04:03.3046599Z"
}
