{
  "Live": 0.000000000017517975,
  "Minute": 0.000000000017517975,
  "Minute_Fluctuation": 0.15054787994282975,
  "Minute_5": 0.000000000017517975,
  "Minute_5_Fluctuation": 0.15054787994282975,
  "Minute_10": 0.000000000017517975,
  "Minute_10_Fluctuation": 0.15054787994282975,
  "Hour": 0.00000000001579436513595,
  "Hour_Fluctuation": 0.099279587220610255,
  "Day": 0.0000000000143442618604434,
  "Day_Fluctuation": 0.024927339425123544,
  "Week": 0.0000000000142013735278327,
  "Week_Fluctuation": 0.21332316083820541,
  "Updated": "2018-04-23T00:14:56.7918445Z"
}
