{
  "Live": 0.000000000003209375,
  "Minute": 0.00000000000411036574927088,
  "Minute_Fluctuation": 0.085033654083399052,
  "Minute_5": 0.0000000000043909001478415,
  "Minute_5_Fluctuation": 0.017074887683080929,
  "Minute_10": 0.00000000000442588329361907,
  "Minute_10_Fluctuation": 0.0086947235631158418,
  "Hour": 0.00000000000445744354310041,
  "Hour_Fluctuation": 0.010514133727303462,
  "Day": 0.00000000000448672102315621,
  "Day_Fluctuation": 0.030833046764456338,
  "Week": 0.00000000000446099895899226,
  "Week_Fluctuation": 0.2110591264183922,
  "Updated": "2018-04-23T04:56:47.3126596Z"
}
