{
  "Live": 0.00000000000732945,
  "Minute": 0.0000000000061875776966348,
  "Minute_Fluctuation": 0.10976940505935048,
  "Minute_5": 0.00000000000590793246622458,
  "Minute_5_Fluctuation": 0.025075795956097383,
  "Minute_10": 0.00000000000589964310805513,
  "Minute_10_Fluctuation": 0.022097842116233547,
  "Hour": 0.00000000000594702889481707,
  "Hour_Fluctuation": 0.035584707987372531,
  "Day": 0.00000000000585013474086984,
  "Day_Fluctuation": 0.15115550113079682,
  "Week": 0.00000000000583805583685001,
  "Week_Fluctuation": 0.4304128919985083,
  "Updated": "2018-04-27T02:43:37.7537308Z"
}
