{
  "Live": 0.000000000000568438165475245,
  "Minute": 0.000000000000568438165475245,
  "Minute_Fluctuation": 0.95046549500895428,
  "Minute_5": 0.000000000000568438165475245,
  "Minute_5_Fluctuation": 0.95046549500895428,
  "Minute_10": 0.00000000000447495551939302,
  "Minute_10_Fluctuation": 3.55628294132088,
  "Hour": 0.00000000000446974005946237,
  "Hour_Fluctuation": 4.0349255376646251,
  "Day": 0.00000000000144601315347843,
  "Day_Fluctuation": 1.5236403793146143,
  "Week": 0.000000000000568438165475245,
  "Week_Fluctuation": 0.74700325872134321,
  "Updated": "2018-04-22T08:33:07.434072Z"
}
