{
  "Live": 0.000000000130446525,
  "Minute": 0.000000000146968823465744,
  "Minute_Fluctuation": 0.15171403538384881,
  "Minute_5": 0.000000000150715717995921,
  "Minute_5_Fluctuation": 0.15440854175430305,
  "Minute_10": 0.000000000151184079812193,
  "Minute_10_Fluctuation": 0.15775699097509796,
  "Hour": 0.000000000144882085123584,
  "Hour_Fluctuation": 0.18682913275591936,
  "Day": 0.0000000001513193800729,
  "Day_Fluctuation": 0.47655694538262483,
  "Week": 0.000000000151651976983806,
  "Week_Fluctuation": 0.49657146962305365,
  "Updated": "2018-04-28T01:21:34.6423336Z"
}
