{
  "Live": 0.0000000000061308,
  "Minute": 0.00000000000784518052327527,
  "Minute_Fluctuation": 0.13020610380548039,
  "Minute_5": 0.00000000000829165599994356,
  "Minute_5_Fluctuation": 0.0283389092589737,
  "Minute_10": 0.00000000000831543041804015,
  "Minute_10_Fluctuation": 0.018066762404722759,
  "Hour": 0.00000000000843081640233782,
  "Hour_Fluctuation": 0.016741745505108145,
  "Day": 0.00000000000841225418967674,
  "Day_Fluctuation": 0.15094359182171907,
  "Week": 0.00000000000840321950260808,
  "Week_Fluctuation": 0.43038309846232981,
  "Updated": "2018-04-27T02:43:38.5806445Z"
}
