{
  "Live": 0.0000000000002751,
  "Minute": 0.000000000000320100516458204,
  "Minute_Fluctuation": 0.065730453348212453,
  "Minute_5": 0.00000000000033811703183255,
  "Minute_5_Fluctuation": 0.01314609066964249,
  "Minute_10": 0.000000000000340254058813487,
  "Minute_10_Fluctuation": 0.0099719134157576165,
  "Hour": 0.000000000000338959144827782,
  "Hour_Fluctuation": 0.034827249657514547,
  "Day": 0.000000000000339887873631285,
  "Day_Fluctuation": 0.015468461222306116,
  "Week": 0.000000000000342618926485242,
  "Week_Fluctuation": 0.20653797936052154,
  "Updated": "2018-04-23T03:20:08.1410336Z"
}
