{
  "Live": 0.000000000000175999132944577,
  "Minute": 0.000000000000175999132944577,
  "Minute_Fluctuation": 0.0048112358237092862,
  "Minute_5": 0.000000000000175999132944577,
  "Minute_5_Fluctuation": 0.0048112358237092862,
  "Minute_10": 0.000000000000176300856209314,
  "Minute_10_Fluctuation": 0.012863809247881932,
  "Hour": 0.000000000000174210540260868,
  "Hour_Fluctuation": 0.065749421975375186,
  "Day": 0.000000000000173862156668736,
  "Day_Fluctuation": 0.020182793181967026,
  "Week": 0.000000000000175999132944577,
  "Week_Fluctuation": 0.23132089671265951,
  "Updated": "2018-04-22T08:33:07.2287362Z"
}
