{
  "Live": 0.00000000000023951355,
  "Minute": 0.000000000000255930478293202,
  "Minute_Fluctuation": 0.028542265331577436,
  "Minute_5": 0.000000000000261534338907649,
  "Minute_5_Fluctuation": 0.0057531284941892786,
  "Minute_10": 0.000000000000262233963362732,
  "Minute_10_Fluctuation": 0.0028230665456066457,
  "Hour": 0.000000000000262795353251485,
  "Hour_Fluctuation": 0.0066519179079285408,
  "Day": 0.000000000000263644303822704,
  "Day_Fluctuation": 0.019595231341800145,
  "Week": 0.00000000000026293460913807,
  "Week_Fluctuation": 0.20652028037051873,
  "Updated": "2018-04-23T04:56:48.626862Z"
}
