{
  "Live": 0.000000000000265275,
  "Minute": 0.000000000000265275,
  "Minute_Fluctuation": 0.21278856153114334,
  "Minute_5": 0.000000000000265275,
  "Minute_5_Fluctuation": 0.20410414449643516,
  "Minute_10": 0.000000000000265275,
  "Minute_10_Fluctuation": 0.20301757806674414,
  "Hour": 0.000000000000321061207825618,
  "Hour_Fluctuation": 0.041948271298348216,
  "Day": 0.000000000000331090337686919,
  "Day_Fluctuation": 0.027205725448332881,
  "Week": 0.000000000000332313631731877,
  "Week_Fluctuation": 0.21700647908343207,
  "Updated": "2018-04-23T00:04:05.9544022Z"
}
