{
  "Live": 0.00000000000022488375,
  "Minute": 0.000000000000250347360223988,
  "Minute_Fluctuation": 0.04786243354030522,
  "Minute_5": 0.000000000000260415009532493,
  "Minute_5_Fluctuation": 0.0095724867080610454,
  "Minute_10": 0.000000000000261912276335979,
  "Minute_10_Fluctuation": 0.013096566869642948,
  "Hour": 0.000000000000261297938724971,
  "Hour_Fluctuation": 0.026505490261851998,
  "Day": 0.000000000000263665861097308,
  "Day_Fluctuation": 0.020586033215049572,
  "Week": 0.000000000000262930673391203,
  "Week_Fluctuation": 0.20848552106319831,
  "Updated": "2018-04-23T03:20:07.9255522Z"
}
