{
  "Live": 0.0000000000183731705801181,
  "Minute": 0.0000000000185791225816983,
  "Minute_Fluctuation": 0.0341252252552415,
  "Minute_5": 0.0000000000185760794873851,
  "Minute_5_Fluctuation": 0.01403094834030524,
  "Minute_10": 0.0000000000184939978821337,
  "Minute_10_Fluctuation": 0.00762087935296251,
  "Hour": 0.0000000000183962927075489,
  "Hour_Fluctuation": 0.0034044454318573167,
  "Day": 0.0000000000183740241748947,
  "Day_Fluctuation": 0.00014612798360746896,
  "Week": 0.0000000000183731705801181,
  "Week_Fluctuation": 0.400242444400274,
  "Updated": "2018-04-24T23:41:53.7910559Z"
}
