{
  "Live": 0.000000266712208672736,
  "Minute": 0.000000266712208672736,
  "Minute_Fluctuation": 0.17040994033963419,
  "Minute_5": 0.000000266712208672736,
  "Minute_5_Fluctuation": 0.17040994033963419,
  "Minute_10": 0.000000285998801896202,
  "Minute_10_Fluctuation": 0.16322117483642526,
  "Hour": 0.000000290791230524459,
  "Hour_Fluctuation": 0.13096588442120186,
  "Day": 0.0000002720263140894,
  "Day_Fluctuation": 0.026157761032535042,
  "Week": 0.000000266712208672736,
  "Week_Fluctuation": 0.23151054080353739,
  "Updated": "2018-04-22T08:33:07.0965247Z"
}
