{
  "Live": 0.000000000000332370709539421,
  "Minute": 0.000000000000332370709539421,
  "Minute_Fluctuation": 0.0,
  "Minute_5": 0.000000000000332370709539421,
  "Minute_5_Fluctuation": 0.0,
  "Minute_10": 0.000000000000332370709539421,
  "Minute_10_Fluctuation": 0.0,
  "Hour": 0.000000000000332370709539421,
  "Hour_Fluctuation": 0.1125833309524783,
  "Day": 0.000000000000330620205503367,
  "Day_Fluctuation": 0.0456787232461575,
  "Week": 0.000000000000332370709539421,
  "Week_Fluctuation": 0.23474907662046515,
  "Updated": "2018-04-22T11:00:30.2714867Z"
}
