{
  "Live": 0.0000000000776556,
  "Minute": 0.0000000000713943870734333,
  "Minute_Fluctuation": 0.059328346930719963,
  "Minute_5": 0.0000000000694337179050129,
  "Minute_5_Fluctuation": 0.013891773045586465,
  "Minute_10": 0.0000000000691974196489134,
  "Minute_10_Fluctuation": 0.0086532741911003949,
  "Hour": 0.0000000000691924131630939,
  "Hour_Fluctuation": 0.010238966560233372,
  "Day": 0.000000000069443450224617,
  "Day_Fluctuation": 0.013856409186697031,
  "Week": 0.0000000000689437937514456,
  "Week_Fluctuation": 0.20287249043478395,
  "Updated": "2018-04-23T04:56:47.394525Z"
}
