{
  "Live": 0.000000000019718775,
  "Minute": 0.000000000019718775,
  "Minute_Fluctuation": 1.9352659193085842,
  "Minute_5": 0.000000000019718775,
  "Minute_5_Fluctuation": 1.707795880528383,
  "Minute_10": 0.000000000019718775,
  "Minute_10_Fluctuation": 1.6815440396714525,
  "Hour": 0.00000000000960792235173192,
  "Hour_Fluctuation": 0.30187811219352845,
  "Day": 0.00000000000749695118354462,
  "Day_Fluctuation": 0.03052428787626317,
  "Week": 0.00000000000743625396038168,
  "Week_Fluctuation": 0.21507477857227869,
  "Updated": "2018-04-23T00:04:02.2941875Z"
}
