{
  "Live": 0.0000000000002866686193507,
  "Minute": 0.000000000000287761214329467,
  "Minute_Fluctuation": 0.015255402729208322,
  "Minute_5": 0.000000000000289182195748771,
  "Minute_5_Fluctuation": 0.012860238805732595,
  "Minute_10": 0.000000000000288268351456399,
  "Minute_10_Fluctuation": 0.0074902295698221662,
  "Hour": 0.000000000000286990410884999,
  "Hour_Fluctuation": 0.0016326852930091985,
  "Day": 0.000000000000286680606570994,
  "Day_Fluctuation": 7.94468821856181E-05,
  "Week": 0.0000000000002866686193507,
  "Week_Fluctuation": 0.40022116357445536,
  "Updated": "2018-04-24T23:41:53.7393928Z"
}
