{
  "Live": 0.00000000013701945,
  "Minute": 0.0000000000388113075986858,
  "Minute_Fluctuation": 47.065092478476,
  "Minute_5": 0.00000000000841789542515018,
  "Minute_5_Fluctuation": 10.13840013986494,
  "Minute_10": 0.00000000000477385321924763,
  "Minute_10_Fluctuation": 4.8237660327237961,
  "Hour": 0.00000000000507879984092509,
  "Hour_Fluctuation": 1.4976050629887239,
  "Day": 0.00000000000430596740859789,
  "Day_Fluctuation": 4.4295446141317543,
  "Week": 0.000000000000823311406093338,
  "Week_Fluctuation": 2.3296909639455463,
  "Updated": "2018-04-23T04:56:47.2288241Z"
}
