{
  "Live": 0.000000000002662575,
  "Minute": 0.00000000000493790495496741,
  "Minute_Fluctuation": 0.43356834722747772,
  "Minute_5": 0.00000000000548449029251586,
  "Minute_5_Fluctuation": 0.41128539491701704,
  "Minute_10": 0.00000000000555281345970942,
  "Minute_10_Fluctuation": 0.49927708381263747,
  "Hour": 0.00000000000486552291206978,
  "Hour_Fluctuation": 0.34086613977327285,
  "Day": 0.00000000000557054794804733,
  "Day_Fluctuation": 0.48558568057969864,
  "Week": 0.00000000000562106884598315,
  "Week_Fluctuation": 0.49787855268651043,
  "Updated": "2018-04-28T01:21:35.3374042Z"
}
