{
  "Live": 0.00000000024014265,
  "Minute": 0.000000000162440977219594,
  "Minute_Fluctuation": 0.193098471112379,
  "Minute_5": 0.000000000142885954450002,
  "Minute_5_Fluctuation": 0.03948997323804139,
  "Minute_10": 0.000000000140363785172392,
  "Minute_10_Fluctuation": 0.026805493322167286,
  "Hour": 0.000000000138875511194621,
  "Hour_Fluctuation": 0.019794905026185083,
  "Day": 0.000000000137954928150115,
  "Day_Fluctuation": 0.15100679331668954,
  "Week": 0.000000000137999623735626,
  "Week_Fluctuation": 0.43040932108977115,
  "Updated": "2018-04-27T02:43:38.1311544Z"
}
