{
  "Live": 0.00000000000453274377046407,
  "Minute": 0.00000000000453274377046407,
  "Minute_Fluctuation": 0.0,
  "Minute_5": 0.00000000000453274377046407,
  "Minute_5_Fluctuation": 0.0,
  "Minute_10": 0.00000000000453274377046407,
  "Minute_10_Fluctuation": 0.0,
  "Hour": 0.00000000000453274377046407,
  "Hour_Fluctuation": 0.15141989957463578,
  "Day": 0.00000000000457428591490675,
  "Day_Fluctuation": 0.061423205670427888,
  "Week": 0.00000000000453274377046407,
  "Week_Fluctuation": 0.23971747413756817,
  "Updated": "2018-04-22T11:00:30.285533Z"
}
