{
  "Live": 0.0000000000019323908026884,
  "Minute": 0.0000000000019323908026884,
  "Minute_Fluctuation": 2.0258615035246037,
  "Minute_5": 0.0000000000019323908026884,
  "Minute_5_Fluctuation": 2.0258615035246037,
  "Minute_10": 0.00000000000147014811524884,
  "Minute_10_Fluctuation": 1.5195294104945534,
  "Hour": 0.00000000000136335624610564,
  "Hour_Fluctuation": 0.9085287260678877,
  "Day": 0.00000000000184180975341994,
  "Day_Fluctuation": 0.11448903790208578,
  "Week": 0.0000000000019323908026884,
  "Week_Fluctuation": 0.250590682007614,
  "Updated": "2018-04-22T08:33:07.3754576Z"
}
