{
  "Live": 0.000000000009029175,
  "Minute": 0.0000000000227980901274376,
  "Minute_Fluctuation": 0.31668588060398994,
  "Minute_5": 0.000000000025797994894326,
  "Minute_5_Fluctuation": 0.24190976864195446,
  "Minute_10": 0.0000000000261729829901871,
  "Minute_10_Fluctuation": 0.19819705771869087,
  "Hour": 0.0000000000330805427085113,
  "Hour_Fluctuation": 0.45564516482965645,
  "Day": 0.0000000000269540767038534,
  "Day_Fluctuation": 0.492425134723638,
  "Week": 0.0000000000265475990740482,
  "Week_Fluctuation": 0.498859949430128,
  "Updated": "2018-04-28T01:21:34.1662881Z"
}
