{
  "Live": 0.000000000025849575,
  "Minute": 0.0000000000177900654121329,
  "Minute_Fluctuation": 0.25190344371289708,
  "Minute_5": 0.0000000000149263437641419,
  "Minute_5_Fluctuation": 0.050380688742579414,
  "Minute_10": 0.0000000000145742306772974,
  "Minute_10_Fluctuation": 0.02945344315463581,
  "Hour": 0.0000000000144294514672703,
  "Hour_Fluctuation": 0.0583184374414496,
  "Day": 0.0000000000143883033534369,
  "Day_Fluctuation": 0.027762034372880003,
  "Week": 0.0000000000142107684763564,
  "Week_Fluctuation": 0.21016783745774184,
  "Updated": "2018-04-23T03:20:06.0702902Z"
}
