{
  "Live": 0.000000000010109925,
  "Minute": 0.0000000000081693408679935,
  "Minute_Fluctuation": 0.160773154939984,
  "Minute_5": 0.0000000000076329544542702,
  "Minute_5_Fluctuation": 0.037607689687901555,
  "Minute_10": 0.00000000000761068944534273,
  "Minute_10_Fluctuation": 0.027023388732714773,
  "Hour": 0.00000000000755154328127892,
  "Hour_Fluctuation": 0.010483487245531251,
  "Day": 0.00000000000750709338226947,
  "Day_Fluctuation": 0.15038607933673978,
  "Week": 0.00000000000749892436701171,
  "Week_Fluctuation": 0.43028429156004744,
  "Updated": "2018-04-27T02:43:39.3917223Z"
}
