{
  "Live": 0.00000000000742319393777793,
  "Minute": 0.00000000000742319393777793,
  "Minute_Fluctuation": 0.090247283856805846,
  "Minute_5": 0.00000000000742319393777793,
  "Minute_5_Fluctuation": 0.090247283856805846,
  "Minute_10": 0.00000000000720704604815957,
  "Minute_10_Fluctuation": 0.071389610228909856,
  "Hour": 0.00000000000703550663011802,
  "Hour_Fluctuation": 0.0788792100986938,
  "Day": 0.00000000000738398802948162,
  "Day_Fluctuation": 0.033656965651641085,
  "Week": 0.00000000000742319393777793,
  "Week_Fluctuation": 0.23438264712292059,
  "Updated": "2018-04-22T08:33:07.0809638Z"
}
