{
  "Live": 0.000000000001444275,
  "Minute": 0.00000000000120124326141529,
  "Minute_Fluctuation": 0.10785831102613751,
  "Minute_5": 0.00000000000110768323265112,
  "Minute_5_Fluctuation": 0.021571662205227504,
  "Minute_10": 0.00000000000109678156800729,
  "Minute_10_Fluctuation": 0.017622645020413913,
  "Hour": 0.00000000000108740761992976,
  "Hour_Fluctuation": 0.027984179486922042,
  "Day": 0.00000000000108542156710344,
  "Day_Fluctuation": 0.024383318577832803,
  "Week": 0.00000000000108430482764619,
  "Week_Fluctuation": 0.21032303176975908,
  "Updated": "2018-04-23T03:20:07.4692877Z"
}
