{
  "Live": 0.000000000000156961724957304,
  "Minute": 0.000000000000156961724957304,
  "Minute_Fluctuation": 0.36097007650970375,
  "Minute_5": 0.000000000000156961724957304,
  "Minute_5_Fluctuation": 0.36097007650970375,
  "Minute_10": 0.000000000000188338517844306,
  "Minute_10_Fluctuation": 0.39832203580184378,
  "Hour": 0.000000000000191827287529279,
  "Hour_Fluctuation": 0.22939365151456434,
  "Day": 0.000000000000158521899197516,
  "Day_Fluctuation": 0.033804611876568531,
  "Week": 0.000000000000156961724957304,
  "Week_Fluctuation": 0.23305921942212918,
  "Updated": "2018-04-22T08:33:07.2010625Z"
}
