{
  "Live": 0.000000000020622675,
  "Minute": 0.000000000020622675,
  "Minute_Fluctuation": 0.33387782645820169,
  "Minute_5": 0.000000000020622675,
  "Minute_5_Fluctuation": 0.42768698019617507,
  "Minute_10": 0.000000000020622675,
  "Minute_10_Fluctuation": 0.4400340733651098,
  "Hour": 0.0000000000154118200304539,
  "Hour_Fluctuation": 0.090983574474588241,
  "Day": 0.0000000000143200600421894,
  "Day_Fluctuation": 0.023414476143996065,
  "Week": 0.0000000000141977839272885,
  "Week_Fluctuation": 0.21330094137948347,
  "Updated": "2018-04-23T00:04:02.9167025Z"
}
