{
  "Live": 0.0000000000088132062194301,
  "Minute": 0.0000000000088132062194301,
  "Minute_Fluctuation": 0.134030903572326,
  "Minute_5": 0.0000000000088132062194301,
  "Minute_5_Fluctuation": 0.134030903572326,
  "Minute_10": 0.00000000000844350949744491,
  "Minute_10_Fluctuation": 0.11208856841446535,
  "Hour": 0.00000000000827179950461547,
  "Hour_Fluctuation": 0.0741634729730781,
  "Day": 0.00000000000881405777885342,
  "Day_Fluctuation": 0.03031913681801585,
  "Week": 0.0000000000088132062194301,
  "Week_Fluctuation": 0.2339467757169422,
  "Updated": "2018-04-22T08:33:07.2437606Z"
}
