{
  "Live": 0.0000000000776952,
  "Minute": 0.0000000000716783493464478,
  "Minute_Fluctuation": 0.039700163948215746,
  "Minute_5": 0.0000000000694887625257358,
  "Minute_5_Fluctuation": 0.0079400327896431491,
  "Minute_10": 0.0000000000692307081264884,
  "Minute_10_Fluctuation": 0.0062253914659424515,
  "Hour": 0.0000000000694742056120374,
  "Hour_Fluctuation": 0.023808889575431078,
  "Day": 0.0000000000694628008148624,
  "Day_Fluctuation": 0.014110527627666696,
  "Week": 0.0000000000689416373467012,
  "Week_Fluctuation": 0.20479761469641869,
  "Updated": "2018-04-23T03:20:06.4808511Z"
}
