{
  "Live": 0.000000000144082133000781,
  "Minute": 0.000000000144082133000781,
  "Minute_Fluctuation": 0.664568461132024,
  "Minute_5": 0.000000000144082133000781,
  "Minute_5_Fluctuation": 0.664568461132024,
  "Minute_10": 0.000000000123704824750015,
  "Minute_10_Fluctuation": 0.56833498447237862,
  "Hour": 0.00000000012340611541875,
  "Hour_Fluctuation": 0.17212784610273238,
  "Day": 0.000000000144525540690633,
  "Day_Fluctuation": 0.030360756156943287,
  "Week": 0.000000000144082133000781,
  "Week_Fluctuation": 0.23426816649535265,
  "Updated": "2018-04-22T08:33:07.2149388Z"
}
