{
  "Live": 0.00000000001177035,
  "Minute": 0.0000000000108335088295456,
  "Minute_Fluctuation": 0.045931482010697966,
  "Minute_5": 0.000000000010452910960966,
  "Minute_5_Fluctuation": 0.0091862964021395925,
  "Minute_10": 0.0000000000104130934314154,
  "Minute_10_Fluctuation": 0.010724267211152973,
  "Hour": 0.0000000000102488140352622,
  "Hour_Fluctuation": 0.054577816148126838,
  "Day": 0.0000000000102711347230529,
  "Day_Fluctuation": 0.019561433661062926,
  "Week": 0.0000000000103578086909774,
  "Week_Fluctuation": 0.20821278989723502,
  "Updated": "2018-04-23T03:20:08.4279352Z"
}
