{
  "Live": 0.000000000009186375,
  "Minute": 0.000000000009186375,
  "Minute_Fluctuation": 0.0032188841201717991,
  "Minute_5": 0.000000000009186375,
  "Minute_5_Fluctuation": 0.0032188841201717991,
  "Minute_10": 0.000000000009186375,
  "Minute_10_Fluctuation": 0.0032188841201717991,
  "Hour": 0.00000000000857074764196062,
  "Hour_Fluctuation": 0.035316608582669703,
  "Day": 0.00000000000834503981194386,
  "Day_Fluctuation": 0.022484119455492228,
  "Week": 0.00000000000825515066949711,
  "Week_Fluctuation": 0.21052263351795233,
  "Updated": "2018-04-23T00:14:55.4530488Z"
}
