{
  "Live": 0.0000000000756758478177772,
  "Minute": 0.0000000000758025620410877,
  "Minute_Fluctuation": 0.0053692313724828696,
  "Minute_5": 0.0000000000757911432032487,
  "Minute_5_Fluctuation": 0.0022007476345811809,
  "Minute_10": 0.0000000000757435246532028,
  "Minute_10_Fluctuation": 0.0012376211465912014,
  "Hour": 0.0000000000756886465179655,
  "Hour_Fluctuation": 0.00031555118736607157,
  "Day": 0.000000000075676319245631,
  "Day_Fluctuation": 1.8998607768306616E-05,
  "Week": 0.0000000000756758478177772,
  "Week_Fluctuation": 0.40021177912977862,
  "Updated": "2018-04-24T23:41:53.5090528Z"
}
