{
  "Live": 0.000000000144972197925518,
  "Minute": 0.000000000140817543557742,
  "Minute_Fluctuation": 0.095861344776818319,
  "Minute_5": 0.000000000141439112878966,
  "Minute_5_Fluctuation": 0.034365159432288281,
  "Minute_10": 0.000000000142915754886084,
  "Minute_10_Fluctuation": 0.018953229923847362,
  "Hour": 0.000000000144585962695942,
  "Hour_Fluctuation": 0.0027516956528259575,
  "Day": 0.000000000144957989829597,
  "Day_Fluctuation": 0.00021541250425984168,
  "Week": 0.000000000144972197925518,
  "Week_Fluctuation": 0.40025106687467804,
  "Updated": "2018-04-24T23:41:53.5909134Z"
}
