{
  "Live": 0.0000000000751212,
  "Minute": 0.0000000000732179963625284,
  "Minute_Fluctuation": 0.030577254465957888,
  "Minute_5": 0.0000000000727912240276017,
  "Minute_5_Fluctuation": 0.029916501506420369,
  "Minute_10": 0.0000000000727378774857358,
  "Minute_10_Fluctuation": 0.025749543236802942,
  "Hour": 0.0000000000733849410768367,
  "Hour_Fluctuation": 0.1223840411225434,
  "Day": 0.000000000072735109814337,
  "Day_Fluctuation": 0.47241654695598512,
  "Week": 0.0000000000726845838670266,
  "Week_Fluctuation": 0.49597000752511222,
  "Updated": "2018-04-28T01:21:34.5084424Z"
}
