{
  "Live": 0.0000000000002358,
  "Minute": 0.000000000000193155273249783,
  "Minute_Fluctuation": 0.13859081806855239,
  "Minute_5": 0.000000000000179551975129277,
  "Minute_5_Fluctuation": 0.031454694055586506,
  "Minute_10": 0.000000000000177889660635415,
  "Minute_10_Fluctuation": 0.018133944245044272,
  "Hour": 0.000000000000177075753843774,
  "Hour_Fluctuation": 0.012767126621194018,
  "Day": 0.000000000000176133208346192,
  "Day_Fluctuation": 0.020075128043189221,
  "Week": 0.000000000000176152837516081,
  "Week_Fluctuation": 0.2057268994014744,
  "Updated": "2018-04-23T04:56:47.6538558Z"
}
