{
  "Live": 0.0000000000008646,
  "Minute": 0.0000000000008646,
  "Minute_Fluctuation": 0.24558739168007207,
  "Minute_5": 0.0000000000008646,
  "Minute_5_Fluctuation": 0.21214331949079462,
  "Minute_10": 0.0000000000008646,
  "Minute_10_Fluctuation": 0.20781010389083798,
  "Hour": 0.00000000000104766917277197,
  "Hour_Fluctuation": 0.039294563817644075,
  "Day": 0.00000000000109058739416557,
  "Day_Fluctuation": 0.022031275506957586,
  "Week": 0.00000000000108501716941893,
  "Week_Fluctuation": 0.21364854977677816,
  "Updated": "2018-04-23T00:04:05.7647893Z"
}
