{
  "Live": 0.00000000000445496041866089,
  "Minute": 0.00000000000445496041866089,
  "Minute_Fluctuation": 0.39592668379422508,
  "Minute_5": 0.00000000000445496041866089,
  "Minute_5_Fluctuation": 0.39592668379422508,
  "Minute_10": 0.00000000000400844260101632,
  "Minute_10_Fluctuation": 0.35753843577019306,
  "Hour": 0.00000000000404257945177231,
  "Hour_Fluctuation": 0.11850362340956759,
  "Day": 0.00000000000444437745078084,
  "Day_Fluctuation": 0.041936544441915968,
  "Week": 0.00000000000445496041866089,
  "Week_Fluctuation": 0.23629441307864035,
  "Updated": "2018-04-22T08:33:07.1709889Z"
}
