{
  "Live": 0.00000000000453274377046407,
  "Minute": 0.00000000000453274377046407,
  "Minute_Fluctuation": 0.50276210573109892,
  "Minute_5": 0.00000000000453274377046407,
  "Minute_5_Fluctuation": 0.50276210573109892,
  "Minute_10": 0.00000000000399127464470993,
  "Minute_10_Fluctuation": 0.4097230869568721,
  "Hour": 0.0000000000037909072634985,
  "Hour_Fluctuation": 0.19704255404785834,
  "Day": 0.0000000000045789773666333,
  "Day_Fluctuation": 0.067229354826976062,
  "Week": 0.00000000000453274377046407,
  "Week_Fluctuation": 0.2432700344463104,
  "Updated": "2018-04-22T08:33:07.3615955Z"
}
