{
  "Live": 0.00000000000740805,
  "Minute": 0.00000000000841293541201485,
  "Minute_Fluctuation": 0.14215112660146006,
  "Minute_5": 0.00000000000873533181703375,
  "Minute_5_Fluctuation": 0.03384098484648735,
  "Minute_10": 0.000000000008771321837345,
  "Minute_10_Fluctuation": 0.024223713368617578,
  "Hour": 0.00000000000878045265202019,
  "Hour_Fluctuation": 0.011654815447465439,
  "Day": 0.00000000000882816083120185,
  "Day_Fluctuation": 0.020204580308271613,
  "Week": 0.00000000000881589093857555,
  "Week_Fluctuation": 0.20817685895397223,
  "Updated": "2018-04-23T04:56:47.7366118Z"
}
