{
  "Live": 0.000000000000000402825,
  "Minute": 0.000000000000000402825,
  "Minute_Fluctuation": 0.29759287638471976,
  "Minute_5": 0.000000000000000402825,
  "Minute_5_Fluctuation": 0.210436339536131,
  "Minute_10": 0.000000000000000402825,
  "Minute_10_Fluctuation": 0.19815059178595273,
  "Hour": 0.0000000000000004803471768163,
  "Hour_Fluctuation": 0.042789145331672412,
  "Day": 0.0000000000000005010597513161,
  "Day_Fluctuation": 0.05194753372961191,
  "Week": 0.0000000000000004942714965045,
  "Week_Fluctuation": 0.22075763398197368,
  "Updated": "2018-04-23T00:04:02.0050003Z"
}
