{
  "Live": 0.0000000000103730683743587,
  "Minute": 0.0000000000103730683743587,
  "Minute_Fluctuation": 0.094075689789840183,
  "Minute_5": 0.0000000000103730683743587,
  "Minute_5_Fluctuation": 0.094075689789840183,
  "Minute_10": 0.0000000000100530163454475,
  "Minute_10_Fluctuation": 0.0890171952238951,
  "Hour": 0.0000000000100439223134722,
  "Hour_Fluctuation": 0.049396217637269368,
  "Day": 0.0000000000103598986019796,
  "Day_Fluctuation": 0.02195413234954419,
  "Week": 0.0000000000103730683743587,
  "Week_Fluctuation": 0.2316649754725576,
  "Updated": "2018-04-22T08:33:07.4787324Z"
}
