{
  "Live": 0.0000000667032315,
  "Minute": 0.0000000667032315,
  "Minute_Fluctuation": 0.036116791126481626,
  "Minute_5": 0.0000000667032315,
  "Minute_5_Fluctuation": 0.036116791126481626,
  "Minute_10": 0.0000000667032315,
  "Minute_10_Fluctuation": 0.036116791126481626,
  "Hour": 0.0000000739864720191247,
  "Hour_Fluctuation": 0.0388545795997609,
  "Day": 0.0000000767983138483656,
  "Day_Fluctuation": 0.011669329917253352,
  "Week": 0.0000000770569073244955,
  "Week_Fluctuation": 0.2103435219150375,
  "Updated": "2018-04-23T00:14:59.0559544Z"
}
