{
  "Live": 0.00000000134945764424241,
  "Minute": 0.00000000134945764424241,
  "Minute_Fluctuation": 0.13060179708274633,
  "Minute_5": 0.00000000134945764424241,
  "Minute_5_Fluctuation": 0.13060179708274633,
  "Minute_10": 0.00000000129399581441951,
  "Minute_10_Fluctuation": 0.11217446850357012,
  "Hour": 0.00000000127786249690655,
  "Hour_Fluctuation": 0.11096352416983656,
  "Day": 0.00000000136342530811169,
  "Day_Fluctuation": 0.030773816886782226,
  "Week": 0.00000000134945764424241,
  "Week_Fluctuation": 0.23371280334968236,
  "Updated": "2018-04-22T08:33:07.2872218Z"
}
