{
  "Live": 0.00000008047866275,
  "Minute": 0.0000000810234231943364,
  "Minute_Fluctuation": 0.0269095438064855,
  "Minute_5": 0.0000000811683777448965,
  "Minute_5_Fluctuation": 0.00653260528787863,
  "Minute_10": 0.000000081030305026888,
  "Minute_10_Fluctuation": 0.0065706304920216266,
  "Hour": 0.0000000809888647875032,
  "Hour_Fluctuation": 0.0051517774831070185,
  "Day": 0.0000000811795051398593,
  "Day_Fluctuation": 0.14883118937001347,
  "Week": 0.0000000812045984070218,
  "Week_Fluctuation": 0.43003990710459761,
  "Updated": "2018-04-27T02:43:38.86563Z"
}
