{
  "Live": 0.000000000000815475,
  "Minute": 0.0000000000011218058897227,
  "Minute_Fluctuation": 0.10625228543608237,
  "Minute_5": 0.00000000000121484596826884,
  "Minute_5_Fluctuation": 0.022041720807342586,
  "Minute_10": 0.00000000000122647597808711,
  "Minute_10_Fluctuation": 0.011070312068509435,
  "Hour": 0.00000000000123616765293567,
  "Hour_Fluctuation": 0.0019111625031012955,
  "Day": 0.00000000000123859767277819,
  "Day_Fluctuation": 0.23475711301163718,
  "Week": 0.00000000000123809445019723,
  "Week_Fluctuation": 0.45577966859851887,
  "Updated": "2018-04-26T17:09:47.7387009Z"
}
