{
  "Live": 0.0000000000002751,
  "Minute": 0.0000000000002751,
  "Minute_Fluctuation": 0.037037037037037077,
  "Minute_5": 0.0000000000002751,
  "Minute_5_Fluctuation": 0.037037037037037077,
  "Minute_10": 0.0000000000002751,
  "Minute_10_Fluctuation": 0.037037037037037077,
  "Hour": 0.000000000000312715742155782,
  "Hour_Fluctuation": 0.06032483880048857,
  "Day": 0.000000000000330666732775376,
  "Day_Fluctuation": 0.028279319629486079,
  "Week": 0.000000000000332251794594537,
  "Week_Fluctuation": 0.21695801668981551,
  "Updated": "2018-04-23T00:14:59.6290516Z"
}
