{
  "Live": 0.000000000192417103260297,
  "Minute": 0.000000000192417103260297,
  "Minute_Fluctuation": 0.30973302955058668,
  "Minute_5": 0.000000000192417103260297,
  "Minute_5_Fluctuation": 0.30973302955058668,
  "Minute_10": 0.000000000176239969278865,
  "Minute_10_Fluctuation": 0.27986680933758235,
  "Hour": 0.000000000177468628307401,
  "Hour_Fluctuation": 0.16394143754199803,
  "Day": 0.000000000195969368438373,
  "Day_Fluctuation": 0.05406278317983796,
  "Week": 0.000000000192417103260297,
  "Week_Fluctuation": 0.238848342072232,
  "Updated": "2018-04-22T08:33:07.2734027Z"
}
