{
  "Live": 0.000000000095626725,
  "Minute": 0.000000000119363515709177,
  "Minute_Fluctuation": 0.090129731392455781,
  "Minute_5": 0.00000000012722869020656,
  "Minute_5_Fluctuation": 0.019118017774438403,
  "Minute_10": 0.000000000128202061771327,
  "Minute_10_Fluctuation": 0.010544165942086989,
  "Hour": 0.00000000012855588833493,
  "Hour_Fluctuation": 0.018894129624225244,
  "Day": 0.000000000129034679755518,
  "Day_Fluctuation": 0.031056752170105076,
  "Week": 0.000000000129194008486846,
  "Week_Fluctuation": 0.21130171220867164,
  "Updated": "2018-04-23T04:56:48.1923782Z"
}
