{
  "Live": 0.000000000000022843125,
  "Minute": 0.0000000000000219463141666274,
  "Minute_Fluctuation": 0.13246510281514218,
  "Minute_5": 0.0000000000000217289537823244,
  "Minute_5_Fluctuation": 0.0365509607701415,
  "Minute_10": 0.0000000000000219683909648168,
  "Minute_10_Fluctuation": 0.040313442382003052,
  "Hour": 0.0000000000000217833851581472,
  "Hour_Fluctuation": 0.019457446686502514,
  "Day": 0.0000000000000216782971178722,
  "Day_Fluctuation": 0.15007494009920053,
  "Week": 0.0000000000000216746406406613,
  "Week_Fluctuation": 0.43024153215282573,
  "Updated": "2018-04-27T02:43:37.6091185Z"
}
