{
  "Live": 0.000000000015297525,
  "Minute": 0.0000000000241207808056223,
  "Minute_Fluctuation": 0.20821624013067003,
  "Minute_5": 0.0000000000263050424205646,
  "Minute_5_Fluctuation": 0.044239493827349305,
  "Minute_10": 0.0000000000263844441535689,
  "Minute_10_Fluctuation": 0.033735310680365664,
  "Hour": 0.0000000000265486044326972,
  "Hour_Fluctuation": 0.021743394611513169,
  "Day": 0.0000000000268351679084671,
  "Day_Fluctuation": 0.15047886233084395,
  "Week": 0.0000000000268508369585245,
  "Week_Fluctuation": 0.43031394702231807,
  "Updated": "2018-04-27T02:43:37.9033607Z"
}
