{
  "Live": 0.00000000000681855,
  "Minute": 0.00000000000681855,
  "Minute_Fluctuation": 0.043609022556390979,
  "Minute_5": 0.00000000000681855,
  "Minute_5_Fluctuation": 0.043609022556390979,
  "Minute_10": 0.00000000000681855,
  "Minute_10_Fluctuation": 0.043609022556390979,
  "Hour": 0.00000000000913075457150085,
  "Hour_Fluctuation": 0.11216567021699773,
  "Day": 0.0000000000103082641717689,
  "Day_Fluctuation": 0.016120053035673473,
  "Week": 0.0000000000103646056429255,
  "Week_Fluctuation": 0.21135186866177277,
  "Updated": "2018-04-23T00:15:00.8574092Z"
}
