{
  "Live": 0.000000000019463325,
  "Minute": 0.000000000014903451905532,
  "Minute_Fluctuation": 0.32860389935676509,
  "Minute_5": 0.0000000000137631887006074,
  "Minute_5_Fluctuation": 0.29973042417524459,
  "Minute_10": 0.0000000000136206557999918,
  "Minute_10_Fluctuation": 0.25718934325915566,
  "Hour": 0.0000000000150343162261006,
  "Hour_Fluctuation": 0.24378858599794187,
  "Day": 0.0000000000135834447350754,
  "Day_Fluctuation": 0.48074147026789082,
  "Week": 0.0000000000134782643010633,
  "Week_Fluctuation": 0.49718329015596,
  "Updated": "2018-04-28T01:21:35.8350266Z"
}
