{
  "Live": 0.0000000000119666402889526,
  "Minute": 0.0000000000120871964247812,
  "Minute_Fluctuation": 0.036311819720960134,
  "Minute_5": 0.0000000000119475801681618,
  "Minute_5_Fluctuation": 0.02255988835475287,
  "Minute_10": 0.0000000000119454369002387,
  "Minute_10_Fluctuation": 0.012949671946419689,
  "Hour": 0.0000000000119610834844845,
  "Hour_Fluctuation": 0.0028010741180232888,
  "Day": 0.0000000000119664248342407,
  "Day_Fluctuation": 0.00016375081729177413,
  "Week": 0.0000000000119666402889526,
  "Week_Fluctuation": 0.40023462143166555,
  "Updated": "2018-04-24T23:41:53.8135207Z"
}
