{
  "Live": 0.0000000000055806,
  "Minute": 0.00000000000678704213472199,
  "Minute_Fluctuation": 0.081264055339336033,
  "Minute_5": 0.00000000000726730423469254,
  "Minute_5_Fluctuation": 0.016252811067867204,
  "Minute_10": 0.00000000000732689055920858,
  "Minute_10_Fluctuation": 0.0098157918084612154,
  "Hour": 0.0000000000073853882344784,
  "Hour_Fluctuation": 0.019748393570639962,
  "Day": 0.00000000000755940303858332,
  "Day_Fluctuation": 0.055856182535778863,
  "Week": 0.00000000000738731020337318,
  "Week_Fluctuation": 0.21580074407907138,
  "Updated": "2018-04-23T03:20:08.0444289Z"
}
