{
  "Live": 0.0000000001401831,
  "Minute": 0.0000000001401831,
  "Minute_Fluctuation": 0.083541308346891455,
  "Minute_5": 0.0000000001401831,
  "Minute_5_Fluctuation": 0.038864844265936595,
  "Minute_10": 0.0000000001401831,
  "Minute_10_Fluctuation": 0.032881563662821148,
  "Hour": 0.00000000014316930618739,
  "Hour_Fluctuation": 0.01161633254943471,
  "Day": 0.000000000144205203706492,
  "Day_Fluctuation": 0.015818962528086306,
  "Week": 0.000000000144070824774121,
  "Week_Fluctuation": 0.21323439278533746,
  "Updated": "2018-04-23T00:04:04.1752571Z"
}
