{
  "Live": 0.00000000000034296952082012,
  "Minute": 0.00000000000034296952082012,
  "Minute_Fluctuation": 0.20371859549046226,
  "Minute_5": 0.00000000000034296952082012,
  "Minute_5_Fluctuation": 0.20371859549046226,
  "Minute_10": 0.000000000000322193967127012,
  "Minute_10_Fluctuation": 0.1895395592776131,
  "Hour": 0.000000000000322861293978347,
  "Hour_Fluctuation": 0.0749523266787823,
  "Day": 0.000000000000340782920130922,
  "Day_Fluctuation": 0.01491753952789456,
  "Week": 0.00000000000034296952082012,
  "Week_Fluctuation": 0.23036634082617902,
  "Updated": "2018-04-22T08:33:07.4203117Z"
}
