{
  "Live": 0.000000000136046775,
  "Minute": 0.000000000136046775,
  "Minute_Fluctuation": 0.029506588169330078,
  "Minute_5": 0.000000000136046775,
  "Minute_5_Fluctuation": 0.029506588169330078,
  "Minute_10": 0.000000000136046775,
  "Minute_10_Fluctuation": 0.029506588169330078,
  "Hour": 0.000000000141875988901588,
  "Hour_Fluctuation": 0.01854050726778822,
  "Day": 0.000000000144143478009349,
  "Day_Fluctuation": 0.016127318852609873,
  "Week": 0.000000000144062152059522,
  "Week_Fluctuation": 0.21306411808442455,
  "Updated": "2018-04-23T00:14:57.8673374Z"
}
