{
  "Live": 0.0000000000002358,
  "Minute": 0.000000000000195009861134581,
  "Minute_Fluctuation": 0.10714105911123141,
  "Minute_5": 0.000000000000179912552341163,
  "Minute_5_Fluctuation": 0.021428211822246284,
  "Minute_10": 0.000000000000178026722468894,
  "Minute_10_Fluctuation": 0.011260171369481244,
  "Hour": 0.000000000000176449934388784,
  "Hour_Fluctuation": 0.021459873213361669,
  "Day": 0.000000000000176040601467388,
  "Day_Fluctuation": 0.020893828941837535,
  "Week": 0.000000000000176140097328918,
  "Week_Fluctuation": 0.20763242016823383,
  "Updated": "2018-04-23T03:20:06.7785226Z"
}
