{
  "Live": 0.0000000000417950542609274,
  "Minute": 0.0000000000420137435133507,
  "Minute_Fluctuation": 0.015792307283310492,
  "Minute_5": 0.0000000000419835315547879,
  "Minute_5_Fluctuation": 0.0099864963287593419,
  "Minute_10": 0.0000000000419053793584246,
  "Minute_10_Fluctuation": 0.0062671838086741432,
  "Hour": 0.0000000000418158765235761,
  "Hour_Fluctuation": 0.0017881200555159124,
  "Day": 0.0000000000417958209569383,
  "Day_Fluctuation": 0.00010227634938972505,
  "Week": 0.0000000000417950542609274,
  "Week_Fluctuation": 0.40022550336477158,
  "Updated": "2018-04-24T23:41:53.8013835Z"
}
