{
  "Live": 0.00000000000034296952082012,
  "Minute": 0.00000000000034296952082012,
  "Minute_Fluctuation": 0.0,
  "Minute_5": 0.00000000000034296952082012,
  "Minute_5_Fluctuation": 0.0,
  "Minute_10": 0.00000000000034296952082012,
  "Minute_10_Fluctuation": 0.0,
  "Hour": 0.00000000000034296952082012,
  "Hour_Fluctuation": 0.048192023672388132,
  "Day": 0.00000000000034100480064566,
  "Day_Fluctuation": 0.01404925269908951,
  "Week": 0.00000000000034296952082012,
  "Week_Fluctuation": 0.22700221689446168,
  "Updated": "2018-04-22T11:00:30.3467315Z"
}
