{
  "Live": 0.000000000000000786,
  "Minute": 0.0000000000000005829974738021,
  "Minute_Fluctuation": 0.17806582899228415,
  "Minute_5": 0.0000000000000005125009525259,
  "Minute_5_Fluctuation": 0.035613165798456831,
  "Minute_10": 0.00000000000000050369985577,
  "Minute_10_Fluctuation": 0.018338017242932041,
  "Hour": 0.0000000000000004959439751699,
  "Hour_Fluctuation": 0.035160828040014892,
  "Day": 0.0000000000000005040126188015,
  "Day_Fluctuation": 0.0616067372867755,
  "Week": 0.0000000000000004948855643349,
  "Week_Fluctuation": 0.21878270663613297,
  "Updated": "2018-04-23T03:20:05.6693842Z"
}
