{
  "Live": 0.0000000000000164667,
  "Minute": 0.0000000000000164667,
  "Minute_Fluctuation": 0.47432853219305854,
  "Minute_5": 0.0000000000000164667,
  "Minute_5_Fluctuation": 0.43505576315147587,
  "Minute_10": 0.0000000000000164667,
  "Minute_10_Fluctuation": 0.42979367118863082,
  "Hour": 0.0000000000000264126995959074,
  "Hour_Fluctuation": 0.084710762218202562,
  "Day": 0.0000000000000282784786794458,
  "Day_Fluctuation": 0.026163334100155526,
  "Week": 0.0000000000000285905108033654,
  "Week_Fluctuation": 0.21407741353337095,
  "Updated": "2018-04-23T00:04:01.6279185Z"
}
