{
  "Live": 0.000000316060425,
  "Minute": 0.000000281906246999851,
  "Minute_Fluctuation": 0.056227300654620581,
  "Minute_5": 0.000000269900628666257,
  "Minute_5_Fluctuation": 0.011245460130924116,
  "Minute_10": 0.000000268525893717784,
  "Minute_10_Fluctuation": 0.010091584899598369,
  "Hour": 0.000000269363422123264,
  "Hour_Fluctuation": 0.025768887552205282,
  "Day": 0.00000026999749560042,
  "Day_Fluctuation": 0.023354683930397687,
  "Week": 0.000000266900712874815,
  "Week_Fluctuation": 0.20725288107637638,
  "Updated": "2018-04-23T03:20:05.875284Z"
}
