{
  "Live": 0.000000000015277875,
  "Minute": 0.0000000000191631604793987,
  "Minute_Fluctuation": 0.14308114495526864,
  "Minute_5": 0.0000000000201233839479001,
  "Minute_5_Fluctuation": 0.11672109859696221,
  "Minute_10": 0.0000000000202434118814627,
  "Minute_10_Fluctuation": 0.03223459190364715,
  "Hour": 0.0000000000202581899079955,
  "Hour_Fluctuation": 0.17970557074796309,
  "Day": 0.0000000000203412746103121,
  "Day_Fluctuation": 0.47640546719127819,
  "Week": 0.0000000000203633207396945,
  "Week_Fluctuation": 0.49654798390874982,
  "Updated": "2018-04-28T01:21:35.6886318Z"
}
